/*--------------------------------*- C++ -*----------------------------------*\
| =========                 |                                                 |
| \\      /  F ield         | OpenFOAM: The Open Source CFD Toolbox           |
|  \\    /   O peration     | Version:  v1706                                 |
|   \\  /    A nd           | Web:      www.OpenFOAM.com                      |
|    \\/     M anipulation  |                                                 |
\*---------------------------------------------------------------------------*/
FoamFile
{
    version     2.0;
    format      ascii;
    class       volVectorField;
    location    "3.4e-05";
    object      wallShearStress;
}
// * * * * * * * * * * * * * * * * * * * * * * * * * * * * * * * * * * * * * //

dimensions      [1 -1 -2 0 0 0 0];


internalField   uniform (0 0 0);

boundaryField
{
    cone
    {
        type            calculated;
        value           nonuniform List<vector> 
153
(
(-71.4419 -61.2789 -9.16709e-14)
(-71.6499 -60.7473 -8.6946e-14)
(-71.8473 -60.2099 -8.49669e-14)
(-72.034 -59.6669 -8.58173e-14)
(-72.2098 -59.1181 -8.0791e-14)
(-72.3746 -58.5636 -7.76668e-14)
(-72.5283 -58.0038 -7.9991e-14)
(-72.671 -57.4387 -7.58315e-14)
(-72.8026 -56.8687 -7.38129e-14)
(-72.9232 -56.2939 -7.22524e-14)
(-73.0326 -55.7145 -7.2272e-14)
(-73.1309 -55.1307 -7.00199e-14)
(-73.2182 -54.5428 -7.05736e-14)
(-73.2942 -53.9509 -6.71695e-14)
(-73.3592 -53.3553 -6.35134e-14)
(-73.413 -52.7561 -6.31635e-14)
(-73.4555 -52.1535 -6.39539e-14)
(-73.4869 -51.5478 -5.88911e-14)
(-73.5069 -50.939 -5.85113e-14)
(-73.5157 -50.3274 -5.86724e-14)
(-73.5128 -49.713 -5.56836e-14)
(-73.4983 -49.0963 -5.51363e-14)
(-73.4719 -48.4772 -5.08103e-14)
(-73.4334 -47.8558 -4.97272e-14)
(-73.3827 -47.2323 -4.93899e-14)
(-73.3194 -46.6068 -4.68483e-14)
(-73.2431 -45.9794 -4.87906e-14)
(-73.1532 -45.3501 -4.86853e-14)
(-73.0494 -44.719 -4.54202e-14)
(-72.9307 -44.086 -4.47837e-14)
(-72.7965 -43.4512 -4.64089e-14)
(-72.6456 -42.8146 -4.3208e-14)
(-72.4769 -42.176 -4.43475e-14)
(-72.2888 -41.5354 -3.98667e-14)
(-72.0797 -40.8925 -3.91011e-14)
(-71.8473 -40.2473 -3.87829e-14)
(-71.5894 -39.5993 -3.78432e-14)
(-71.3028 -38.9482 -3.86236e-14)
(-70.9842 -38.2939 -3.91879e-14)
(-70.629 -37.6355 -3.68939e-14)
(-70.2325 -36.9726 -3.48686e-14)
(-69.7889 -36.3041 -3.55989e-14)
(-69.2911 -35.6313 -3.29266e-14)
(-68.7282 -34.9516 -3.24813e-14)
(-68.0896 -34.2644 -3.18094e-14)
(-67.357 -33.57 -3.08846e-14)
(-66.5143 -32.8719 -3.05795e-14)
(-65.4946 -32.228 -2.84493e-14)
(-64.3931 -31.462 -2.77153e-14)
(-63.3572 -30.7052 -2.63379e-14)
(-62.4001 -30.1206 -2.79428e-14)
(-61.526 -29.6228 -2.79931e-14)
(-60.717 -29.1762 -2.68109e-14)
(-59.9595 -28.7683 -2.62504e-14)
(-59.2446 -28.391 -2.56001e-14)
(-58.5655 -28.0387 -2.50057e-14)
(-57.9173 -27.7072 -2.56186e-14)
(-57.2959 -27.3932 -2.52186e-14)
(-56.6979 -27.0944 -2.39387e-14)
(-56.1206 -26.8087 -2.48555e-14)
(-55.5617 -26.5345 -2.30338e-14)
(-55.0192 -26.2706 -2.20035e-14)
(-54.4914 -26.0156 -2.29098e-14)
(-53.9767 -25.7689 -2.28812e-14)
(-53.4739 -25.5293 -2.26021e-14)
(-52.9818 -25.2964 -2.05085e-14)
(-52.4993 -25.0694 -2.01012e-14)
(-52.0258 -24.8474 -1.93676e-14)
(-51.5606 -24.63 -2.08875e-14)
(-51.1028 -24.4173 -2.03106e-14)
(-50.6515 -24.2088 -1.84785e-14)
(-50.206 -24.0038 -1.79826e-14)
(-49.7657 -23.8021 -1.66964e-14)
(-49.3299 -23.6043 -1.62865e-14)
(-48.8986 -23.4096 -1.8028e-14)
(-48.4726 -23.2156 -1.77638e-14)
(-48.0496 -23.022 -1.70385e-14)
(-47.6298 -22.8325 -1.6281e-14)
(-47.2131 -22.6452 -1.71004e-14)
(-46.7993 -22.4593 -1.75767e-14)
(-46.3879 -22.2748 -1.6456e-14)
(-45.9789 -22.0915 -1.60204e-14)
(-45.5719 -21.9095 -1.50009e-14)
(-45.1669 -21.7284 -1.42651e-14)
(-44.7636 -21.5484 -1.59279e-14)
(-44.3619 -21.3691 -1.46028e-14)
(-43.9616 -21.1906 -1.41886e-14)
(-43.5628 -21.0127 -1.47475e-14)
(-43.1651 -20.8355 -1.49299e-14)
(-42.7687 -20.6587 -1.41638e-14)
(-42.3734 -20.4824 -1.42582e-14)
(-41.9791 -20.3065 -1.26847e-14)
(-41.5859 -20.1309 -1.13255e-14)
(-41.1937 -19.9557 -1.25033e-14)
(-40.8024 -19.7807 -1.17031e-14)
(-40.4121 -19.606 -1.21981e-14)
(-40.0228 -19.4316 -1.36778e-14)
(-39.6344 -19.2574 -1.20921e-14)
(-39.2471 -19.0833 -1.10369e-14)
(-38.8607 -18.9095 -7.90926e-15)
(-38.4754 -18.7359 -1.06328e-14)
(-38.0912 -18.5625 -8.03313e-15)
(-37.7081 -18.3893 -9.59175e-15)
(-37.3262 -18.2164 -1.10479e-14)
(-36.9455 -18.0437 -8.21468e-15)
(-36.5661 -17.8712 -1.01866e-14)
(-36.188 -17.699 -1.08543e-14)
(-35.8113 -17.5272 -1.08899e-14)
(-35.436 -17.3556 -8.08467e-15)
(-35.0623 -17.1844 -8.5507e-15)
(-34.6901 -17.0136 -7.3467e-15)
(-34.3196 -16.8431 -1.00911e-14)
(-33.9508 -16.6731 -6.02789e-15)
(-33.5838 -16.5036 -6.30602e-15)
(-33.2187 -16.3346 -6.43113e-15)
(-32.8554 -16.1661 -6.42291e-15)
(-32.4942 -15.9982 -7.38267e-15)
(-32.135 -15.8309 -6.98425e-15)
(-31.7779 -15.6642 -5.75517e-15)
(-31.423 -15.4982 -6.32282e-15)
(-31.0704 -15.3329 -6.70346e-15)
(-30.72 -15.1684 -5.01402e-15)
(-30.3721 -15.0046 -7.09798e-15)
(-30.0266 -14.8417 -8.22986e-15)
(-29.6836 -14.6796 -6.18789e-15)
(-29.3432 -14.5184 -5.3878e-15)
(-29.0055 -14.3582 -6.82683e-15)
(-28.6704 -14.1989 -4.51402e-15)
(-28.338 -14.0407 -4.85198e-15)
(-28.0085 -13.8834 -5.32408e-15)
(-27.6819 -13.7273 -4.84793e-15)
(-27.3582 -13.5723 -4.01649e-15)
(-27.0374 -13.4184 -1.70413e-15)
(-26.7197 -13.2657 -2.53077e-15)
(-26.4051 -13.1142 -1.43873e-15)
(-26.0936 -12.964 1.60687e-16)
(-25.7852 -12.815 -2.29705e-15)
(-25.4801 -12.6673 -7.13232e-16)
(-25.1783 -12.521 -1.56058e-15)
(-24.8797 -12.3759 -3.4628e-15)
(-24.5845 -12.2323 -5.31563e-15)
(-24.2926 -12.09 -4.91014e-15)
(-24.0042 -11.949 -2.81952e-15)
(-23.7192 -11.8095 -7.42284e-16)
(-23.4376 -11.6714 -1.43795e-15)
(-23.1594 -11.5348 -3.61784e-15)
(-22.8848 -11.3995 -2.03337e-15)
(-22.6136 -11.2657 -1.25273e-15)
(-22.3459 -11.1334 -2.50999e-15)
(-22.0817 -11.0026 -3.53703e-15)
(-21.821 -10.8732 -2.10655e-15)
(-21.5641 -10.7452 -2.97024e-15)
(-21.3107 -10.619 1.91058e-16)
)
;
    }
    inlet
    {
        type            calculated;
        value           uniform (0 0 0);
    }
    rWedge
    {
        type            wedge;
    }
    lWedge
    {
        type            wedge;
    }
    outlet
    {
        type            calculated;
        value           nonuniform 0();
    }
    procBoundary2to0
    {
        type            processor;
        value           uniform (0 0 0);
    }
    procBoundary2to1
    {
        type            processor;
        value           uniform (0 0 0);
    }
    procBoundary2to3
    {
        type            processor;
        value           uniform (0 0 0);
    }
}


// ************************************************************************* //
