/*--------------------------------*- C++ -*----------------------------------*\
| =========                 |                                                 |
| \\      /  F ield         | OpenFOAM: The Open Source CFD Toolbox           |
|  \\    /   O peration     | Version:  v1706                                 |
|   \\  /    A nd           | Web:      www.OpenFOAM.com                      |
|    \\/     M anipulation  |                                                 |
\*---------------------------------------------------------------------------*/
FoamFile
{
    version     2.0;
    format      ascii;
    class       volVectorField;
    location    "4e-05";
    object      wallShearStress;
}
// * * * * * * * * * * * * * * * * * * * * * * * * * * * * * * * * * * * * * //

dimensions      [1 -1 -2 0 0 0 0];


internalField   uniform (0 0 0);

boundaryField
{
    cone
    {
        type            calculated;
        value           nonuniform List<vector> 
153
(
(-21.9824 -18.7612 -5.33321e-14)
(-22.0439 -18.6082 -5.15309e-14)
(-22.1008 -18.4528 -5.06739e-14)
(-22.1529 -18.2947 -5.02941e-14)
(-22.2002 -18.134 -4.84462e-14)
(-22.2425 -17.9708 -4.71033e-14)
(-22.2796 -17.8051 -4.74055e-14)
(-22.3115 -17.6369 -4.5241e-14)
(-22.338 -17.4663 -4.42365e-14)
(-22.359 -17.2933 -4.29562e-14)
(-22.3742 -17.1179 -4.25516e-14)
(-22.3836 -16.9402 -4.22609e-14)
(-22.3869 -16.7602 -4.18877e-14)
(-22.384 -16.5778 -4.0516e-14)
(-22.3747 -16.3932 -3.94345e-14)
(-22.3588 -16.2064 -3.82557e-14)
(-22.336 -16.0173 -3.8073e-14)
(-22.3063 -15.8261 -3.64757e-14)
(-22.2692 -15.6327 -3.56924e-14)
(-22.2246 -15.4371 -3.55881e-14)
(-22.1723 -15.2393 -3.4442e-14)
(-22.1119 -15.0395 -3.3613e-14)
(-22.0433 -14.8376 -3.21646e-14)
(-21.9661 -14.6335 -3.0906e-14)
(-21.8801 -14.4274 -3.03374e-14)
(-21.7849 -14.2191 -2.94397e-14)
(-21.6802 -14.0088 -2.97014e-14)
(-21.5658 -13.7965 -2.95772e-14)
(-21.4414 -13.582 -2.81693e-14)
(-21.3066 -13.3654 -2.74864e-14)
(-21.1611 -13.1468 -2.77987e-14)
(-21.0047 -12.9262 -2.62898e-14)
(-20.8369 -12.7034 -2.63251e-14)
(-20.6576 -12.4786 -2.47747e-14)
(-20.4663 -12.2517 -2.43772e-14)
(-20.2629 -12.0226 -2.39949e-14)
(-20.0471 -11.7915 -2.32705e-14)
(-19.8185 -11.5582 -2.33016e-14)
(-19.577 -11.3228 -2.30273e-14)
(-19.3224 -11.0853 -2.1847e-14)
(-19.0543 -10.8457 -2.107e-14)
(-18.7725 -10.604 -2.09099e-14)
(-18.4766 -10.3605 -1.94937e-14)
(-18.1662 -10.1152 -1.90646e-14)
(-17.8407 -9.86835 -1.87386e-14)
(-17.4979 -9.62119 -1.82523e-14)
(-17.1299 -9.38233 -1.77206e-14)
(-16.732 -9.1768 -1.69544e-14)
(-16.353 -8.89748 -1.64913e-14)
(-16.0002 -8.587 -1.57904e-14)
(-15.6399 -8.3398 -1.62138e-14)
(-15.3 -8.12334 -1.61736e-14)
(-14.9796 -7.9264 -1.55009e-14)
(-14.6759 -7.74483 -1.49297e-14)
(-14.3865 -7.57564 -1.45316e-14)
(-14.1098 -7.41665 -1.40014e-14)
(-13.8445 -7.26626 -1.41194e-14)
(-13.5897 -7.12331 -1.36181e-14)
(-13.3443 -6.98693 -1.32321e-14)
(-13.1077 -6.8564 -1.33367e-14)
(-12.8791 -6.73115 -1.21831e-14)
(-12.6581 -6.6107 -1.1702e-14)
(-12.4441 -6.49465 -1.16356e-14)
(-12.2367 -6.38265 -1.15509e-14)
(-12.0355 -6.2744 -1.14705e-14)
(-11.8401 -6.16964 -1.02707e-14)
(-11.6503 -6.06814 -9.89455e-15)
(-11.4657 -5.96969 -9.36743e-15)
(-11.286 -5.87411 -9.88531e-15)
(-11.1111 -5.78124 -9.34706e-15)
(-10.9407 -5.69092 -8.25382e-15)
(-10.7747 -5.60301 -7.93685e-15)
(-10.6127 -5.51741 -7.39272e-15)
(-10.4547 -5.43399 -7.1213e-15)
(-10.3005 -5.35265 -7.41751e-15)
(-10.15 -5.27328 -7.38628e-15)
(-10.0029 -5.19582 -7.02117e-15)
(-9.85923 -5.12017 -6.67345e-15)
(-9.71879 -5.04625 -6.94918e-15)
(-9.58148 -4.97401 -6.90118e-15)
(-9.4472 -4.90336 -6.12757e-15)
(-9.31584 -4.83425 -5.74935e-15)
(-9.1873 -4.76662 -5.24441e-15)
(-9.06151 -4.70041 -4.9043e-15)
(-8.93837 -4.63559 -5.37822e-15)
(-8.8178 -4.5721 -4.84621e-15)
(-8.69973 -4.50989 -4.50433e-15)
(-8.58408 -4.44892 -4.69023e-15)
(-8.47079 -4.38916 -4.65527e-15)
(-8.35979 -4.33057 -4.11124e-15)
(-8.25103 -4.27311 -4.00889e-15)
(-8.14443 -4.21675 -3.03091e-15)
(-8.03996 -4.16147 -2.37699e-15)
(-7.93755 -4.10723 -2.88748e-15)
(-7.83715 -4.05401 -2.48932e-15)
(-7.73872 -4.00177 -2.83724e-15)
(-7.64221 -3.95051 -3.36568e-15)
(-7.54758 -3.9002 -2.59707e-15)
(-7.45479 -3.85082 -2.1714e-15)
(-7.36379 -3.80234 -8.39029e-16)
(-7.27455 -3.75476 -1.90768e-15)
(-7.18704 -3.70805 -8.81467e-16)
(-7.10122 -3.66221 -1.50628e-15)
(-7.01705 -3.61721 -1.94878e-15)
(-6.93452 -3.57305 -9.03803e-16)
(-6.8536 -3.5297 -1.49245e-15)
(-6.77425 -3.48717 -2.17566e-15)
(-6.69646 -3.44542 -2.38841e-15)
(-6.62019 -3.40447 -1.15265e-15)
(-6.54545 -3.36428 -1.39992e-15)
(-6.4722 -3.32486 -1.05847e-15)
(-6.40042 -3.28619 -2.21513e-15)
(-6.33011 -3.24825 -5.32174e-16)
(-6.26126 -3.21103 -6.0619e-16)
(-6.19384 -3.17453 -8.16831e-16)
(-6.12784 -3.13872 -9.48262e-16)
(-6.06326 -3.10359 -1.38684e-15)
(-6.00008 -3.06913 -1.49416e-15)
(-5.93828 -3.03532 -1.1409e-15)
(-5.87787 -3.00215 -1.62664e-15)
(-5.81881 -2.96958 -1.69974e-15)
(-5.76109 -2.93762 -1.05049e-15)
(-5.70469 -2.90624 -2.09693e-15)
(-5.64959 -2.87542 -2.62345e-15)
(-5.59576 -2.84515 -1.87367e-15)
(-5.54316 -2.8154 -1.6312e-15)
(-5.49177 -2.78617 -2.44525e-15)
(-5.44155 -2.75745 -1.83573e-15)
(-5.39245 -2.72921 -2.01771e-15)
(-5.34442 -2.70146 -2.3961e-15)
(-5.29741 -2.67419 -2.18525e-15)
(-5.25139 -2.64739 -1.93624e-15)
(-5.20628 -2.62108 -1.13221e-15)
(-5.16206 -2.59525 -1.54896e-15)
(-5.11866 -2.56992 -1.04239e-15)
(-5.07604 -2.54509 -4.0421e-16)
(-5.03418 -2.52081 -1.56902e-15)
(-4.99305 -2.49707 -1.11308e-15)
(-4.95263 -2.47391 -1.5176e-15)
(-4.91292 -2.45136 -2.55046e-15)
(-4.87395 -2.42943 -3.402e-15)
(-4.83575 -2.40817 -3.22719e-15)
(-4.79838 -2.38758 -2.48732e-15)
(-4.7619 -2.3677 -1.6699e-15)
(-4.72642 -2.34853 -1.81427e-15)
(-4.69204 -2.33008 -2.72336e-15)
(-4.65888 -2.31235 -2.20969e-15)
(-4.62709 -2.29533 -1.93071e-15)
(-4.5968 -2.27899 -2.49478e-15)
(-4.56817 -2.2633 -3.19375e-15)
(-4.54133 -2.2482 -2.81713e-15)
(-4.51643 -2.23363 -3.05447e-15)
(-4.49356 -2.21954 -1.83717e-15)
)
;
    }
    inlet
    {
        type            calculated;
        value           uniform (0 0 0);
    }
    rWedge
    {
        type            wedge;
    }
    lWedge
    {
        type            wedge;
    }
    outlet
    {
        type            calculated;
        value           nonuniform 0();
    }
    procBoundary2to0
    {
        type            processor;
        value           uniform (0 0 0);
    }
    procBoundary2to1
    {
        type            processor;
        value           uniform (0 0 0);
    }
    procBoundary2to3
    {
        type            processor;
        value           uniform (0 0 0);
    }
}


// ************************************************************************* //
