/*--------------------------------*- C++ -*----------------------------------*\
| =========                 |                                                 |
| \\      /  F ield         | OpenFOAM: The Open Source CFD Toolbox           |
|  \\    /   O peration     | Version:  v1706                                 |
|   \\  /    A nd           | Web:      www.OpenFOAM.com                      |
|    \\/     M anipulation  |                                                 |
\*---------------------------------------------------------------------------*/
FoamFile
{
    version     2.0;
    format      ascii;
    class       volVectorField;
    location    "1.8e-05";
    object      wallShearStress;
}
// * * * * * * * * * * * * * * * * * * * * * * * * * * * * * * * * * * * * * //

dimensions      [1 -1 -2 0 0 0 0];


internalField   uniform (0 0 0);

boundaryField
{
    cone
    {
        type            calculated;
        value           nonuniform List<vector> 
181
(
(-45.6228 -22.1863 -1.97016e-15)
(-45.2086 -21.9733 -6.17766e-16)
(-44.8024 -21.7651 8.23549e-16)
(-44.4044 -21.5618 -3.14305e-15)
(-44.0151 -21.3635 -1.70507e-15)
(-43.6349 -21.17 -2.62288e-15)
(-43.2645 -20.9809 -4.05513e-15)
(-42.9043 -20.7957 -7.26264e-15)
(-42.5549 -20.6134 -8.28832e-15)
(-42.2161 -20.433 -6.05803e-15)
(-41.8874 -20.2533 -8.1638e-15)
(-41.5677 -20.0732 -7.61686e-15)
(-41.2548 -19.8919 -1.12103e-14)
(-40.946 -19.7091 -1.15606e-14)
(-40.638 -19.525 -1.19071e-14)
(-40.3274 -19.3411 -1.14287e-14)
(-40.0109 -19.1594 -1.353e-14)
(-39.686 -18.9829 -1.42499e-14)
(-39.3517 -18.8153 -1.64237e-14)
(-39.0085 -18.6602 -9.92503e-15)
(-38.6592 -18.5214 -9.67639e-15)
(-38.3082 -18.4018 -1.0586e-14)
(-37.962 -18.3036 -1.20565e-14)
(-37.6285 -18.2277 -1.12507e-14)
(-37.3169 -18.1727 -1.32758e-14)
(-37.0365 -18.1352 -1.28984e-14)
(-36.7966 -18.1091 -1.51329e-14)
(-36.6044 -18.0861 -1.60843e-14)
(-36.4637 -18.0561 -1.91895e-14)
(-36.3724 -18.0114 -2.20351e-14)
(-36.3233 -17.9476 -2.00788e-14)
(-36.3106 -17.8569 -1.62613e-14)
(-36.3268 -17.7311 -1.95067e-14)
(-36.3613 -17.5646 -2.28382e-14)
(-36.3999 -17.3534 -1.35419e-14)
(-36.4147 -17.1161 -1.77442e-14)
(-36.3929 -16.8406 -1.14852e-14)
(-36.3651 -16.5245 -1.74054e-14)
(-36.2746 -16.1809 -2.0086e-14)
(-36.1224 -15.8184 -2.52593e-14)
(-35.9052 -15.445 -1.81087e-14)
(-35.6194 -15.0686 -1.78575e-14)
(-35.2632 -14.6975 -1.68992e-14)
(-34.8364 -14.3401 -2.52924e-14)
(-34.3396 -14.0046 -2.71996e-14)
(-33.7744 -13.6997 -2.17004e-14)
(-33.143 -13.4342 -2.35092e-14)
(-32.4492 -13.2168 -1.69632e-14)
(-31.6989 -13.055 -2.31368e-14)
(-30.9011 -12.9541 -1.92718e-14)
(-30.067 -12.9171 -1.63788e-14)
(-29.2084 -12.9465 -1.72374e-14)
(-28.3365 -13.0472 -2.08749e-14)
(-27.4587 -13.2332 -2.13501e-14)
(-26.6155 -13.5028 -2.55698e-14)
(-25.7807 -13.8341 -2.70289e-14)
(-25.0152 -14.2593 -2.03499e-14)
(-24.3322 -14.764 -1.98523e-14)
(-23.7528 -15.3406 -1.91743e-14)
(-23.3025 -15.9886 -2.04682e-14)
(-23.0089 -16.687 -2.18735e-14)
(-22.9024 -17.4264 -2.17422e-14)
(-23.01 -18.1892 -2.20836e-14)
(-23.3545 -18.9529 -2.02479e-14)
(-23.9536 -19.6954 -2.58074e-14)
(-24.8195 -20.3928 -2.30419e-14)
(-25.9564 -21.0191 -2.24952e-14)
(-27.3589 -21.5469 -3.16226e-14)
(-29.0097 -21.9482 -2.31735e-14)
(-30.8777 -22.1955 -2.46093e-14)
(-32.9174 -22.2628 -3.21005e-14)
(-35.0692 -22.1282 -2.91176e-14)
(-37.2619 -21.7756 -3.0209e-14)
(-39.4183 -21.1933 -2.77391e-14)
(-41.4796 -20.3506 -2.76331e-14)
(-43.2891 -19.2192 -2.48761e-14)
(-44.9341 -17.9025 -2.68159e-14)
(-46.2411 -16.289 -2.64368e-14)
(-47.1865 -14.3879 -2.07491e-14)
(-47.7442 -12.2416 -3.13244e-14)
(-47.8712 -9.85206 -3.4121e-14)
(-47.5418 -7.27308 -2.70926e-14)
(-46.7292 -4.58056 -2.87461e-14)
(-45.4202 -1.8837 -2.83955e-14)
(-43.618 0.683079 -2.5532e-14)
(-41.3499 2.97503 -2.21707e-14)
(-38.6723 4.85809 -1.97927e-14)
(-35.6692 6.23153 -2.18568e-14)
(-32.4462 7.04527 -2.12587e-14)
(-29.1184 7.30523 -1.77184e-14)
(-25.7974 7.06594 -2.03158e-14)
(-22.5798 6.41458 -1.92485e-14)
(-19.5398 5.45212 -2.0962e-14)
(-16.7274 4.27741 -1.868e-14)
(-14.1698 2.97616 -1.88025e-14)
(-11.8749 1.61492 -1.84131e-14)
(-9.83492 0.238724 -1.71399e-14)
(-8.03014 -1.1297 -1.84839e-14)
(-6.46373 -2.48563 -1.53341e-14)
(-5.09048 -3.77311 -1.39639e-14)
(-3.89663 -4.99926 -1.64489e-14)
(-2.89501 -6.1897 -1.72673e-14)
(-2.0511 -7.32583 -1.55694e-14)
(-1.35565 -8.41283 -1.74898e-14)
(-0.800234 -9.45634 -1.44948e-14)
(-0.378834 -10.456 -1.7966e-14)
(-0.0878032 -11.4163 -1.32736e-14)
(0.0745734 -12.3405 -1.47787e-14)
(0.108974 -13.2277 -1.4359e-14)
(0.0138391 -14.077 -1.65591e-14)
(-0.21329 -14.8863 -1.56648e-14)
(-0.575592 -15.6524 -1.74971e-14)
(-1.07646 -16.3703 -1.55985e-14)
(-1.719 -17.034 -1.20653e-14)
(-2.50519 -17.6361 -1.25335e-14)
(-3.43508 -18.1687 -1.13213e-14)
(-4.50584 -18.6236 -1.81767e-14)
(-5.71076 -18.9934 -9.03932e-15)
(-7.03855 -19.2723 -2.27136e-14)
(-8.47284 -19.4569 -2.14754e-14)
(-9.99237 -19.5473 -2.15805e-14)
(-11.5716 -19.5475 -2.53381e-14)
(-13.1824 -19.4648 -2.12924e-14)
(-14.7955 -19.31 -2.48787e-14)
(-16.3833 -19.0957 -2.11771e-14)
(-17.9215 -18.8351 -3.30875e-14)
(-19.3908 -18.5404 -1.77375e-14)
(-20.7779 -18.2211 -3.20704e-14)
(-22.0758 -17.883 -2.01718e-14)
(-23.2831 -17.5273 -3.81506e-14)
(-24.4023 -17.1505 -3.75952e-14)
(-25.4385 -16.7459 -2.77122e-14)
(-26.397 -16.3046 -2.04055e-14)
(-27.2831 -15.8159 -3.00533e-14)
(-28.103 -15.2633 -2.70156e-14)
(-28.8549 -14.6185 -2.86265e-14)
(-29.5231 -13.9027 -3.29615e-14)
(-30.138 -13.1151 -3.38769e-14)
(-30.656 -12.206 -3.76006e-14)
(-31.0847 -11.1976 -2.61274e-14)
(-31.414 -10.0853 -1.85303e-14)
(-31.6322 -8.86994 -3.20058e-14)
(-31.7285 -7.55886 -3.4547e-14)
(-31.6892 -6.16467 -3.38272e-14)
(-31.5045 -4.70965 -2.54927e-14)
(-31.1613 -3.22122 -2.39511e-14)
(-30.6515 -1.73623 -2.26932e-14)
(-29.9695 -0.297128 -2.36583e-14)
(-29.1154 1.05058 -3.24934e-14)
(-28.0962 2.26243 -2.71867e-14)
(-26.9267 3.29997 -2.36044e-14)
(-25.6292 4.13548 -1.90187e-14)
(-24.2331 4.75532 -1.50909e-14)
(-22.7722 5.16101 -2.10479e-14)
(-21.2819 5.36771 -1.80692e-14)
(-19.796 5.40094 -1.58442e-14)
(-18.3444 5.29212 -1.81164e-14)
(-16.9511 5.07427 -2.17473e-14)
(-15.6338 4.77884 -2.26823e-14)
(-14.404 4.43339 -1.90719e-14)
(-13.2679 4.06065 -1.78579e-14)
(-12.2275 3.67847 -1.47566e-14)
(-11.2815 3.30018 -1.94204e-14)
(-10.4266 2.93532 -2.02335e-14)
(-9.65816 2.59032 -7.5831e-15)
(-8.97055 2.26922 -4.59568e-15)
(-8.35795 1.97416 -1.50516e-14)
(-7.8144 1.70588 -1.10594e-14)
(-7.33403 1.46404 -1.71664e-14)
(-6.91115 1.2475 -1.69991e-14)
(-6.54033 1.0545 -3.12334e-14)
(-6.21643 0.882913 -1.01438e-13)
(-5.93471 0.730448 -3.2317e-13)
(-5.69087 0.594906 -9.26552e-13)
(-5.48084 0.473911 -2.37432e-12)
(-5.29964 0.362975 -5.41787e-12)
(-5.14754 0.261386 -1.10153e-11)
(-5.01606 0.171919 -1.99662e-11)
(-4.90494 0.0861695 -3.25816e-11)
(-4.81132 0.00188604 -4.81303e-11)
(-4.7321 -0.0803869 -6.48482e-11)
)
;
    }
    inlet
    {
        type            calculated;
        value           uniform (0 0 0);
    }
    rWedge
    {
        type            wedge;
    }
    lWedge
    {
        type            wedge;
    }
    outlet
    {
        type            calculated;
        value           nonuniform 0();
    }
    procBoundary1to0
    {
        type            processor;
        value           uniform (0 0 0);
    }
    procBoundary1to2
    {
        type            processor;
        value           uniform (0 0 0);
    }
}


// ************************************************************************* //
