/*--------------------------------*- C++ -*----------------------------------*\
| =========                 |                                                 |
| \\      /  F ield         | OpenFOAM: The Open Source CFD Toolbox           |
|  \\    /   O peration     | Version:  v1706                                 |
|   \\  /    A nd           | Web:      www.OpenFOAM.com                      |
|    \\/     M anipulation  |                                                 |
\*---------------------------------------------------------------------------*/
FoamFile
{
    version     2.0;
    format      ascii;
    class       volVectorField;
    location    "3.7e-05";
    object      wallShearStress;
}
// * * * * * * * * * * * * * * * * * * * * * * * * * * * * * * * * * * * * * //

dimensions      [1 -1 -2 0 0 0 0];


internalField   uniform (0 0 0);

boundaryField
{
    cone
    {
        type            calculated;
        value           nonuniform List<vector> 
147
(
(-0.523024 -0.538052 -1.52391e-13)
(-0.534095 -0.849894 -1.83353e-13)
(-0.545612 -1.18112 -3.67088e-13)
(-0.562573 -1.51067 -4.62607e-13)
(-0.583119 -1.84304 -5.77227e-13)
(-0.607464 -2.1756 -6.60579e-13)
(-0.635561 -2.50842 -7.57463e-13)
(-0.667386 -2.84107 -8.38925e-13)
(-0.703112 -3.17353 -9.28408e-13)
(-0.742313 -3.50757 -9.81681e-13)
(-0.783823 -3.84318 -1.0524e-12)
(-0.82985 -4.17757 -1.11199e-12)
(-0.880588 -4.50961 -1.16083e-12)
(-0.935519 -4.83956 -1.19022e-12)
(-0.994319 -5.16783 -1.22577e-12)
(-1.05689 -5.49461 -1.2542e-12)
(-1.12323 -5.81995 -1.27956e-12)
(-1.19331 -6.14379 -1.29911e-12)
(-1.26711 -6.46608 -1.31432e-12)
(-1.3446 -6.78676 -1.33002e-12)
(-1.42577 -7.10576 -1.3319e-12)
(-1.51057 -7.42301 -1.32797e-12)
(-1.59897 -7.73843 -1.32069e-12)
(-1.69095 -8.05194 -1.31593e-12)
(-1.78646 -8.36348 -1.29917e-12)
(-1.88548 -8.67296 -1.286e-12)
(-1.98796 -8.9803 -1.26843e-12)
(-2.09386 -9.28545 -1.25966e-12)
(-2.20315 -9.5883 -1.23801e-12)
(-2.31578 -9.8888 -1.21614e-12)
(-2.43171 -10.1869 -1.19664e-12)
(-2.5509 -10.4824 -1.17186e-12)
(-2.6733 -10.7754 -1.14546e-12)
(-2.79887 -11.0657 -1.121e-12)
(-2.92755 -11.3533 -1.09604e-12)
(-3.05931 -11.6381 -1.07362e-12)
(-3.19408 -11.9201 -1.04889e-12)
(-3.33183 -12.1991 -1.02124e-12)
(-3.47249 -12.4751 -9.9243e-13)
(-3.61602 -12.7481 -9.6415e-13)
(-3.76236 -13.0179 -9.3932e-13)
(-3.91146 -13.2846 -9.21738e-13)
(-4.06326 -13.548 -8.97329e-13)
(-4.21771 -13.8081 -8.6755e-13)
(-4.37474 -14.0648 -8.42885e-13)
(-4.5343 -14.3181 -8.19486e-13)
(-4.69633 -14.568 -7.99029e-13)
(-4.86077 -14.8142 -7.74182e-13)
(-5.02757 -15.0569 -7.50174e-13)
(-5.19665 -15.296 -7.24341e-13)
(-5.36795 -15.5314 -7.0495e-13)
(-5.54141 -15.763 -6.83412e-13)
(-5.71697 -15.9908 -6.64518e-13)
(-5.89456 -16.2148 -6.43393e-13)
(-6.07412 -16.4349 -6.24381e-13)
(-6.25558 -16.6511 -6.07137e-13)
(-6.43888 -16.8632 -5.89783e-13)
(-6.62393 -17.0714 -5.69018e-13)
(-6.81069 -17.2755 -5.54283e-13)
(-6.99908 -17.4756 -5.35031e-13)
(-7.18902 -17.6714 -5.18471e-13)
(-7.38046 -17.8632 -5.05885e-13)
(-7.57331 -18.0507 -4.94854e-13)
(-7.76752 -18.2339 -4.81475e-13)
(-7.963 -18.4129 -4.64074e-13)
(-8.15969 -18.5876 -4.48188e-13)
(-8.35751 -18.758 -4.34942e-13)
(-8.55639 -18.924 -4.19719e-13)
(-8.75627 -19.0856 -4.08078e-13)
(-8.95706 -19.2428 -3.93137e-13)
(-9.15869 -19.3956 -3.87985e-13)
(-9.36109 -19.5439 -3.78651e-13)
(-9.56418 -19.6877 -3.69347e-13)
(-9.7679 -19.8271 -3.51796e-13)
(-9.97216 -19.9619 -3.43275e-13)
(-10.1769 -20.0922 -3.31177e-13)
(-10.382 -20.2179 -3.20331e-13)
(-10.5875 -20.3391 -3.10475e-13)
(-10.7932 -20.4558 -3.0284e-13)
(-10.999 -20.5678 -2.92285e-13)
(-11.205 -20.6753 -2.85004e-13)
(-11.411 -20.7782 -2.78318e-13)
(-11.6169 -20.8765 -2.69689e-13)
(-11.8228 -20.9701 -2.63866e-13)
(-12.0284 -21.0592 -2.53715e-13)
(-12.2337 -21.1437 -2.4774e-13)
(-12.4387 -21.2236 -2.40552e-13)
(-12.6433 -21.2989 -2.35866e-13)
(-12.8474 -21.3696 -2.29236e-13)
(-13.0509 -21.4357 -2.24453e-13)
(-13.2537 -21.4973 -2.17188e-13)
(-13.4559 -21.5542 -2.1105e-13)
(-13.6572 -21.6066 -2.04087e-13)
(-13.8577 -21.6545 -1.97674e-13)
(-14.0573 -21.6978 -1.91618e-13)
(-14.2559 -21.7366 -1.88597e-13)
(-14.4534 -21.7709 -1.83062e-13)
(-14.6497 -21.8007 -1.80188e-13)
(-14.8448 -21.8261 -1.74935e-13)
(-15.0387 -21.8469 -1.69393e-13)
(-15.2312 -21.8634 -1.65911e-13)
(-15.4222 -21.8754 -1.60478e-13)
(-15.6118 -21.8831 -1.58842e-13)
(-15.7998 -21.8863 -1.52179e-13)
(-15.9861 -21.8853 -1.48185e-13)
(-16.1708 -21.8799 -1.46611e-13)
(-16.3537 -21.8702 -1.43132e-13)
(-16.5347 -21.8562 -1.38293e-13)
(-16.7138 -21.838 -1.37772e-13)
(-16.891 -21.8156 -1.33917e-13)
(-17.0661 -21.789 -1.29147e-13)
(-17.2391 -21.7582 -1.26469e-13)
(-17.4099 -21.7233 -1.25497e-13)
(-17.5785 -21.6844 -1.20904e-13)
(-17.7448 -21.6413 -1.18797e-13)
(-17.9087 -21.5943 -1.14588e-13)
(-18.0701 -21.5433 -1.12513e-13)
(-18.2291 -21.4883 -1.07261e-13)
(-18.3855 -21.4294 -1.03117e-13)
(-18.5392 -21.3666 -1.01768e-13)
(-18.6903 -21.2999 -9.94981e-14)
(-18.8385 -21.2295 -9.74323e-14)
(-18.984 -21.1553 -9.61194e-14)
(-19.1265 -21.0774 -9.32837e-14)
(-19.2661 -20.9957 -8.95631e-14)
(-19.4027 -20.9105 -8.86263e-14)
(-19.5361 -20.8216 -8.58338e-14)
(-19.6664 -20.7292 -8.25144e-14)
(-19.7934 -20.6333 -8.03259e-14)
(-19.9172 -20.5338 -7.74473e-14)
(-20.0376 -20.4309 -7.69168e-14)
(-20.1545 -20.3247 -7.35957e-14)
(-20.2679 -20.2151 -7.24774e-14)
(-20.3778 -20.1021 -6.93173e-14)
(-20.484 -19.9859 -6.76404e-14)
(-20.5864 -19.8665 -6.58415e-14)
(-20.6851 -19.7439 -6.49535e-14)
(-20.7799 -19.6182 -6.36421e-14)
(-20.8707 -19.4893 -6.19684e-14)
(-20.9576 -19.3574 -6.09151e-14)
(-21.0404 -19.2225 -5.99421e-14)
(-21.1189 -19.0847 -5.88102e-14)
(-21.1932 -18.9441 -5.74548e-14)
(-21.263 -18.8006 -5.5982e-14)
(-21.328 -18.6543 -5.40232e-14)
(-21.3886 -18.505 -5.30101e-14)
(-0.557744 -0.238101 -3.80277e-14)
)
;
    }
    inlet
    {
        type            calculated;
        value           uniform (0 0 0);
    }
    rWedge
    {
        type            wedge;
    }
    lWedge
    {
        type            wedge;
    }
    outlet
    {
        type            calculated;
        value           nonuniform 0();
    }
    procBoundary3to2
    {
        type            processor;
        value           uniform (0 0 0);
    }
}


// ************************************************************************* //
