/*--------------------------------*- C++ -*----------------------------------*\
| =========                 |                                                 |
| \\      /  F ield         | OpenFOAM: The Open Source CFD Toolbox           |
|  \\    /   O peration     | Version:  v1706                                 |
|   \\  /    A nd           | Web:      www.OpenFOAM.com                      |
|    \\/     M anipulation  |                                                 |
\*---------------------------------------------------------------------------*/
FoamFile
{
    version     2.0;
    format      ascii;
    class       volVectorField;
    location    "3.6e-05";
    object      wallShearStress;
}
// * * * * * * * * * * * * * * * * * * * * * * * * * * * * * * * * * * * * * //

dimensions      [1 -1 -2 0 0 0 0];


internalField   uniform (0 0 0);

boundaryField
{
    cone
    {
        type            calculated;
        value           nonuniform List<vector> 
181
(
(-4.16481 -2.20913 -2.63884e-15)
(-4.1333 -2.22502 -2.57028e-15)
(-4.10785 -2.24345 -2.45405e-15)
(-4.08897 -2.26418 -2.95556e-15)
(-4.07736 -2.28758 -2.95535e-15)
(-4.07441 -2.31134 -3.16483e-15)
(-4.08099 -2.33641 -3.52327e-15)
(-4.09778 -2.36183 -3.93531e-15)
(-4.12486 -2.387 -3.8863e-15)
(-4.16212 -2.41139 -3.34251e-15)
(-4.20929 -2.43447 -3.82691e-15)
(-4.26588 -2.45572 -3.71193e-15)
(-4.33121 -2.47467 -4.0832e-15)
(-4.40436 -2.49087 -3.69551e-15)
(-4.48422 -2.50394 -3.56771e-15)
(-4.56951 -2.51358 -3.45108e-15)
(-4.6588 -2.51956 -3.86586e-15)
(-4.75059 -2.52174 -3.77504e-15)
(-4.84329 -2.52009 -3.95164e-15)
(-4.93533 -2.51468 -2.38906e-15)
(-5.02527 -2.50563 -2.16909e-15)
(-5.11172 -2.493 -2.57017e-15)
(-5.19299 -2.47693 -3.11836e-15)
(-5.26928 -2.45946 -3.01832e-15)
(-5.34001 -2.44209 -3.3762e-15)
(-5.40365 -2.42162 -3.08375e-15)
(-5.46172 -2.40043 -3.50304e-15)
(-5.51513 -2.37947 -3.66561e-15)
(-5.56516 -2.35919 -4.17295e-15)
(-5.61355 -2.34005 -4.53083e-15)
(-5.66241 -2.3225 -4.03416e-15)
(-5.71401 -2.30689 -3.15248e-15)
(-5.77075 -2.2935 -3.73416e-15)
(-5.83511 -2.28246 -4.35778e-15)
(-5.90965 -2.2738 -2.51444e-15)
(-5.99693 -2.26737 -2.91882e-15)
(-6.0995 -2.26279 -1.76297e-15)
(-6.21978 -2.25941 -2.98281e-15)
(-6.36002 -2.2562 -3.34757e-15)
(-6.52217 -2.25171 -4.19024e-15)
(-6.70772 -2.24398 -2.88795e-15)
(-6.91753 -2.23045 -2.66176e-15)
(-7.15153 -2.20795 -2.4782e-15)
(-7.40831 -2.17271 -4.23354e-15)
(-7.68468 -2.12043 -4.6759e-15)
(-7.97505 -2.04651 -3.56712e-15)
(-8.27089 -1.94642 -3.78421e-15)
(-8.5602 -1.81633 -2.53068e-15)
(-8.82703 -1.65396 -3.17954e-15)
(-9.05191 -1.45832 -2.22476e-15)
(-9.22199 -1.21916 -1.51317e-15)
(-9.31198 -0.955048 -1.70704e-15)
(-9.30398 -0.670446 -2.51535e-15)
(-9.17127 -0.372302 -2.78272e-15)
(-8.90493 -0.0726839 -3.26306e-15)
(-8.50785 0.211438 -3.14527e-15)
(-7.98747 0.456074 -1.84334e-15)
(-7.37077 0.664492 -1.86839e-15)
(-6.68656 0.83426 -2.03761e-15)
(-5.96541 0.964767 -2.4201e-15)
(-5.23365 1.05647 -2.642e-15)
(-4.52155 1.1188 -2.50161e-15)
(-3.84908 1.15517 -2.39073e-15)
(-3.22317 1.16366 -2.02866e-15)
(-2.65057 1.15135 -2.3083e-15)
(-2.13373 1.12352 -1.97146e-15)
(-1.67216 1.08437 -2.14884e-15)
(-1.26342 1.03728 -2.85302e-15)
(-0.903983 0.984986 -1.93033e-15)
(-0.589819 0.929569 -2.14496e-15)
(-0.316661 0.872484 -2.69265e-15)
(-0.0801259 0.81463 -2.26566e-15)
(0.124192 0.756618 -2.20026e-15)
(0.300436 0.699046 -1.87183e-15)
(0.452312 0.642502 -1.73967e-15)
(0.582738 0.587232 -1.33747e-15)
(0.69522 0.532133 -1.4378e-15)
(0.79118 0.477745 -1.44694e-15)
(0.876666 0.428923 -1.07761e-15)
(0.947757 0.379162 -2.11636e-15)
(1.00907 0.329867 -2.34132e-15)
(1.06253 0.281792 -1.72911e-15)
(1.10932 0.234704 -1.91406e-15)
(1.15048 0.188417 -1.96474e-15)
(1.18689 0.142855 -1.82705e-15)
(1.21929 0.097976 -1.71268e-15)
(1.24821 0.0537686 -1.57399e-15)
(1.27408 0.0102417 -2.03811e-15)
(1.2972 -0.032596 -2.18967e-15)
(1.31781 -0.0747118 -1.92707e-15)
(1.33594 -0.115839 -2.66573e-15)
(1.35159 -0.156068 -2.63516e-15)
(1.36504 -0.195203 -2.91479e-15)
(1.37617 -0.233243 -2.65714e-15)
(1.38489 -0.269962 -2.99397e-15)
(1.39128 -0.30528 -2.88183e-15)
(1.39533 -0.339066 -2.61825e-15)
(1.39709 -0.371201 -2.7576e-15)
(1.39659 -0.401567 -1.99696e-15)
(1.39391 -0.430053 -1.61878e-15)
(1.38912 -0.456548 -2.19201e-15)
(1.38234 -0.480954 -2.3134e-15)
(1.3737 -0.503176 -1.76831e-15)
(1.36333 -0.523128 -1.89247e-15)
(1.3514 -0.540735 -1.12171e-15)
(1.33809 -0.555928 -1.74193e-15)
(1.32356 -0.568654 -8.86141e-16)
(1.30803 -0.578866 -1.28771e-15)
(1.29169 -0.586536 -1.39469e-15)
(1.27475 -0.59165 -1.62961e-15)
(1.25744 -0.594214 -1.46677e-15)
(1.23999 -0.594254 -1.65537e-15)
(1.22262 -0.591825 -1.24121e-15)
(1.20559 -0.587008 -6.8614e-16)
(1.18912 -0.579902 -7.74391e-16)
(1.17345 -0.570637 -8.76851e-16)
(1.15879 -0.559365 -2.00375e-15)
(1.14536 -0.546265 -1.01468e-15)
(1.13334 -0.531545 -3.01765e-15)
(1.12294 -0.515396 -2.97396e-15)
(1.11411 -0.49778 -2.89937e-15)
(1.10718 -0.479517 -3.16764e-15)
(1.10209 -0.460391 -2.65071e-15)
(1.09891 -0.440677 -3.0429e-15)
(1.09763 -0.420628 -2.59167e-15)
(1.09819 -0.400435 -3.65543e-15)
(1.10051 -0.380263 -1.9384e-15)
(1.10444 -0.360252 -3.41035e-15)
(1.10979 -0.340506 -2.20219e-15)
(1.11635 -0.321094 -4.02774e-15)
(1.12387 -0.302052 -3.89339e-15)
(1.13206 -0.283378 -2.65757e-15)
(1.14061 -0.265038 -1.85676e-15)
(1.14921 -0.246966 -3.14666e-15)
(1.15753 -0.229079 -2.91415e-15)
(1.16525 -0.211281 -3.11073e-15)
(1.17208 -0.193471 -3.72103e-15)
(1.17774 -0.175554 -3.74251e-15)
(1.18199 -0.157451 -4.08992e-15)
(1.18464 -0.139111 -2.57675e-15)
(1.18552 -0.120522 -1.84387e-15)
(1.18452 -0.10172 -3.52284e-15)
(1.1816 -0.0827897 -3.75112e-15)
(1.17673 -0.0638574 -3.57273e-15)
(1.16994 -0.0451015 -2.5786e-15)
(1.1615 -0.0271587 -2.56657e-15)
(1.1512 -0.0097403 -2.47483e-15)
(1.13938 0.00638802 -2.7999e-15)
(1.12625 0.0208844 -4.17686e-15)
(1.11196 0.0333251 -3.42508e-15)
(1.09665 0.0432557 -2.68669e-15)
(1.08044 0.0502459 -1.72689e-15)
(1.06341 0.0539073 -1.00428e-15)
(1.04557 0.0539082 -1.87058e-15)
(1.02688 0.0499961 -9.86408e-16)
(1.00722 0.0420167 -2.75663e-16)
(0.98639 0.0299298 -3.07193e-16)
(0.9641 0.0138211 -8.4114e-16)
(0.939979 -0.00609197 -1.57651e-15)
(0.913583 -0.0294583 -3.35205e-15)
(0.884406 -0.0557962 -1.03725e-14)
(0.8519 -0.084506 -2.67818e-14)
(0.815495 -0.114881 -6.29301e-14)
(0.774625 -0.146131 -1.30427e-13)
(0.728761 -0.177402 -2.50605e-13)
(0.67743 -0.207803 -4.63599e-13)
(0.620265 -0.236435 -8.19679e-13)
(0.557017 -0.262417 -1.37928e-12)
(0.487596 -0.284917 -2.23218e-12)
(0.412098 -0.303183 -3.47315e-12)
(0.330837 -0.316562 -5.2099e-12)
(0.244369 -0.324509 -7.53977e-12)
(0.153543 -0.326546 -1.05267e-11)
(0.0594836 -0.322229 -1.41758e-11)
(-0.0364997 -0.311259 -1.84109e-11)
(-0.132963 -0.293732 -2.30547e-11)
(-0.228213 -0.270189 -2.78248e-11)
(-0.320212 -0.241511 -3.23478e-11)
(-0.406594 -0.209086 -3.62045e-11)
(-0.484208 -0.174739 -3.89821e-11)
(-0.551105 -0.139856 -4.03854e-11)
)
;
    }
    inlet
    {
        type            calculated;
        value           uniform (0 0 0);
    }
    rWedge
    {
        type            wedge;
    }
    lWedge
    {
        type            wedge;
    }
    outlet
    {
        type            calculated;
        value           nonuniform 0();
    }
    procBoundary1to0
    {
        type            processor;
        value           uniform (0 0 0);
    }
    procBoundary1to2
    {
        type            processor;
        value           uniform (0 0 0);
    }
}


// ************************************************************************* //
