/*--------------------------------*- C++ -*----------------------------------*\
| =========                 |                                                 |
| \\      /  F ield         | OpenFOAM: The Open Source CFD Toolbox           |
|  \\    /   O peration     | Version:  v1706                                 |
|   \\  /    A nd           | Web:      www.OpenFOAM.com                      |
|    \\/     M anipulation  |                                                 |
\*---------------------------------------------------------------------------*/
FoamFile
{
    version     2.0;
    format      ascii;
    class       volVectorField;
    location    "3.3e-05";
    object      wallShearStress;
}
// * * * * * * * * * * * * * * * * * * * * * * * * * * * * * * * * * * * * * //

dimensions      [1 -1 -2 0 0 0 0];


internalField   uniform (0 0 0);

boundaryField
{
    cone
    {
        type            calculated;
        value           nonuniform List<vector> 
147
(
(-0.516334 -0.527072 -1.05208e-13)
(-0.527176 -0.832632 -1.45036e-13)
(-0.538473 -1.15703 -2.97592e-13)
(-0.555098 -1.4799 -3.99637e-13)
(-0.57522 -1.80546 -5.00324e-13)
(-0.599065 -2.13122 -5.72958e-13)
(-0.626567 -2.45721 -6.63592e-13)
(-0.657687 -2.78301 -7.41372e-13)
(-0.692717 -3.10866 -8.17613e-13)
(-0.730573 -3.4363 -8.68162e-13)
(-0.771317 -3.76508 -9.31753e-13)
(-0.81659 -4.09229 -9.89482e-13)
(-0.866351 -4.41719 -1.03013e-12)
(-0.920119 -4.74012 -1.05767e-12)
(-0.977637 -5.06145 -1.08723e-12)
(-1.03884 -5.38131 -1.11283e-12)
(-1.10371 -5.69973 -1.13688e-12)
(-1.17224 -6.01667 -1.15382e-12)
(-1.2444 -6.33207 -1.16678e-12)
(-1.32016 -6.64586 -1.18585e-12)
(-1.3995 -6.95798 -1.18915e-12)
(-1.48239 -7.26837 -1.19266e-12)
(-1.56879 -7.57694 -1.18407e-12)
(-1.65868 -7.88363 -1.18272e-12)
(-1.75201 -8.18836 -1.17165e-12)
(-1.84876 -8.49106 -1.16179e-12)
(-1.94889 -8.79166 -1.14634e-12)
(-2.05235 -9.09008 -1.13697e-12)
(-2.15912 -9.38624 -1.11878e-12)
(-2.26916 -9.68008 -1.10001e-12)
(-2.38241 -9.97152 -1.0843e-12)
(-2.49884 -10.2605 -1.06309e-12)
(-2.61841 -10.5469 -1.04075e-12)
(-2.74107 -10.8307 -1.02289e-12)
(-2.86677 -11.1119 -1.00099e-12)
(-2.99548 -11.3903 -9.81449e-13)
(-3.12712 -11.6658 -9.61348e-13)
(-3.26167 -11.9385 -9.35279e-13)
(-3.39906 -12.2082 -9.12511e-13)
(-3.53925 -12.4749 -8.85801e-13)
(-3.68218 -12.7385 -8.65312e-13)
(-3.8278 -12.999 -8.51291e-13)
(-3.97605 -13.2563 -8.3097e-13)
(-4.12687 -13.5103 -8.03446e-13)
(-4.28021 -13.7609 -7.80669e-13)
(-4.436 -14.0082 -7.6071e-13)
(-4.59419 -14.252 -7.4295e-13)
(-4.75472 -14.4924 -7.20844e-13)
(-4.91753 -14.7292 -6.99589e-13)
(-5.08254 -14.9623 -6.76689e-13)
(-5.24971 -15.1919 -6.5964e-13)
(-5.41896 -15.4177 -6.40689e-13)
(-5.59023 -15.6397 -6.23952e-13)
(-5.76345 -15.858 -6.04721e-13)
(-5.93856 -16.0724 -5.88298e-13)
(-6.11549 -16.2829 -5.72628e-13)
(-6.29418 -16.4895 -5.56722e-13)
(-6.47456 -16.692 -5.37446e-13)
(-6.65655 -16.8906 -5.24143e-13)
(-6.84008 -17.0851 -5.07088e-13)
(-7.0251 -17.2755 -4.92487e-13)
(-7.21153 -17.4618 -4.80909e-13)
(-7.3993 -17.6439 -4.71285e-13)
(-7.58834 -17.8219 -4.59637e-13)
(-7.77857 -17.9955 -4.43962e-13)
(-7.96993 -18.165 -4.29627e-13)
(-8.16235 -18.3301 -4.17327e-13)
(-8.35574 -18.4909 -4.02386e-13)
(-8.55004 -18.6474 -3.92312e-13)
(-8.74518 -18.7995 -3.78454e-13)
(-8.94108 -18.9472 -3.74333e-13)
(-9.13767 -19.0905 -3.65306e-13)
(-9.33487 -19.2294 -3.56933e-13)
(-9.53261 -19.3638 -3.40489e-13)
(-9.73081 -19.4937 -3.32619e-13)
(-9.92942 -19.6192 -3.20156e-13)
(-10.1283 -19.7401 -3.10186e-13)
(-10.3275 -19.8565 -3.00833e-13)
(-10.5268 -19.9685 -2.93646e-13)
(-10.7262 -20.0758 -2.83811e-13)
(-10.9256 -20.1786 -2.76849e-13)
(-11.125 -20.2769 -2.70597e-13)
(-11.3242 -20.3706 -2.62186e-13)
(-11.5232 -20.4598 -2.56406e-13)
(-11.7219 -20.5444 -2.46198e-13)
(-11.9203 -20.6244 -2.4048e-13)
(-12.1182 -20.6998 -2.33101e-13)
(-12.3156 -20.7707 -2.28942e-13)
(-12.5124 -20.837 -2.22178e-13)
(-12.7085 -20.8988 -2.17505e-13)
(-12.9039 -20.956 -2.10707e-13)
(-13.0984 -21.0087 -2.04604e-13)
(-13.2921 -21.0569 -1.97737e-13)
(-13.4848 -21.1005 -1.91033e-13)
(-13.6765 -21.1396 -1.85041e-13)
(-13.867 -21.1742 -1.81892e-13)
(-14.0564 -21.2043 -1.77042e-13)
(-14.2445 -21.23 -1.74228e-13)
(-14.4312 -21.2512 -1.68687e-13)
(-14.6165 -21.268 -1.63338e-13)
(-14.8004 -21.2803 -1.59472e-13)
(-14.9827 -21.2883 -1.54149e-13)
(-15.1633 -21.2919 -1.52404e-13)
(-15.3423 -21.2911 -1.45793e-13)
(-15.5195 -21.286 -1.41548e-13)
(-15.6948 -21.2765 -1.39756e-13)
(-15.8682 -21.2628 -1.36196e-13)
(-16.0396 -21.2448 -1.31286e-13)
(-16.2089 -21.2226 -1.30635e-13)
(-16.3761 -21.1962 -1.26482e-13)
(-16.5411 -21.1656 -1.22014e-13)
(-16.7038 -21.1308 -1.19164e-13)
(-16.8641 -21.0919 -1.17889e-13)
(-17.022 -21.0489 -1.13336e-13)
(-17.1775 -21.0018 -1.10852e-13)
(-17.3303 -20.9507 -1.06668e-13)
(-17.4805 -20.8956 -1.04504e-13)
(-17.628 -20.8366 -9.8821e-14)
(-17.7727 -20.7736 -9.51138e-14)
(-17.9145 -20.7067 -9.40593e-14)
(-18.0534 -20.6359 -9.14453e-14)
(-18.1893 -20.5613 -8.88438e-14)
(-18.3221 -20.483 -8.76403e-14)
(-18.4518 -20.4009 -8.45928e-14)
(-18.5783 -20.315 -8.08661e-14)
(-18.7014 -20.2255 -7.99487e-14)
(-18.8212 -20.1324 -7.65076e-14)
(-18.9376 -20.0356 -7.36255e-14)
(-19.0504 -19.9354 -7.13701e-14)
(-19.1596 -19.8316 -6.84819e-14)
(-19.2651 -19.7243 -6.74973e-14)
(-19.3669 -19.6136 -6.4193e-14)
(-19.4649 -19.4995 -6.32522e-14)
(-19.559 -19.3821 -5.9845e-14)
(-19.649 -19.2613 -5.83722e-14)
(-19.7351 -19.1373 -5.61565e-14)
(-19.8169 -19.0101 -5.53592e-14)
(-19.8946 -18.8797 -5.36998e-14)
(-19.9679 -18.7462 -5.23313e-14)
(-20.0369 -18.6095 -5.12457e-14)
(-20.1015 -18.4699 -5.05059e-14)
(-20.1614 -18.3273 -4.91403e-14)
(-20.2165 -18.1819 -4.78978e-14)
(-20.2667 -18.0335 -4.63687e-14)
(-20.3118 -17.8822 -4.43898e-14)
(-20.3521 -17.7278 -4.31909e-14)
(-0.550392 -0.233266 -6.65166e-15)
)
;
    }
    inlet
    {
        type            calculated;
        value           uniform (0 0 0);
    }
    rWedge
    {
        type            wedge;
    }
    lWedge
    {
        type            wedge;
    }
    outlet
    {
        type            calculated;
        value           nonuniform 0();
    }
    procBoundary3to2
    {
        type            processor;
        value           uniform (0 0 0);
    }
}


// ************************************************************************* //
