/*--------------------------------*- C++ -*----------------------------------*\
| =========                 |                                                 |
| \\      /  F ield         | OpenFOAM: The Open Source CFD Toolbox           |
|  \\    /   O peration     | Version:  v1706                                 |
|   \\  /    A nd           | Web:      www.OpenFOAM.com                      |
|    \\/     M anipulation  |                                                 |
\*---------------------------------------------------------------------------*/
FoamFile
{
    version     2.0;
    format      ascii;
    class       volVectorField;
    location    "3.2e-05";
    object      wallShearStress;
}
// * * * * * * * * * * * * * * * * * * * * * * * * * * * * * * * * * * * * * //

dimensions      [1 -1 -2 0 0 0 0];


internalField   uniform (0 0 0);

boundaryField
{
    cone
    {
        type            calculated;
        value           nonuniform List<vector> 
119
(
(0.158039 -0.595341 -5.17789e-11)
(0.170194 -0.612558 -4.75023e-11)
(0.180774 -0.629025 -4.1543e-11)
(0.190024 -0.644847 -3.46324e-11)
(0.198192 -0.660129 -2.75247e-11)
(0.205512 -0.674966 -2.08489e-11)
(0.212191 -0.689432 -1.50555e-11)
(0.218422 -0.703618 -1.03603e-11)
(0.224373 -0.717615 -6.78853e-12)
(0.230186 -0.731494 -4.23018e-12)
(0.235983 -0.745334 -2.50049e-12)
(0.241864 -0.759194 -1.39673e-12)
(0.247905 -0.773149 -7.30341e-13)
(0.254168 -0.787257 -3.53548e-13)
(0.26069 -0.801579 -1.54242e-13)
(0.267495 -0.816169 -5.86736e-14)
(0.274583 -0.831072 -1.37528e-14)
(0.281937 -0.846326 1.81711e-15)
(0.289523 -0.861958 5.53767e-15)
(0.297289 -0.877984 2.92415e-15)
(0.305168 -0.894409 -2.77166e-16)
(0.313078 -0.911222 -8.71874e-16)
(0.320924 -0.928397 -2.39035e-15)
(0.328602 -0.945897 1.2886e-16)
(0.336 -0.96367 4.7568e-16)
(0.343001 -0.981653 -7.11275e-16)
(0.34949 -0.999773 -1.60507e-15)
(0.355349 -1.01795 -2.71322e-15)
(0.360469 -1.03609 -2.34454e-15)
(0.364749 -1.05411 -9.54916e-16)
(0.368098 -1.07191 -1.68271e-15)
(0.370439 -1.08942 -3.16539e-15)
(0.371711 -1.10653 4.95425e-17)
(0.371871 -1.12319 -1.76036e-15)
(0.370895 -1.13932 1.35077e-16)
(0.368773 -1.15487 3.71318e-16)
(0.36552 -1.1698 1.66939e-15)
(0.361161 -1.1841 9.61839e-18)
(0.35574 -1.19774 1.64231e-16)
(0.349312 -1.21073 -3.34308e-16)
(0.341941 -1.2231 -3.1785e-15)
(0.333697 -1.23486 -1.60487e-15)
(0.324654 -1.24606 -2.15639e-15)
(0.314881 -1.25674 -3.60233e-15)
(0.304451 -1.26694 -2.88498e-15)
(0.293422 -1.27671 -4.41446e-15)
(0.281849 -1.2861 -6.33432e-16)
(0.269777 -1.29514 3.00503e-15)
(0.257239 -1.30388 -6.14868e-16)
(0.244261 -1.31234 -2.59303e-16)
(0.230858 -1.32054 -6.56501e-16)
(0.217038 -1.3285 -1.45866e-15)
(0.202801 -1.33624 -1.1583e-15)
(0.188147 -1.34375 -7.25324e-16)
(0.173067 -1.35105 -3.51763e-15)
(0.157556 -1.35813 -1.07068e-16)
(0.141606 -1.36501 5.17363e-16)
(0.125213 -1.37167 -2.22737e-15)
(0.108371 -1.37814 -3.0649e-15)
(0.0910855 -1.38444 -2.18541e-15)
(0.0733629 -1.39058 -1.39362e-15)
(0.0552127 -1.39658 -4.89231e-16)
(0.0366347 -1.40236 -4.64869e-16)
(0.0175577 -1.4074 -1.47326e-15)
(-0.00200589 -1.41101 -1.44913e-15)
(-0.0220619 -1.41435 -2.76246e-15)
(-0.0426866 -1.41746 -1.94088e-15)
(-0.0638907 -1.42037 -3.01843e-15)
(-0.0856846 -1.42308 -2.92832e-15)
(-0.108076 -1.42561 -2.93111e-15)
(-0.131069 -1.42797 -2.32219e-15)
(-0.154663 -1.43016 -2.61123e-15)
(-0.178847 -1.4322 -2.86634e-15)
(-0.203603 -1.43408 -1.04437e-15)
(-0.228907 -1.43579 -1.73629e-15)
(-0.254719 -1.43735 -4.82764e-16)
(-0.280998 -1.43877 -6.33718e-16)
(-0.307706 -1.44016 -1.68454e-15)
(-0.334902 -1.44195 -8.10347e-17)
(-0.363752 -1.44195 -2.69282e-15)
(-0.39285 -1.44231 4.78203e-17)
(-0.421255 -1.44313 -1.87577e-16)
(-0.447972 -1.44384 -1.64765e-15)
(-0.473868 -1.44361 -1.22731e-15)
(-0.499332 -1.44198 -7.86913e-16)
(-0.523778 -1.43963 1.48518e-15)
(-0.547285 -1.43638 1.53192e-17)
(-0.5698 -1.43231 -2.86181e-15)
(-0.591329 -1.42754 -1.57174e-15)
(-0.611943 -1.42223 -1.56913e-15)
(-0.631774 -1.41657 -1.63862e-15)
(-0.651019 -1.4108 -1.871e-15)
(-0.669974 -1.40518 -3.7251e-15)
(-0.68914 -1.40016 -1.6254e-15)
(-0.709381 -1.39643 -1.62456e-15)
(-0.732092 -1.39505 -2.70508e-15)
(-0.7592 -1.39738 -5.16461e-15)
(-0.7928 -1.40464 4.60438e-16)
(-0.834422 -1.41731 -2.23819e-16)
(-0.884223 -1.43456 3.10885e-15)
(-0.940538 -1.4542 2.13174e-15)
(-1.00013 -1.4732 -1.13031e-15)
(-1.05908 -1.48864 -2.68456e-17)
(-1.11393 -1.49872 7.64908e-16)
(-1.16253 -1.50314 -5.03094e-15)
(-1.20473 -1.50306 -2.60556e-15)
(-1.24212 -1.50057 -4.23966e-15)
(-1.27704 -1.49798 -3.93719e-15)
(-1.3116 -1.49705 -3.52142e-15)
(-1.34747 -1.49873 -2.02662e-15)
(-1.38556 -1.50331 -1.48439e-15)
(-1.42612 -1.5102 -2.74545e-15)
(-1.46824 -1.51903 8.7352e-16)
(-1.51046 -1.52948 -2.6523e-15)
(-1.55147 -1.53928 3.74021e-16)
(-1.58764 -1.54605 -2.43086e-15)
(-1.63795 -1.5559 -2.26297e-15)
(-1.66954 -1.56881 1.80137e-16)
(-1.73712 -1.59847 -1.73477e-15)
)
;
    }
    inlet
    {
        type            calculated;
        value           uniform (0 0 0);
    }
    rWedge
    {
        type            wedge;
    }
    lWedge
    {
        type            wedge;
    }
    outlet
    {
        type            calculated;
        value           uniform (0 0 0);
    }
    procBoundary0to1
    {
        type            processor;
        value           uniform (0 0 0);
    }
    procBoundary0to2
    {
        type            processor;
        value           uniform (0 0 0);
    }
}


// ************************************************************************* //
