/*--------------------------------*- C++ -*----------------------------------*\
| =========                 |                                                 |
| \\      /  F ield         | OpenFOAM: The Open Source CFD Toolbox           |
|  \\    /   O peration     | Version:  v1706                                 |
|   \\  /    A nd           | Web:      www.OpenFOAM.com                      |
|    \\/     M anipulation  |                                                 |
\*---------------------------------------------------------------------------*/
FoamFile
{
    version     2.0;
    format      ascii;
    class       volVectorField;
    location    "1.2e-05";
    object      wallShearStress;
}
// * * * * * * * * * * * * * * * * * * * * * * * * * * * * * * * * * * * * * //

dimensions      [1 -1 -2 0 0 0 0];


internalField   uniform (0 0 0);

boundaryField
{
    cone
    {
        type            calculated;
        value           nonuniform List<vector> 
181
(
(-27.6375 -26.15 -4.64951e-14)
(-28.0814 -27.1005 -4.65544e-14)
(-28.8179 -28.1087 -4.50889e-14)
(-29.8937 -29.1508 -5.11662e-14)
(-31.3499 -30.1986 -4.98174e-14)
(-33.2183 -31.2191 -5.08759e-14)
(-35.5176 -32.1747 -5.43859e-14)
(-38.247 -33.0256 -5.89087e-14)
(-41.3811 -33.7317 -6.24609e-14)
(-44.864 -34.2578 -6.0141e-14)
(-48.6083 -34.5783 -6.53032e-14)
(-52.4997 -34.6813 -6.48128e-14)
(-56.41 -34.5698 -7.06336e-14)
(-60.218 -34.2547 -7.06225e-14)
(-63.8319 -33.7388 -7.02658e-14)
(-67.2059 -32.9937 -6.95048e-14)
(-70.263 -31.998 -7.2909e-14)
(-73.0814 -30.8031 -7.25891e-14)
(-75.6673 -29.276 -7.5412e-14)
(-78.0114 -27.281 -6.35939e-14)
(-80.1416 -24.7559 -6.10701e-14)
(-82.028 -21.5907 -6.24025e-14)
(-83.6044 -17.7003 -6.35239e-14)
(-84.7922 -12.9659 -6.11355e-14)
(-85.4854 -7.32378 -6.09311e-14)
(-85.5533 -0.767309 -5.63922e-14)
(-84.8462 6.59503 -5.55596e-14)
(-83.1872 14.479 -5.30045e-14)
(-80.4156 22.3653 -5.17499e-14)
(-76.4054 29.557 -4.96539e-14)
(-71.1652 35.3008 -4.25932e-14)
(-64.8797 39.0325 -3.4174e-14)
(-57.9068 40.5588 -3.25872e-14)
(-50.6923 40.0817 -3.12444e-14)
(-43.6563 38.0681 -2.17945e-14)
(-37.1115 35.0675 -2.16956e-14)
(-31.2388 31.5719 -1.64388e-14)
(-26.1037 27.9507 -1.88567e-14)
(-21.6915 24.4431 -1.86758e-14)
(-17.9409 21.1825 -1.94242e-14)
(-14.7703 18.2271 -1.51112e-14)
(-12.0943 15.5884 -1.40649e-14)
(-9.83247 13.2514 -1.32608e-14)
(-7.91428 11.1885 -1.63933e-14)
(-6.27957 9.3676 -1.67865e-14)
(-4.87837 7.75682 -1.37243e-14)
(-3.66971 6.32664 -1.39991e-14)
(-2.62023 5.05086 -1.14713e-14)
(-1.70277 3.90665 -1.32833e-14)
(-0.894864 2.87361 -1.12229e-14)
(-0.182476 1.93469 -9.83835e-15)
(0.453285 1.08243 -1.05e-14)
(1.02537 0.303656 -1.27752e-14)
(1.53718 -0.419277 -1.37033e-14)
(2.00038 -1.08865 -1.51728e-14)
(2.42078 -1.71127 -1.45346e-14)
(2.80368 -2.29323 -1.13293e-14)
(3.15359 -2.83956 -1.12501e-14)
(3.47431 -3.35463 -1.12319e-14)
(3.76907 -3.84222 -1.22733e-14)
(4.04064 -4.30566 -1.32969e-14)
(4.29136 -4.74787 -1.31062e-14)
(4.52324 -5.17143 -1.30205e-14)
(4.73801 -5.57856 -1.25417e-14)
(4.937 -5.97142 -1.39598e-14)
(5.12192 -6.35167 -1.22403e-14)
(5.29343 -6.72108 -1.27887e-14)
(5.45264 -7.08119 -1.56077e-14)
(5.60039 -7.43334 -1.18642e-14)
(5.73738 -7.77883 -1.31871e-14)
(5.8642 -8.11885 -1.54316e-14)
(5.98135 -8.45448 -1.42926e-14)
(6.08923 -8.78675 -1.49271e-14)
(6.18817 -9.11662 -1.41411e-14)
(6.27841 -9.44498 -1.41662e-14)
(6.3601 -9.77267 -1.28678e-14)
(6.43336 -10.1005 -1.34613e-14)
(6.49819 -10.4292 -1.31618e-14)
(6.55453 -10.7596 -1.12302e-14)
(6.60227 -11.0923 -1.71958e-14)
(6.64119 -11.428 -1.829e-14)
(6.67103 -11.7673 -1.54052e-14)
(6.69142 -12.111 -1.74934e-14)
(6.70192 -12.4594 -1.79427e-14)
(6.702 -12.8134 -1.72508e-14)
(6.69105 -13.1733 -1.65609e-14)
(6.66833 -13.5398 -1.54206e-14)
(6.63301 -13.9133 -1.79184e-14)
(6.58413 -14.2943 -1.87162e-14)
(6.52059 -14.6833 -1.70031e-14)
(6.44114 -15.0806 -2.12849e-14)
(6.34436 -15.4866 -2.10044e-14)
(6.22864 -15.9015 -2.41103e-14)
(6.09213 -16.3254 -2.29013e-14)
(5.93277 -16.7583 -2.5133e-14)
(5.74818 -17.2001 -2.53021e-14)
(5.53569 -17.6503 -2.41975e-14)
(5.29223 -18.1084 -2.7154e-14)
(5.01435 -18.5732 -2.37935e-14)
(4.69806 -19.0434 -2.17698e-14)
(4.33887 -19.5167 -2.64337e-14)
(3.93163 -19.9905 -2.82587e-14)
(3.47045 -20.4609 -2.59344e-14)
(2.94864 -20.9231 -2.95304e-14)
(2.35857 -21.3704 -2.40623e-14)
(1.69152 -21.7943 -3.09389e-14)
(0.93765 -22.1839 -2.31728e-14)
(0.0858174 -22.5248 -2.75174e-14)
(-0.876428 -22.7989 -2.6912e-14)
(-1.96286 -22.9827 -3.02052e-14)
(-3.18832 -23.0471 -2.92442e-14)
(-4.56833 -22.9553 -3.21055e-14)
(-6.11799 -22.6628 -2.83183e-14)
(-7.8504 -22.1171 -2.29411e-14)
(-9.77393 -21.2586 -2.35526e-14)
(-11.8887 -20.0232 -2.2691e-14)
(-14.183 -18.3469 -3.41356e-14)
(-16.6272 -16.1736 -2.04764e-14)
(-19.1783 -13.4622 -3.99935e-14)
(-21.655 -10.2265 -3.73618e-14)
(-24.0644 -6.64751 -3.74285e-14)
(-26.1498 -2.82266 -4.00193e-14)
(-27.7404 0.968584 -3.27572e-14)
(-28.7164 4.41475 -3.59273e-14)
(-28.9811 7.25029 -2.97596e-14)
(-28.5145 9.25051 -3.99802e-14)
(-27.3797 10.2945 -2.1435e-14)
(-25.734 10.4409 -3.50222e-14)
(-23.7925 9.89401 -2.22571e-14)
(-21.7623 8.91173 -3.76734e-14)
(-19.8028 7.732 -3.51711e-14)
(-18.015 6.53581 -2.51735e-14)
(-16.4469 5.43774 -1.79669e-14)
(-15.1069 4.49425 -2.60553e-14)
(-13.9786 3.71942 -2.41308e-14)
(-13.0327 3.10116 -2.39979e-14)
(-12.2365 2.61437 -2.83993e-14)
(-11.5588 2.22995 -2.83318e-14)
(-10.973 1.92031 -3.0487e-14)
(-10.4578 1.66212 -1.93801e-14)
(-9.99728 1.43717 -1.31769e-14)
(-9.57987 1.23221 -2.52177e-14)
(-9.19758 1.03803 -2.76831e-14)
(-8.84483 0.847984 -2.73737e-14)
(-8.51636 0.654226 -1.98914e-14)
(-8.21718 0.460689 -1.89982e-14)
(-7.93389 0.269443 -1.85655e-14)
(-7.67394 0.0668756 -2.04605e-14)
(-7.43439 -0.141262 -3.00633e-14)
(-7.21478 -0.355217 -2.51619e-14)
(-7.01512 -0.575453 -2.22901e-14)
(-6.83554 -0.802054 -1.77163e-14)
(-6.67636 -1.03499 -1.44495e-14)
(-6.53796 -1.27432 -2.33959e-14)
(-6.42116 -1.51968 -2.056e-14)
(-6.32696 -1.77043 -1.79605e-14)
(-6.25658 -2.0264 -2.20504e-14)
(-6.21177 -2.28677 -2.86149e-14)
(-6.19442 -2.55007 -3.06562e-14)
(-6.20734 -2.81454 -2.59894e-14)
(-6.25372 -3.0776 -2.59858e-14)
(-6.33733 -3.33578 -2.10722e-14)
(-6.46262 -3.58454 -3.05728e-14)
(-6.63457 -3.81828 -3.25823e-14)
(-6.85862 -4.03012 -1.29182e-14)
(-7.14018 -4.21202 -7.19878e-15)
(-7.48432 -4.35489 -2.53203e-14)
(-7.89548 -4.44911 -1.79407e-14)
(-8.37723 -4.48491 -2.64294e-14)
(-8.93113 -4.45231 -1.96021e-14)
(-9.55553 -4.34035 -4.42951e-14)
(-10.2443 -4.13763 -4.50131e-13)
(-10.9844 -3.8371 -3.80088e-12)
(-11.7527 -3.44378 -1.82906e-11)
(-12.5183 -2.97539 -6.0789e-11)
(-13.2499 -2.46956 -1.51912e-10)
(-13.8848 -1.91843 -2.97743e-10)
(-14.479 -1.37229 -4.66847e-10)
(-14.9405 -0.845036 -6.06629e-10)
(-15.2308 -0.377569 -6.64189e-10)
(-15.3506 -0.00131595 -6.25514e-10)
)
;
    }
    inlet
    {
        type            calculated;
        value           uniform (0 0 0);
    }
    rWedge
    {
        type            wedge;
    }
    lWedge
    {
        type            wedge;
    }
    outlet
    {
        type            calculated;
        value           nonuniform 0();
    }
    procBoundary1to0
    {
        type            processor;
        value           uniform (0 0 0);
    }
    procBoundary1to2
    {
        type            processor;
        value           uniform (0 0 0);
    }
}


// ************************************************************************* //
