/*--------------------------------*- C++ -*----------------------------------*\
| =========                 |                                                 |
| \\      /  F ield         | OpenFOAM: The Open Source CFD Toolbox           |
|  \\    /   O peration     | Version:  v1706                                 |
|   \\  /    A nd           | Web:      www.OpenFOAM.com                      |
|    \\/     M anipulation  |                                                 |
\*---------------------------------------------------------------------------*/
FoamFile
{
    version     2.0;
    format      ascii;
    class       volVectorField;
    location    "1.5e-05";
    object      wallShearStress;
}
// * * * * * * * * * * * * * * * * * * * * * * * * * * * * * * * * * * * * * //

dimensions      [1 -1 -2 0 0 0 0];


internalField   uniform (0 0 0);

boundaryField
{
    cone
    {
        type            calculated;
        value           nonuniform List<vector> 
181
(
(-1.3929 -2.26 -1.03246e-14)
(-1.38586 -2.29387 -9.79237e-15)
(-1.38889 -2.32803 -9.58059e-15)
(-1.40191 -2.36169 -1.09393e-14)
(-1.4246 -2.3945 -1.07433e-14)
(-1.45667 -2.42624 -1.10429e-14)
(-1.49785 -2.45665 -1.13563e-14)
(-1.54788 -2.48548 -1.18709e-14)
(-1.60644 -2.51249 -1.17619e-14)
(-1.6732 -2.53744 -1.08587e-14)
(-1.74782 -2.56009 -1.1517e-14)
(-1.8299 -2.58023 -1.12872e-14)
(-1.91901 -2.59764 -1.17673e-14)
(-2.01468 -2.61216 -1.14246e-14)
(-2.11641 -2.62359 -1.11841e-14)
(-2.22363 -2.63181 -1.08623e-14)
(-2.33576 -2.6367 -1.16542e-14)
(-2.45214 -2.63817 -1.1482e-14)
(-2.57207 -2.63617 -1.17541e-14)
(-2.69482 -2.6307 -9.25434e-15)
(-2.81959 -2.6218 -8.80522e-15)
(-2.94557 -2.60957 -9.2554e-15)
(-3.07191 -2.59415 -9.96014e-15)
(-3.19773 -2.57574 -9.35631e-15)
(-3.32217 -2.5546 -9.71055e-15)
(-3.44436 -2.53105 -9.21164e-15)
(-3.56347 -2.50543 -9.74889e-15)
(-3.6787 -2.47813 -9.97892e-15)
(-3.78934 -2.44957 -1.0716e-14)
(-3.89473 -2.42016 -1.13129e-14)
(-3.99431 -2.39035 -1.04483e-14)
(-4.08758 -2.36063 -9.04328e-15)
(-4.17414 -2.33149 -9.86106e-15)
(-4.25372 -2.30341 -1.06822e-14)
(-4.32625 -2.27673 -7.39211e-15)
(-4.39197 -2.25151 -8.25759e-15)
(-4.45018 -2.22869 -6.35552e-15)
(-4.50228 -2.20897 -8.53599e-15)
(-4.54826 -2.19136 -9.20731e-15)
(-4.58856 -2.17578 -1.04576e-14)
(-4.6239 -2.1628 -7.9471e-15)
(-4.65495 -2.15226 -7.73824e-15)
(-4.6824 -2.14397 -7.64137e-15)
(-4.70699 -2.13773 -1.05272e-14)
(-4.72944 -2.13329 -1.12711e-14)
(-4.75046 -2.13036 -9.35017e-15)
(-4.77072 -2.12866 -9.77235e-15)
(-4.79084 -2.12787 -7.8509e-15)
(-4.81137 -2.12768 -9.64155e-15)
(-4.8328 -2.1278 -7.95037e-15)
(-4.85556 -2.12794 -6.84814e-15)
(-4.87997 -2.12784 -7.4229e-15)
(-4.90629 -2.12729 -9.10383e-15)
(-4.93473 -2.12609 -9.69045e-15)
(-4.96539 -2.12408 -1.08615e-14)
(-4.99835 -2.12113 -1.03913e-14)
(-5.03359 -2.11716 -7.70563e-15)
(-5.0711 -2.1121 -7.68422e-15)
(-5.11079 -2.10592 -7.58771e-15)
(-5.15256 -2.09862 -8.22578e-15)
(-5.19629 -2.09021 -8.95973e-15)
(-5.24183 -2.08072 -8.54712e-15)
(-5.28905 -2.0702 -8.31341e-15)
(-5.33779 -2.05871 -7.7709e-15)
(-5.38792 -2.04632 -8.62999e-15)
(-5.43929 -2.03308 -7.33473e-15)
(-5.49178 -2.01908 -7.79294e-15)
(-5.54529 -2.00437 -9.94957e-15)
(-5.59972 -1.98903 -7.17835e-15)
(-5.65499 -1.9731 -7.93292e-15)
(-5.71105 -1.95664 -9.56806e-15)
(-5.76786 -1.93968 -8.42152e-15)
(-5.8254 -1.92226 -8.56732e-15)
(-5.88364 -1.90439 -7.77628e-15)
(-5.94261 -1.88607 -7.65374e-15)
(-6.00233 -1.86732 -6.68614e-15)
(-6.06282 -1.84811 -6.93729e-15)
(-6.12412 -1.82843 -6.83113e-15)
(-6.18631 -1.80824 -5.72518e-15)
(-6.24942 -1.78749 -8.94361e-15)
(-6.31354 -1.76615 -9.4312e-15)
(-6.37874 -1.74415 -7.64132e-15)
(-6.44511 -1.72141 -8.41402e-15)
(-6.51274 -1.69786 -8.4219e-15)
(-6.58172 -1.67342 -7.98416e-15)
(-6.65216 -1.64797 -7.50694e-15)
(-6.72416 -1.62141 -6.98938e-15)
(-6.79783 -1.5936 -8.14503e-15)
(-6.87331 -1.56441 -8.19031e-15)
(-6.95072 -1.53367 -7.21984e-15)
(-7.03019 -1.50121 -8.923e-15)
(-7.11189 -1.46681 -8.63744e-15)
(-7.19599 -1.43026 -9.50163e-15)
(-7.28265 -1.39128 -8.62236e-15)
(-7.3721 -1.34958 -9.14081e-15)
(-7.46454 -1.30481 -8.91217e-15)
(-7.56022 -1.25659 -8.21845e-15)
(-7.65942 -1.20446 -8.70986e-15)
(-7.76244 -1.14792 -6.97006e-15)
(-7.86963 -1.08638 -6.08492e-15)
(-7.98136 -1.01917 -7.44561e-15)
(-8.09805 -0.945496 -7.87825e-15)
(-8.22018 -0.864485 -6.82876e-15)
(-8.34829 -0.775115 -7.44033e-15)
(-8.48297 -0.67621 -5.82948e-15)
(-8.6249 -0.566427 -7.38248e-15)
(-8.77483 -0.44422 -5.29254e-15)
(-8.9336 -0.307815 -6.25818e-15)
(-9.10217 -0.155182 -6.11861e-15)
(-9.28158 0.0159959 -6.77589e-15)
(-9.47303 0.208367 -6.42413e-15)
(-9.67783 0.42494 -6.89029e-15)
(-9.89744 0.669135 -6.09782e-15)
(-10.1335 0.944816 -4.67897e-15)
(-10.3877 1.25633 -4.51058e-15)
(-10.6621 1.60854 -4.34015e-15)
(-10.9587 2.00686 -6.64701e-15)
(-11.2797 2.45725 -3.99403e-15)
(-11.6276 2.96624 -7.78954e-15)
(-12.0047 3.54087 -7.33414e-15)
(-12.4136 4.18866 -7.03298e-15)
(-12.8567 4.91747 -7.45304e-15)
(-13.3363 5.73535 -6.2215e-15)
(-13.8546 6.6503 -6.75568e-15)
(-14.4131 7.66993 -5.82382e-15)
(-15.0129 8.80111 -7.8743e-15)
(-15.6541 10.0494 -4.11898e-15)
(-16.336 11.4184 -6.83537e-15)
(-17.0562 12.9091 -4.32366e-15)
(-17.8109 14.5191 -7.58831e-15)
(-18.5943 16.2419 -7.27928e-15)
(-19.3987 18.0661 -5.19468e-15)
(-20.2144 19.974 -3.55359e-15)
(-21.0296 21.941 -5.17577e-15)
(-21.8306 23.9332 -4.62116e-15)
(-22.6039 25.9063 -4.69817e-15)
(-23.3457 27.8742 -5.35382e-15)
(-24.0194 29.7836 -5.14182e-15)
(-24.6072 31.5977 -5.27957e-15)
(-25.0922 33.278 -3.24803e-15)
(-25.4586 34.789 -1.83794e-15)
(-25.6956 36.1011 -3.57582e-15)
(-25.792 37.1885 -3.65289e-15)
(-25.7091 37.948 -3.3016e-15)
(-25.506 38.4667 -2.07871e-15)
(-25.1783 38.7296 -1.75704e-15)
(-24.7305 38.7377 -1.4729e-15)
(-24.1714 38.4999 -1.54764e-15)
(-23.5119 38.0305 -2.47727e-15)
(-22.7645 37.3481 -1.85034e-15)
(-21.9423 36.4744 -1.1235e-15)
(-21.0589 35.4329 -3.30564e-16)
(-20.1273 34.2479 1.90554e-16)
(-19.16 32.9437 -1.65674e-16)
(-18.1686 31.544 5.84272e-16)
(-17.163 30.07 1.41618e-15)
(-16.1467 28.5301 2.34098e-15)
(-15.1362 26.952 3.71067e-15)
(-14.1433 25.3624 6.49977e-15)
(-13.172 23.7718 1.14879e-14)
(-12.2324 22.2025 1.85667e-14)
(-11.3285 20.6667 2.88835e-14)
(-10.4649 19.1797 4.30722e-14)
(-9.63698 17.7363 6.31087e-14)
(-8.84779 16.3455 9.07345e-14)
(-8.09903 15.0133 1.24593e-13)
(-7.39172 13.7443 1.64057e-13)
(-6.72632 12.5416 2.09275e-13)
(-6.10287 11.4072 2.54509e-13)
(-5.52101 10.3423 2.93819e-13)
(-4.98006 9.34706 3.17486e-13)
(-4.47901 8.42094 3.17238e-13)
(-4.01663 7.56277 2.91845e-13)
(-3.59148 6.77078 2.51411e-13)
(-3.20194 6.04274 2.1424e-13)
(-2.84627 5.37607 1.96958e-13)
(-2.52258 4.76778 2.03417e-13)
(-2.22911 4.21502 2.2383e-13)
(-1.96381 3.71427 2.41926e-13)
(-1.72475 3.26222 2.44598e-13)
(-1.50993 2.85547 2.28936e-13)
)
;
    }
    inlet
    {
        type            calculated;
        value           uniform (0 0 0);
    }
    rWedge
    {
        type            wedge;
    }
    lWedge
    {
        type            wedge;
    }
    outlet
    {
        type            calculated;
        value           nonuniform 0();
    }
    procBoundary1to0
    {
        type            processor;
        value           uniform (0 0 0);
    }
    procBoundary1to2
    {
        type            processor;
        value           uniform (0 0 0);
    }
}


// ************************************************************************* //
