/*--------------------------------*- C++ -*----------------------------------*\
| =========                 |                                                 |
| \\      /  F ield         | OpenFOAM: The Open Source CFD Toolbox           |
|  \\    /   O peration     | Version:  v1706                                 |
|   \\  /    A nd           | Web:      www.OpenFOAM.com                      |
|    \\/     M anipulation  |                                                 |
\*---------------------------------------------------------------------------*/
FoamFile
{
    version     2.0;
    format      ascii;
    class       volVectorField;
    location    "1.9e-05";
    object      wallShearStress;
}
// * * * * * * * * * * * * * * * * * * * * * * * * * * * * * * * * * * * * * //

dimensions      [1 -1 -2 0 0 0 0];


internalField   uniform (0 0 0);

boundaryField
{
    cone
    {
        type            calculated;
        value           nonuniform List<vector> 
181
(
(-49.1963 -24.0081 4.92703e-15)
(-48.7207 -23.7644 5.50596e-15)
(-48.2539 -23.5251 6.77329e-15)
(-47.7958 -23.2901 2.84713e-15)
(-47.3464 -23.0593 4.38966e-15)
(-46.9054 -22.8327 3.31896e-15)
(-46.4729 -22.6102 2.18504e-15)
(-46.0485 -22.3918 -9.38679e-16)
(-45.6322 -22.1772 -2.35461e-15)
(-45.2237 -21.9665 8.38223e-17)
(-44.8228 -21.7596 -2.15298e-15)
(-44.4292 -21.5566 -1.08098e-15)
(-44.0426 -21.3576 -4.59978e-15)
(-43.6628 -21.1626 -4.85405e-15)
(-43.2895 -20.972 -5.26015e-15)
(-42.9229 -20.7859 -4.7305e-15)
(-42.5632 -20.6046 -6.4734e-15)
(-42.2109 -20.4283 -7.51237e-15)
(-41.8667 -20.2569 -9.65842e-15)
(-41.5315 -20.09 -3.49072e-15)
(-41.2063 -19.9271 -3.15455e-15)
(-40.8918 -19.7672 -4.10926e-15)
(-40.5886 -19.6089 -5.44106e-15)
(-40.2964 -19.4508 -4.94696e-15)
(-40.0143 -19.2912 -6.73029e-15)
(-39.7404 -19.1289 -6.50764e-15)
(-39.4718 -18.9627 -8.88916e-15)
(-39.2048 -18.7926 -9.88887e-15)
(-38.9353 -18.6191 -1.30539e-14)
(-38.6589 -18.4439 -1.58382e-14)
(-38.3719 -18.2697 -1.39005e-14)
(-38.0715 -18.1001 -1.00918e-14)
(-37.7565 -17.9395 -1.32056e-14)
(-37.4277 -17.7919 -1.66339e-14)
(-37.0881 -17.6615 -7.58286e-15)
(-36.7423 -17.5517 -1.17468e-14)
(-36.397 -17.4651 -5.55544e-15)
(-36.0602 -17.4031 -1.12246e-14)
(-35.7409 -17.3653 -1.42279e-14)
(-35.4485 -17.3495 -1.99195e-14)
(-35.1928 -17.3509 -1.29196e-14)
(-34.9841 -17.3604 -1.26059e-14)
(-34.8291 -17.3657 -1.17603e-14)
(-34.7214 -17.364 -2.05435e-14)
(-34.6545 -17.3567 -2.30921e-14)
(-34.6339 -17.3319 -1.75568e-14)
(-34.6589 -17.2792 -1.97713e-14)
(-34.7173 -17.1953 -1.29651e-14)
(-34.8017 -17.0758 -1.95014e-14)
(-34.9036 -16.9155 -1.49225e-14)
(-35.0113 -16.7114 -1.19148e-14)
(-35.1136 -16.4697 -1.34379e-14)
(-35.1766 -16.189 -1.7981e-14)
(-35.2416 -15.8632 -1.9341e-14)
(-35.2697 -15.4887 -2.32498e-14)
(-35.2356 -15.0752 -2.32277e-14)
(-35.1366 -14.6269 -1.5604e-14)
(-34.9596 -14.1491 -1.59142e-14)
(-34.6906 -13.6502 -1.5681e-14)
(-34.3162 -13.1419 -1.71208e-14)
(-33.8246 -12.6398 -1.88443e-14)
(-33.207 -12.1627 -1.80588e-14)
(-32.4593 -11.7318 -1.79069e-14)
(-31.5844 -11.3686 -1.68264e-14)
(-30.5929 -11.0927 -2.02645e-14)
(-29.5036 -10.919 -1.67674e-14)
(-28.3415 -10.8578 -1.74318e-14)
(-27.1349 -10.9151 -2.41198e-14)
(-25.9131 -11.0949 -1.6343e-14)
(-24.7005 -11.4046 -1.7684e-14)
(-23.5638 -11.8452 -2.2566e-14)
(-22.4734 -12.368 -1.98802e-14)
(-21.5015 -13.0005 -2.09515e-14)
(-20.6768 -13.733 -1.90363e-14)
(-20.0161 -14.5416 -1.88271e-14)
(-19.5459 -15.417 -1.67559e-14)
(-19.2968 -16.3251 -1.7997e-14)
(-19.2961 -17.2589 -1.80784e-14)
(-19.5651 -18.189 -1.32297e-14)
(-20.1201 -19.0904 -2.3221e-14)
(-20.9705 -19.9384 -2.68773e-14)
(-22.1186 -20.7075 -2.15238e-14)
(-23.5567 -21.3714 -2.52312e-14)
(-25.2656 -21.9037 -2.7094e-14)
(-27.2126 -22.2795 -2.64767e-14)
(-29.3507 -22.4756 -2.39497e-14)
(-31.619 -22.4734 -2.12705e-14)
(-33.9449 -22.26 -2.61719e-14)
(-36.2487 -21.8302 -2.7601e-14)
(-38.4514 -21.1844 -2.35149e-14)
(-40.5 -20.3046 -2.97893e-14)
(-42.2593 -19.1588 -2.82016e-14)
(-43.8194 -17.8519 -3.25469e-14)
(-45.0439 -16.2844 -3.04581e-14)
(-45.9145 -14.4549 -3.2318e-14)
(-46.4251 -12.3931 -3.17466e-14)
(-46.5428 -10.1008 -3.00534e-14)
(-46.2477 -7.62028 -3.17311e-14)
(-45.5177 -5.01579 -2.59456e-14)
(-44.3409 -2.38058 -2.33883e-14)
(-42.7186 0.167984 -2.62105e-14)
(-40.671 2.49966 -2.67329e-14)
(-38.2417 4.48741 -2.26832e-14)
(-35.4975 6.02694 -2.3577e-14)
(-32.5245 7.0533 -1.80196e-14)
(-29.4207 7.55007 -2.11975e-14)
(-26.2854 7.54779 -1.44754e-14)
(-23.2093 7.1134 -1.52432e-14)
(-20.2674 6.33503 -1.41493e-14)
(-17.5147 5.30646 -1.4628e-14)
(-14.9863 4.11512 -1.25725e-14)
(-12.6987 2.83404 -1.31506e-14)
(-10.6533 1.51799 -1.12507e-14)
(-8.83983 0.20221 -8.56172e-15)
(-7.23532 -1.10043 -8.66415e-15)
(-5.86102 -2.37616 -7.96463e-15)
(-4.63651 -3.5709 -1.17911e-14)
(-3.59697 -4.72225 -5.98231e-15)
(-2.72174 -5.8268 -1.40747e-14)
(-1.99003 -6.87691 -1.2869e-14)
(-1.39331 -7.87789 -1.31282e-14)
(-0.924368 -8.83362 -1.46893e-14)
(-0.57698 -9.74378 -1.19455e-14)
(-0.348098 -10.614 -1.40213e-14)
(-0.235143 -11.4455 -1.19002e-14)
(-0.236997 -12.238 -1.84998e-14)
(-0.35398 -12.991 -9.15072e-15)
(-0.58699 -13.7028 -1.82715e-14)
(-0.937314 -14.3709 -1.12254e-14)
(-1.40621 -14.9918 -2.3035e-14)
(-1.99441 -15.5612 -2.2929e-14)
(-2.70157 -16.0742 -1.71565e-14)
(-3.52565 -16.5255 -1.22109e-14)
(-4.46231 -16.9104 -1.93655e-14)
(-5.50438 -17.2248 -1.84914e-14)
(-6.64156 -17.466 -1.88672e-14)
(-7.86034 -17.6333 -2.31428e-14)
(-9.14438 -17.7279 -2.53877e-14)
(-10.4752 -17.7532 -2.86937e-14)
(-11.8331 -17.7141 -1.95246e-14)
(-13.1985 -17.617 -1.34733e-14)
(-14.5528 -17.4686 -2.60909e-14)
(-15.8794 -17.2759 -3.0416e-14)
(-17.1644 -17.0448 -3.18049e-14)
(-18.3967 -16.7802 -2.49286e-14)
(-19.5687 -16.4852 -2.39885e-14)
(-20.6757 -16.1605 -2.26827e-14)
(-21.7153 -15.8044 -2.47401e-14)
(-22.687 -15.4131 -3.67983e-14)
(-23.5908 -14.9817 -3.11493e-14)
(-24.4268 -14.5046 -2.80489e-14)
(-25.1967 -13.9723 -2.3106e-14)
(-25.9038 -13.358 -1.88486e-14)
(-26.5199 -12.6781 -2.795e-14)
(-27.089 -11.9451 -2.44772e-14)
(-27.5605 -11.1078 -2.1586e-14)
(-27.9454 -10.188 -2.44e-14)
(-28.236 -9.1831 -3.08934e-14)
(-28.4229 -8.09452 -3.30047e-14)
(-28.4961 -6.92887 -2.83704e-14)
(-28.4473 -5.69915 -2.73678e-14)
(-28.2661 -4.42348 -2.25873e-14)
(-27.9441 -3.12678 -2.95645e-14)
(-27.4747 -1.84017 -3.12285e-14)
(-26.8543 -0.599421 -1.21234e-14)
(-26.0836 0.557264 -7.12629e-15)
(-25.1688 1.59239 -2.22783e-14)
(-24.1221 2.47333 -1.69637e-14)
(-22.9623 3.17586 -2.40149e-14)
(-21.7134 3.68716 -2.20425e-14)
(-20.4035 4.00671 -3.24987e-14)
(-19.0627 4.14564 -9.2771e-14)
(-17.7202 4.12412 -2.75577e-13)
(-16.4025 3.96814 -7.49875e-13)
(-15.1323 3.70626 -1.85652e-12)
(-13.9272 3.36656 -4.14901e-12)
(-12.7997 2.97486 -8.34666e-12)
(-11.7581 2.55344 -1.51338e-11)
(-10.8068 2.12071 -2.48694e-11)
(-9.94686 1.69127 -3.73012e-11)
(-9.17744 1.27638 -5.13767e-11)
)
;
    }
    inlet
    {
        type            calculated;
        value           uniform (0 0 0);
    }
    rWedge
    {
        type            wedge;
    }
    lWedge
    {
        type            wedge;
    }
    outlet
    {
        type            calculated;
        value           nonuniform 0();
    }
    procBoundary1to0
    {
        type            processor;
        value           uniform (0 0 0);
    }
    procBoundary1to2
    {
        type            processor;
        value           uniform (0 0 0);
    }
}


// ************************************************************************* //
