/*--------------------------------*- C++ -*----------------------------------*\
| =========                 |                                                 |
| \\      /  F ield         | OpenFOAM: The Open Source CFD Toolbox           |
|  \\    /   O peration     | Version:  v1706                                 |
|   \\  /    A nd           | Web:      www.OpenFOAM.com                      |
|    \\/     M anipulation  |                                                 |
\*---------------------------------------------------------------------------*/
FoamFile
{
    version     2.0;
    format      ascii;
    class       volVectorField;
    location    "3.8e-05";
    object      wallShearStress;
}
// * * * * * * * * * * * * * * * * * * * * * * * * * * * * * * * * * * * * * //

dimensions      [1 -1 -2 0 0 0 0];


internalField   uniform (0 0 0);

boundaryField
{
    cone
    {
        type            calculated;
        value           nonuniform List<vector> 
147
(
(-0.523543 -0.540466 -1.25264e-13)
(-0.534669 -0.853666 -1.52596e-13)
(-0.546246 -1.18638 -3.53339e-13)
(-0.563292 -1.51738 -4.83657e-13)
(-0.583942 -1.85122 -5.93006e-13)
(-0.608409 -2.18525 -6.75664e-13)
(-0.636648 -2.51954 -7.70692e-13)
(-0.668635 -2.85366 -8.59856e-13)
(-0.704532 -3.18757 -9.43935e-13)
(-0.743993 -3.52299 -9.96774e-13)
(-0.785687 -3.86006 -1.0738e-12)
(-0.831901 -4.19594 -1.13916e-12)
(-0.882858 -4.52945 -1.18566e-12)
(-0.938037 -4.86085 -1.21546e-12)
(-0.997102 -5.19054 -1.2523e-12)
(-1.05995 -5.51873 -1.27838e-12)
(-1.12658 -5.84546 -1.3016e-12)
(-1.19696 -6.17069 -1.32499e-12)
(-1.27107 -6.49436 -1.33805e-12)
(-1.34889 -6.81642 -1.35718e-12)
(-1.43038 -7.13678 -1.35742e-12)
(-1.51553 -7.45539 -1.35393e-12)
(-1.60429 -7.77216 -1.34307e-12)
(-1.69663 -8.08702 -1.339e-12)
(-1.79252 -8.39991 -1.3252e-12)
(-1.89193 -8.71073 -1.311e-12)
(-1.99482 -9.01942 -1.29193e-12)
(-2.10114 -9.3259 -1.28031e-12)
(-2.21086 -9.6301 -1.26096e-12)
(-2.32395 -9.93193 -1.23775e-12)
(-2.44035 -10.2313 -1.21742e-12)
(-2.56002 -10.5282 -1.19149e-12)
(-2.68293 -10.8225 -1.16485e-12)
(-2.80901 -11.1142 -1.14067e-12)
(-2.93824 -11.4031 -1.11433e-12)
(-3.07056 -11.6893 -1.09165e-12)
(-3.20592 -11.9726 -1.06608e-12)
(-3.34426 -12.2529 -1.03694e-12)
(-3.48555 -12.5303 -1.00783e-12)
(-3.62972 -12.8046 -9.78961e-13)
(-3.77673 -13.0757 -9.54343e-13)
(-3.92652 -13.3437 -9.36406e-13)
(-4.07902 -13.6084 -9.12201e-13)
(-4.2342 -13.8698 -8.8114e-13)
(-4.39197 -14.1279 -8.55314e-13)
(-4.5523 -14.3825 -8.3166e-13)
(-4.71512 -14.6336 -8.10957e-13)
(-4.88037 -14.8812 -7.85838e-13)
(-5.04798 -15.1251 -7.61676e-13)
(-5.21791 -15.3655 -7.34148e-13)
(-5.39006 -15.6021 -7.15047e-13)
(-5.5644 -15.8349 -6.93534e-13)
(-5.74086 -16.064 -6.7348e-13)
(-5.91936 -16.2892 -6.51223e-13)
(-6.09984 -16.5105 -6.31894e-13)
(-6.28224 -16.7278 -6.15151e-13)
(-6.46649 -16.9412 -5.97428e-13)
(-6.65251 -17.1505 -5.76037e-13)
(-6.84024 -17.3558 -5.60183e-13)
(-7.02963 -17.557 -5.41298e-13)
(-7.22058 -17.754 -5.24901e-13)
(-7.41304 -17.9468 -5.12581e-13)
(-7.60693 -18.1354 -5.01005e-13)
(-7.80218 -18.3198 -4.87495e-13)
(-7.99872 -18.4999 -4.69941e-13)
(-8.19648 -18.6756 -4.5389e-13)
(-8.39539 -18.8471 -4.40309e-13)
(-8.59537 -19.0141 -4.24457e-13)
(-8.79636 -19.1768 -4.12047e-13)
(-8.99827 -19.335 -3.97201e-13)
(-9.20104 -19.4888 -3.92327e-13)
(-9.40458 -19.6381 -3.82117e-13)
(-9.60883 -19.7829 -3.72088e-13)
(-9.81372 -19.9233 -3.54774e-13)
(-10.0192 -20.0591 -3.46328e-13)
(-10.2251 -20.1903 -3.33729e-13)
(-10.4314 -20.317 -3.22878e-13)
(-10.6381 -20.4392 -3.12909e-13)
(-10.8451 -20.5567 -3.05036e-13)
(-11.0522 -20.6697 -2.94524e-13)
(-11.2594 -20.7781 -2.86919e-13)
(-11.4667 -20.8819 -2.80254e-13)
(-11.6739 -20.9811 -2.71079e-13)
(-11.8811 -21.0757 -2.65653e-13)
(-12.088 -21.1657 -2.55013e-13)
(-12.2947 -21.251 -2.49375e-13)
(-12.5011 -21.3318 -2.42008e-13)
(-12.707 -21.408 -2.37406e-13)
(-12.9125 -21.4795 -2.30499e-13)
(-13.1174 -21.5465 -2.25626e-13)
(-13.3217 -21.6088 -2.18536e-13)
(-13.5253 -21.6666 -2.12249e-13)
(-13.7282 -21.7199 -2.05112e-13)
(-13.9301 -21.7685 -1.98352e-13)
(-14.1312 -21.8127 -1.92629e-13)
(-14.3313 -21.8523 -1.89507e-13)
(-14.5303 -21.8874 -1.84411e-13)
(-14.7283 -21.918 -1.81094e-13)
(-14.925 -21.9441 -1.75848e-13)
(-15.1204 -21.9657 -1.70395e-13)
(-15.3145 -21.9829 -1.66577e-13)
(-15.5072 -21.9957 -1.61388e-13)
(-15.6984 -22.0041 -1.59567e-13)
(-15.8881 -22.0081 -1.53122e-13)
(-16.0762 -22.0077 -1.48935e-13)
(-16.2626 -22.003 -1.47316e-13)
(-16.4472 -21.9941 -1.43819e-13)
(-16.63 -21.9808 -1.3922e-13)
(-16.8109 -21.9633 -1.38553e-13)
(-16.9899 -21.9416 -1.34493e-13)
(-17.1669 -21.9157 -1.29852e-13)
(-17.3417 -21.8856 -1.27197e-13)
(-17.5145 -21.8514 -1.25915e-13)
(-17.685 -21.8131 -1.21644e-13)
(-17.8532 -21.7708 -1.19392e-13)
(-18.0191 -21.7244 -1.14907e-13)
(-18.1826 -21.674 -1.13033e-13)
(-18.3436 -21.6197 -1.07727e-13)
(-18.502 -21.5615 -1.03759e-13)
(-18.6579 -21.4994 -1.0272e-13)
(-18.8111 -21.4334 -1.00253e-13)
(-18.9616 -21.3636 -9.83496e-14)
(-19.1092 -21.2901 -9.67869e-14)
(-19.2541 -21.2129 -9.3825e-14)
(-19.396 -21.1319 -9.01547e-14)
(-19.5349 -21.0474 -8.9442e-14)
(-19.6707 -20.9592 -8.63872e-14)
(-19.8035 -20.8674 -8.32983e-14)
(-19.933 -20.7722 -8.12698e-14)
(-20.0593 -20.6735 -7.85237e-14)
(-20.1823 -20.5713 -7.76639e-14)
(-20.3019 -20.4657 -7.4657e-14)
(-20.4181 -20.3568 -7.35668e-14)
(-20.5307 -20.2446 -7.0218e-14)
(-20.6398 -20.1292 -6.85591e-14)
(-20.7452 -20.0105 -6.65327e-14)
(-20.8468 -19.8887 -6.60095e-14)
(-20.9447 -19.7637 -6.42915e-14)
(-21.0387 -19.6356 -6.28902e-14)
(-21.1288 -19.5045 -6.16741e-14)
(-21.2149 -19.3704 -6.09093e-14)
(-21.2969 -19.2335 -5.99144e-14)
(-21.3745 -19.0938 -5.83478e-14)
(-21.4478 -18.9512 -5.70107e-14)
(-21.5163 -18.8058 -5.50186e-14)
(-21.5806 -18.6572 -5.3898e-14)
(-0.558403 -0.239209 -5.92334e-14)
)
;
    }
    inlet
    {
        type            calculated;
        value           uniform (0 0 0);
    }
    rWedge
    {
        type            wedge;
    }
    lWedge
    {
        type            wedge;
    }
    outlet
    {
        type            calculated;
        value           nonuniform 0();
    }
    procBoundary3to2
    {
        type            processor;
        value           uniform (0 0 0);
    }
}


// ************************************************************************* //
