/*--------------------------------*- C++ -*----------------------------------*\
| =========                 |                                                 |
| \\      /  F ield         | OpenFOAM: The Open Source CFD Toolbox           |
|  \\    /   O peration     | Version:  v1706                                 |
|   \\  /    A nd           | Web:      www.OpenFOAM.com                      |
|    \\/     M anipulation  |                                                 |
\*---------------------------------------------------------------------------*/
FoamFile
{
    version     2.0;
    format      ascii;
    class       volVectorField;
    location    "1.3e-05";
    object      wallShearStress;
}
// * * * * * * * * * * * * * * * * * * * * * * * * * * * * * * * * * * * * * //

dimensions      [1 -1 -2 0 0 0 0];


internalField   uniform (0 0 0);

boundaryField
{
    cone
    {
        type            calculated;
        value           nonuniform List<vector> 
119
(
(0.0705884 -0.164378 7.16246e-14)
(0.0705861 -0.164443 5.27551e-14)
(0.0705793 -0.164491 3.65291e-14)
(0.0705675 -0.164527 2.42998e-14)
(0.0705513 -0.164554 1.5375e-14)
(0.0705314 -0.164573 9.94464e-15)
(0.0705083 -0.164587 5.91775e-15)
(0.0704824 -0.164595 3.34175e-15)
(0.0704541 -0.164599 1.55843e-15)
(0.070424 -0.164598 6.7122e-16)
(0.0703922 -0.164595 3.65806e-16)
(0.070359 -0.164589 2.63926e-16)
(0.0703248 -0.16458 9.96029e-16)
(0.0702897 -0.164569 1.0907e-15)
(0.0702538 -0.164557 1.11393e-15)
(0.0702173 -0.164543 3.97947e-16)
(0.0701803 -0.164527 7.83856e-16)
(0.0701429 -0.164511 5.61887e-16)
(0.0701052 -0.164494 4.09311e-16)
(0.0700671 -0.164476 -2.43438e-16)
(0.0700288 -0.164457 -7.12742e-16)
(0.0699904 -0.164438 -3.15937e-16)
(0.0699519 -0.164419 -3.01156e-16)
(0.0699133 -0.164399 6.73758e-16)
(0.0698746 -0.164378 1.1264e-15)
(0.069836 -0.164358 8.52477e-16)
(0.0697974 -0.164337 4.74565e-16)
(0.0697589 -0.164316 8.62728e-17)
(0.0697205 -0.164295 1.78654e-16)
(0.0696822 -0.164274 7.19532e-16)
(0.0696441 -0.164252 3.32431e-16)
(0.0696061 -0.164231 9.20992e-17)
(0.0695682 -0.164209 8.47647e-16)
(0.0695306 -0.164187 2.66494e-16)
(0.0694931 -0.164165 5.91618e-16)
(0.0694557 -0.164144 8.35932e-16)
(0.0694185 -0.164122 1.1961e-15)
(0.0693815 -0.1641 7.53939e-16)
(0.0693446 -0.164078 6.36177e-16)
(0.0693079 -0.164055 6.2743e-16)
(0.0692713 -0.164033 6.97776e-18)
(0.0692349 -0.164011 3.9531e-16)
(0.0691987 -0.163989 4.62615e-16)
(0.0691626 -0.163967 -3.52103e-17)
(0.0691267 -0.163945 -1.02434e-17)
(0.0690909 -0.163922 -3.55413e-16)
(0.0690553 -0.1639 5.68458e-16)
(0.0690198 -0.163878 1.36301e-15)
(0.0689845 -0.163856 5.24803e-16)
(0.0689493 -0.163833 5.94976e-16)
(0.0689144 -0.163811 6.45538e-16)
(0.0688795 -0.163789 5.9733e-16)
(0.0688449 -0.163767 5.61213e-16)
(0.0688103 -0.163744 5.63891e-16)
(0.0687759 -0.163722 -1.55048e-16)
(0.0687417 -0.1637 6.62932e-16)
(0.0687076 -0.163677 6.73249e-16)
(0.0686737 -0.163655 8.17589e-17)
(0.0686399 -0.163633 -1.04535e-16)
(0.0686063 -0.16361 8.84064e-17)
(0.0685728 -0.163588 5.68222e-16)
(0.0685394 -0.163566 4.35044e-16)
(0.0685063 -0.163543 1.50339e-16)
(0.0684732 -0.163521 -5.23449e-17)
(0.0684403 -0.163499 7.80116e-17)
(0.0684076 -0.163476 -6.20285e-17)
(0.0683749 -0.163454 1.80204e-16)
(0.0683424 -0.163432 -1.59103e-16)
(0.0683101 -0.163409 -1.73314e-16)
(0.0682779 -0.163387 -1.61302e-16)
(0.0682459 -0.163365 1.1524e-17)
(0.068214 -0.163342 9.45888e-17)
(0.0681822 -0.16332 1.75169e-16)
(0.0681506 -0.163298 4.35274e-16)
(0.0681191 -0.163276 2.36326e-16)
(0.0680878 -0.163253 5.41364e-16)
(0.0680566 -0.163231 4.39773e-16)
(0.0680255 -0.163209 2.30898e-16)
(0.0679945 -0.163186 4.52311e-16)
(0.0679637 -0.163164 -1.15325e-16)
(0.067933 -0.163142 6.34787e-16)
(0.0679024 -0.16312 4.77319e-16)
(0.0678718 -0.163097 3.16019e-16)
(0.067841 -0.163075 5.05933e-16)
(0.0678098 -0.163054 5.20665e-16)
(0.0677777 -0.163033 9.5398e-16)
(0.0677437 -0.163012 6.30147e-16)
(0.0677059 -0.162994 -1.29842e-16)
(0.0676611 -0.16298 2.73753e-17)
(0.067604 -0.162973 -3.9338e-17)
(0.0675258 -0.162978 6.62861e-17)
(0.0674098 -0.163004 9.97716e-17)
(0.0672202 -0.163057 -3.18236e-16)
(0.0669113 -0.163171 7.27016e-17)
(0.0664896 -0.163366 3.66247e-16)
(0.0658535 -0.163715 -7.67028e-17)
(0.0649155 -0.164258 -5.46364e-16)
(0.0635935 -0.165064 5.95243e-16)
(0.0618017 -0.166206 7.74522e-16)
(0.0594648 -0.167748 1.27265e-15)
(0.0565374 -0.169736 9.68589e-16)
(0.0530162 -0.172173 2.20951e-16)
(0.0489487 -0.175008 4.29432e-16)
(0.0444313 -0.178133 4.20082e-16)
(0.0395964 -0.181385 -6.98581e-16)
(0.0345913 -0.184569 -1.88379e-16)
(0.0295516 -0.187487 -5.8593e-16)
(0.0245745 -0.189962 -7.76769e-16)
(0.0196982 -0.191869 -1.83166e-16)
(0.0148916 -0.193142 -4.7837e-17)
(0.010045 -0.193763 7.96806e-17)
(0.00493927 -0.193688 -2.33556e-16)
(-0.000800265 -0.192865 4.68472e-16)
(-0.00759851 -0.191789 -4.64501e-16)
(-0.0157496 -0.191918 4.99623e-16)
(-0.025233 -0.191813 -7.06633e-17)
(-0.0396319 -0.187292 2.82991e-16)
(-0.0670095 -0.192713 5.57808e-16)
(-0.057019 -0.215325 2.63378e-16)
)
;
    }
    inlet
    {
        type            calculated;
        value           uniform (0 0 0);
    }
    rWedge
    {
        type            wedge;
    }
    lWedge
    {
        type            wedge;
    }
    outlet
    {
        type            calculated;
        value           uniform (0 0 0);
    }
    procBoundary0to1
    {
        type            processor;
        value           uniform (0 0 0);
    }
    procBoundary0to2
    {
        type            processor;
        value           uniform (0 0 0);
    }
}


// ************************************************************************* //
