/*--------------------------------*- C++ -*----------------------------------*\
| =========                 |                                                 |
| \\      /  F ield         | OpenFOAM: The Open Source CFD Toolbox           |
|  \\    /   O peration     | Version:  v1706                                 |
|   \\  /    A nd           | Web:      www.OpenFOAM.com                      |
|    \\/     M anipulation  |                                                 |
\*---------------------------------------------------------------------------*/
FoamFile
{
    version     2.0;
    format      ascii;
    class       volVectorField;
    location    "3.1e-05";
    object      wallShearStress;
}
// * * * * * * * * * * * * * * * * * * * * * * * * * * * * * * * * * * * * * //

dimensions      [1 -1 -2 0 0 0 0];


internalField   uniform (0 0 0);

boundaryField
{
    cone
    {
        type            calculated;
        value           nonuniform List<vector> 
181
(
(-18.1537 -9.05848 -1.44317e-15)
(-17.951 -8.95398 -4.7912e-16)
(-17.7518 -8.85111 2.97045e-16)
(-17.5562 -8.74989 -1.56906e-15)
(-17.3639 -8.65029 -1.10845e-15)
(-17.1751 -8.55228 -1.53468e-15)
(-16.9895 -8.45587 -2.16748e-15)
(-16.8073 -8.36103 -3.34034e-15)
(-16.6284 -8.26775 -3.38408e-15)
(-16.4526 -8.17602 -2.22208e-15)
(-16.28 -8.08583 -3.41226e-15)
(-16.1105 -7.99716 -3.29562e-15)
(-15.9441 -7.90999 -4.36238e-15)
(-15.7808 -7.82433 -4.15858e-15)
(-15.6204 -7.74016 -3.99139e-15)
(-15.4629 -7.65746 -3.56939e-15)
(-15.3083 -7.57622 -4.74473e-15)
(-15.1566 -7.49644 -4.6079e-15)
(-15.0078 -7.41811 -5.47348e-15)
(-14.8616 -7.34122 -1.93031e-15)
(-14.7183 -7.26576 -1.58289e-15)
(-14.5776 -7.19173 -2.30718e-15)
(-14.4397 -7.11911 -3.51962e-15)
(-14.3044 -7.04791 -3.02876e-15)
(-14.1718 -6.97809 -3.9021e-15)
(-14.0419 -6.90965 -3.35287e-15)
(-13.9146 -6.84255 -4.1765e-15)
(-13.7901 -6.77675 -4.70857e-15)
(-13.6683 -6.71219 -5.89492e-15)
(-13.5492 -6.6488 -6.90019e-15)
(-13.4327 -6.5865 -5.71487e-15)
(-13.3187 -6.52522 -3.82894e-15)
(-13.207 -6.46488 -5.13338e-15)
(-13.0974 -6.40545 -6.50497e-15)
(-12.9895 -6.34694 -2.45894e-15)
(-12.8829 -6.28941 -4.19974e-15)
(-12.7772 -6.23303 -1.39552e-15)
(-12.6718 -6.17807 -4.69081e-15)
(-12.5664 -6.12487 -5.88916e-15)
(-12.4607 -6.0739 -7.93505e-15)
(-12.3547 -6.02566 -4.41779e-15)
(-12.2486 -5.98068 -4.14293e-15)
(-12.1432 -5.93947 -3.93461e-15)
(-12.0396 -5.90241 -8.00725e-15)
(-11.9391 -5.86973 -9.04584e-15)
(-11.8439 -5.84139 -6.4582e-15)
(-11.7559 -5.81703 -7.14809e-15)
(-11.6776 -5.79594 -4.24395e-15)
(-11.6115 -5.77696 -7.02252e-15)
(-11.5598 -5.75849 -4.93056e-15)
(-11.5246 -5.73831 -3.39443e-15)
(-11.5073 -5.71361 -4.15463e-15)
(-11.507 -5.68272 -6.51696e-15)
(-11.5214 -5.64448 -7.45585e-15)
(-11.5493 -5.59441 -9.24712e-15)
(-11.5869 -5.53194 -8.81464e-15)
(-11.6283 -5.45864 -5.10971e-15)
(-11.6569 -5.37255 -5.24536e-15)
(-11.6962 -5.27376 -5.24208e-15)
(-11.7245 -5.15925 -6.21375e-15)
(-11.7298 -5.0317 -7.33636e-15)
(-11.7096 -4.89444 -7.07067e-15)
(-11.6583 -4.75042 -6.96717e-15)
(-11.5705 -4.60283 -6.28655e-15)
(-11.4415 -4.4557 -7.4861e-15)
(-11.2677 -4.31365 -5.70112e-15)
(-11.0462 -4.18185 -6.21219e-15)
(-10.7758 -4.06587 -9.04514e-15)
(-10.4566 -3.97138 -5.22066e-15)
(-10.0909 -3.90357 -6.21754e-15)
(-9.68366 -3.86652 -8.54971e-15)
(-9.242 -3.86292 -7.30698e-15)
(-8.77407 -3.89462 -7.7651e-15)
(-8.28907 -3.96377 -6.82133e-15)
(-7.80127 -4.07858 -6.75454e-15)
(-7.31642 -4.22764 -5.67653e-15)
(-6.83533 -4.4051 -6.38989e-15)
(-6.39481 -4.63097 -6.15258e-15)
(-5.99548 -4.89517 -4.30397e-15)
(-5.65188 -5.1956 -8.96194e-15)
(-5.38271 -5.53039 -9.79529e-15)
(-5.20197 -5.89627 -7.45638e-15)
(-5.13705 -6.27768 -8.80017e-15)
(-5.20632 -6.67561 -8.92345e-15)
(-5.43125 -7.07564 -8.21073e-15)
(-5.82992 -7.4659 -7.24539e-15)
(-6.41803 -7.83281 -6.45662e-15)
(-7.20735 -8.16015 -8.3906e-15)
(-8.20305 -8.42904 -8.63003e-15)
(-9.4001 -8.61856 -7.22327e-15)
(-10.7794 -8.70733 -1.01302e-14)
(-12.3039 -8.6761 -9.73828e-15)
(-13.9211 -8.5093 -1.19546e-14)
(-15.5651 -8.19316 -1.08336e-14)
(-17.1316 -7.67596 -1.1898e-14)
(-18.5876 -7.03092 -1.17344e-14)
(-19.8679 -6.27374 -1.0982e-14)
(-20.817 -5.34416 -1.2302e-14)
(-21.4771 -4.27362 -9.52871e-15)
(-21.8136 -3.12683 -8.11531e-15)
(-21.8124 -1.89056 -9.87758e-15)
(-21.4766 -0.612964 -1.02921e-14)
(-20.8154 0.660111 -8.21864e-15)
(-19.8441 1.86333 -8.66662e-15)
(-18.5828 2.92429 -5.72463e-15)
(-17.0685 3.77475 -7.10292e-15)
(-15.3576 4.36495 -4.01275e-15)
(-13.5215 4.67431 -4.54775e-15)
(-11.6376 4.71413 -4.12031e-15)
(-9.77892 4.52145 -4.40194e-15)
(-8.00471 4.14801 -3.51624e-15)
(-6.35653 3.64867 -3.86694e-15)
(-4.85804 3.07306 -2.96238e-15)
(-3.51772 2.46076 -1.75869e-15)
(-2.33274 1.83997 -1.7596e-15)
(-1.29316 1.22775 -1.6235e-15)
(-0.379021 0.626514 -3.70887e-15)
(0.393491 0.0374529 -1.46639e-15)
(1.10137 -0.501368 -5.31797e-15)
(1.69222 -1.02374 -4.91005e-15)
(2.19071 -1.52634 -4.92862e-15)
(2.61341 -2.00525 -5.48083e-15)
(2.96411 -2.46301 -4.23765e-15)
(3.24438 -2.90317 -5.175e-15)
(3.46262 -3.32588 -4.24859e-15)
(3.61302 -3.72788 -6.84267e-15)
(3.6988 -4.11406 -2.78891e-15)
(3.71988 -4.48296 -6.71718e-15)
(3.67485 -4.83318 -3.62925e-15)
(3.56231 -5.1633 -8.46912e-15)
(3.38093 -5.4715 -8.04001e-15)
(3.12974 -5.75556 -5.47293e-15)
(2.80848 -6.01299 -3.48561e-15)
(2.41791 -6.24119 -6.77487e-15)
(1.96021 -6.43764 -6.14869e-15)
(1.4393 -6.60012 -6.65323e-15)
(0.860938 -6.72702 -8.66086e-15)
(0.232774 -6.81754 -9.00604e-15)
(-0.435889 -6.87184 -1.06851e-14)
(-1.13454 -6.89107 -6.26939e-15)
(-1.85207 -6.87716 -3.78299e-15)
(-2.57744 -6.83258 -9.57642e-15)
(-3.30031 -6.76004 -1.12166e-14)
(-4.0115 -6.66219 -1.06513e-14)
(-4.70336 -6.5413 -7.28016e-15)
(-5.36985 -6.39914 -6.80273e-15)
(-6.00649 -6.23688 -6.50982e-15)
(-6.61016 -6.05504 -7.65902e-15)
(-7.17886 -5.85351 -1.26755e-14)
(-7.71189 -5.63111 -1.02434e-14)
(-8.20905 -5.38457 -8.77767e-15)
(-8.67332 -5.10379 -6.61284e-15)
(-9.0816 -4.79823 -4.61436e-15)
(-9.46851 -4.48607 -8.69368e-15)
(-9.79904 -4.13633 -7.12332e-15)
(-10.0824 -3.76058 -6.19993e-15)
(-10.3184 -3.36027 -7.85532e-15)
(-10.5035 -2.93935 -1.06398e-14)
(-10.636 -2.49848 -1.1111e-14)
(-10.7146 -2.04001 -9.17993e-15)
(-10.7376 -1.56828 -8.32155e-15)
(-10.7047 -1.08801 -6.68869e-15)
(-10.6147 -0.605538 -1.07472e-14)
(-10.4672 -0.127732 -1.32046e-14)
(-10.2622 0.336613 -1.01271e-14)
(-10.0002 0.777903 -2.12672e-14)
(-9.68282 1.18586 -5.55568e-14)
(-9.31249 1.55026 -1.10535e-13)
(-8.89327 1.86163 -2.2758e-13)
(-8.43079 2.11229 -4.3765e-13)
(-7.93228 2.29706 -8.10737e-13)
(-7.40642 2.41389 -1.43897e-12)
(-6.86291 2.46403 -2.42977e-12)
(-6.31199 2.45185 -3.90007e-12)
(-5.76379 2.38434 -5.96001e-12)
(-5.2278 2.27025 -8.68332e-12)
(-4.71235 2.11932 -1.20739e-11)
(-4.22431 1.9414 -1.60293e-11)
(-3.76896 1.74583 -2.03323e-11)
(-3.35004 1.54097 -2.46676e-11)
(-2.96984 1.33399 -2.86389e-11)
)
;
    }
    inlet
    {
        type            calculated;
        value           uniform (0 0 0);
    }
    rWedge
    {
        type            wedge;
    }
    lWedge
    {
        type            wedge;
    }
    outlet
    {
        type            calculated;
        value           nonuniform 0();
    }
    procBoundary1to0
    {
        type            processor;
        value           uniform (0 0 0);
    }
    procBoundary1to2
    {
        type            processor;
        value           uniform (0 0 0);
    }
}


// ************************************************************************* //
