/*--------------------------------*- C++ -*----------------------------------*\
| =========                 |                                                 |
| \\      /  F ield         | OpenFOAM: The Open Source CFD Toolbox           |
|  \\    /   O peration     | Version:  v1706                                 |
|   \\  /    A nd           | Web:      www.OpenFOAM.com                      |
|    \\/     M anipulation  |                                                 |
\*---------------------------------------------------------------------------*/
FoamFile
{
    version     2.0;
    format      ascii;
    class       volVectorField;
    location    "1.2e-05";
    object      wallShearStress;
}
// * * * * * * * * * * * * * * * * * * * * * * * * * * * * * * * * * * * * * //

dimensions      [1 -1 -2 0 0 0 0];


internalField   uniform (0 0 0);

boundaryField
{
    cone
    {
        type            calculated;
        value           nonuniform List<vector> 
181
(
(-15.6361 9.686 -1.4189e-14)
(-16.1265 10.5276 -1.37806e-14)
(-16.6299 11.4231 -1.35338e-14)
(-17.1458 12.3738 -1.47634e-14)
(-17.6735 13.3799 -1.42566e-14)
(-18.2125 14.4409 -1.40759e-14)
(-18.762 15.5555 -1.39676e-14)
(-19.3209 16.7215 -1.42043e-14)
(-19.8878 17.936 -1.4044e-14)
(-20.4607 19.1949 -1.29287e-14)
(-21.0375 20.4929 -1.34229e-14)
(-21.6152 21.8233 -1.28922e-14)
(-22.1907 23.1773 -1.29677e-14)
(-22.7602 24.5437 -1.23388e-14)
(-23.3192 25.9068 -1.18403e-14)
(-23.8738 27.2812 -1.13052e-14)
(-24.4106 28.6557 -1.15257e-14)
(-24.9218 30.016 -1.10121e-14)
(-25.402 31.3509 -1.09552e-14)
(-25.8458 32.6491 -8.89383e-15)
(-26.2481 33.899 -8.25038e-15)
(-26.6037 35.0893 -8.16578e-15)
(-26.908 36.2089 -8.26112e-15)
(-27.1564 37.2474 -7.58853e-15)
(-27.346 38.1969 -7.4322e-15)
(-27.4727 39.0465 -6.79319e-15)
(-27.5339 39.7924 -6.72246e-15)
(-27.5064 40.3825 -6.37402e-15)
(-27.4151 40.8466 -6.5309e-15)
(-27.2667 41.1964 -6.49035e-15)
(-27.0601 41.428 -5.84488e-15)
(-26.7962 41.5406 -4.61086e-15)
(-26.4767 41.5351 -4.89857e-15)
(-26.1042 41.4141 -4.79794e-15)
(-25.6817 41.1812 -3.00341e-15)
(-25.2127 40.8412 -2.90432e-15)
(-24.701 40.3994 -1.73626e-15)
(-24.1506 39.8623 -2.33668e-15)
(-23.5655 39.2365 -2.2863e-15)
(-22.9499 38.5293 -2.46862e-15)
(-22.3079 37.7478 -1.52305e-15)
(-21.6433 36.8998 -1.32117e-15)
(-20.9602 35.9926 -1.14334e-15)
(-20.2621 35.0335 -1.91144e-15)
(-19.5522 34.0292 -1.96913e-15)
(-18.8328 32.9846 -1.16043e-15)
(-18.1022 31.8949 -1.17787e-15)
(-17.3727 30.7822 -6.17034e-16)
(-16.6474 29.6536 -7.01498e-16)
(-15.9278 28.5133 -2.27829e-16)
(-15.2155 27.365 9.39006e-17)
(-14.5144 26.217 3.16992e-17)
(-13.8285 25.0786 -2.3464e-16)
(-13.1575 23.9509 -2.33329e-16)
(-12.5047 22.8425 -3.28559e-16)
(-11.8659 21.7469 -3.08025e-16)
(-11.243 20.6689 2.61336e-16)
(-10.6372 19.6118 3.12835e-16)
(-10.0495 18.5781 3.84388e-16)
(-9.48036 17.5703 2.53095e-16)
(-8.93048 16.5902 2.16949e-16)
(-8.40025 15.6396 3.44316e-16)
(-7.89001 14.7197 3.86443e-16)
(-7.39994 13.8317 5.1148e-16)
(-6.93016 12.9764 3.97858e-16)
(-6.48069 12.1546 5.03182e-16)
(-6.05146 11.3667 4.46353e-16)
(-5.64231 10.6129 1.25523e-16)
(-5.25303 9.89316 5.08004e-16)
(-4.88332 9.2075 4.62138e-16)
(-4.53284 8.55559 1.64291e-16)
(-4.20118 7.93703 3.2584e-16)
(-3.88789 7.35127 3.56032e-16)
(-3.59248 6.79767 4.67165e-16)
(-3.31441 6.27546 5.44512e-16)
(-3.05312 5.78381 7.15481e-16)
(-2.80801 5.32175 6.45295e-16)
(-2.5785 4.88838 6.54878e-16)
(-2.36395 4.48262 8.11439e-16)
(-2.16371 4.1034 4.16626e-16)
(-1.97714 3.74961 2.20427e-16)
(-1.80361 3.42012 4.25447e-16)
(-1.64246 3.11381 3.72138e-16)
(-1.49305 2.82952 3.10039e-16)
(-1.35475 2.56611 3.67416e-16)
(-1.22694 2.32246 4.6468e-16)
(-1.109 2.09745 6.09181e-16)
(-1.00034 1.88999 4.47029e-16)
(-0.900392 1.69902 3.60624e-16)
(-0.808589 1.5235 4.77932e-16)
(-0.724397 1.36243 2.21099e-16)
(-0.647299 1.21485 2.4516e-16)
(-0.576801 1.07983 1.59528e-16)
(-0.51243 0.956479 2.13434e-16)
(-0.453739 0.84396 1.01295e-16)
(-0.400303 0.741468 1.888e-16)
(-0.351719 0.64824 2.61533e-16)
(-0.307607 0.56356 2.28573e-16)
(-0.267611 0.486748 4.59625e-16)
(-0.231395 0.417168 5.9507e-16)
(-0.198645 0.354224 3.53843e-16)
(-0.16907 0.297357 3.26358e-16)
(-0.142395 0.246048 5.12297e-16)
(-0.118368 0.199813 4.52052e-16)
(-0.0967529 0.158202 6.82443e-16)
(-0.077332 0.120798 4.33243e-16)
(-0.0599041 0.0872176 7.056e-16)
(-0.0442837 0.0571049 5.44228e-16)
(-0.0303003 0.0301343 5.47528e-16)
(-0.0178025 0.00602145 4.79242e-16)
(-0.00665097 -0.015488 5.21598e-16)
(0.00331626 -0.0347319 4.63323e-16)
(0.0121961 -0.0518919 6.27056e-16)
(0.0200975 -0.067173 8.74767e-16)
(0.0271205 -0.0807665 8.9528e-16)
(0.033356 -0.0928463 9.13827e-16)
(0.0388862 -0.10357 5.54025e-16)
(0.0437852 -0.11308 9.01851e-16)
(0.0481201 -0.121505 2.91214e-16)
(0.0519517 -0.128961 3.06738e-16)
(0.0553343 -0.135554 3.5035e-16)
(0.0583172 -0.141377 2.84843e-16)
(0.0609444 -0.146516 4.40994e-16)
(0.0632558 -0.151047 3.33046e-16)
(0.065286 -0.155035 4.74094e-16)
(0.0670689 -0.158551 1.30316e-16)
(0.0686295 -0.161636 6.52063e-16)
(0.0699971 -0.164348 2.42237e-16)
(0.071191 -0.166725 5.88699e-16)
(0.072233 -0.168811 -4.48979e-18)
(0.0731407 -0.170637 -4.59658e-17)
(0.0739299 -0.172235 3.78513e-16)
(0.0746149 -0.173632 6.2329e-16)
(0.0752081 -0.174852 2.57933e-16)
(0.0757206 -0.175916 4.09233e-16)
(0.0761623 -0.176843 2.71278e-16)
(0.0765417 -0.177649 1.49872e-16)
(0.0768666 -0.178351 7.77498e-17)
(0.0771437 -0.178959 -5.66448e-17)
(0.0773789 -0.179487 4.14901e-16)
(0.0775775 -0.179944 6.72318e-16)
(0.0777441 -0.180338 1.88241e-16)
(0.0778827 -0.180679 6.10394e-17)
(0.0779969 -0.180972 3.64382e-17)
(0.0780899 -0.181223 3.2251e-16)
(0.0781643 -0.181439 3.09356e-16)
(0.0782226 -0.181623 4.01011e-16)
(0.0782669 -0.18178 3.17035e-16)
(0.0782989 -0.181912 -1.31068e-16)
(0.0783203 -0.182024 2.86114e-17)
(0.0783326 -0.182118 2.56536e-16)
(0.0783368 -0.182196 4.4183e-16)
(0.0783342 -0.182261 5.9869e-16)
(0.0783257 -0.182313 2.58936e-16)
(0.078312 -0.182355 4.09531e-16)
(0.0782939 -0.182389 4.08333e-16)
(0.0782721 -0.182414 3.20159e-16)
(0.0782471 -0.182433 8.79442e-17)
(0.0782194 -0.182445 1.89708e-17)
(0.0781893 -0.182453 4.12133e-16)
(0.0781573 -0.182456 7.61566e-16)
(0.0781237 -0.182455 1.41858e-15)
(0.0780887 -0.182451 2.06615e-15)
(0.0780525 -0.182444 3.67493e-15)
(0.0780153 -0.182434 7.00712e-15)
(0.0779773 -0.182422 1.10259e-14)
(0.0779388 -0.182409 1.59499e-14)
(0.0778996 -0.182394 2.37116e-14)
(0.07786 -0.182377 3.34537e-14)
(0.07782 -0.182359 4.60787e-14)
(0.0777796 -0.18234 6.04155e-14)
(0.0777389 -0.182321 7.51323e-14)
(0.0776982 -0.182301 8.8764e-14)
(0.0776572 -0.18228 1.00179e-13)
(0.0776163 -0.18226 1.07444e-13)
(0.0775753 -0.182238 1.09234e-13)
(0.0775341 -0.182217 1.04771e-13)
(0.077492 -0.182195 9.5026e-14)
(0.0774482 -0.182172 8.17275e-14)
(0.0774013 -0.18215 6.69756e-14)
(0.0773542 -0.182124 5.16805e-14)
)
;
    }
    inlet
    {
        type            calculated;
        value           uniform (0 0 0);
    }
    rWedge
    {
        type            wedge;
    }
    lWedge
    {
        type            wedge;
    }
    outlet
    {
        type            calculated;
        value           nonuniform 0();
    }
    procBoundary1to0
    {
        type            processor;
        value           uniform (0 0 0);
    }
    procBoundary1to2
    {
        type            processor;
        value           uniform (0 0 0);
    }
}


// ************************************************************************* //
