/*--------------------------------*- C++ -*----------------------------------*\
| =========                 |                                                 |
| \\      /  F ield         | OpenFOAM: The Open Source CFD Toolbox           |
|  \\    /   O peration     | Version:  v1706                                 |
|   \\  /    A nd           | Web:      www.OpenFOAM.com                      |
|    \\/     M anipulation  |                                                 |
\*---------------------------------------------------------------------------*/
FoamFile
{
    version     2.0;
    format      ascii;
    class       volVectorField;
    location    "1.4e-05";
    object      wallShearStress;
}
// * * * * * * * * * * * * * * * * * * * * * * * * * * * * * * * * * * * * * //

dimensions      [1 -1 -2 0 0 0 0];


internalField   uniform (0 0 0);

boundaryField
{
    cone
    {
        type            calculated;
        value           nonuniform List<vector> 
181
(
(-42.3907 -17.6647 -3.33025e-14)
(-42.5173 -16.8998 -3.13302e-14)
(-42.4806 -16.1115 -2.95779e-14)
(-42.2884 -15.3215 -3.35807e-14)
(-41.9548 -14.5462 -3.07744e-14)
(-41.5007 -13.7993 -3.08049e-14)
(-40.9483 -13.09 -3.19927e-14)
(-40.3191 -12.423 -3.43063e-14)
(-39.6323 -11.7991 -3.59665e-14)
(-38.9023 -11.2165 -3.27608e-14)
(-38.1382 -10.6714 -3.52579e-14)
(-37.3431 -10.1591 -3.3943e-14)
(-36.5144 -9.67552 -3.61892e-14)
(-35.6442 -9.21783 -3.54397e-14)
(-34.7209 -8.78545 -3.47366e-14)
(-33.7304 -8.38076 -3.29874e-14)
(-32.6582 -8.00944 -3.48059e-14)
(-31.4914 -7.6806 -3.40482e-14)
(-30.2207 -7.4065 -3.51549e-14)
(-28.8418 -7.20187 -2.8522e-14)
(-27.3568 -7.08261 -2.73496e-14)
(-25.7751 -7.06404 -2.78404e-14)
(-24.1135 -7.15869 -2.8883e-14)
(-22.3955 -7.37424 -2.69366e-14)
(-20.6493 -7.71248 -2.78185e-14)
(-18.9053 -8.17003 -2.63846e-14)
(-17.1916 -8.74229 -2.71887e-14)
(-15.5244 -9.43286 -2.73943e-14)
(-13.9707 -10.2459 -2.9589e-14)
(-12.4727 -11.1151 -3.24368e-14)
(-11.1127 -12.073 -3.11322e-14)
(-9.90467 -13.1123 -2.80501e-14)
(-8.84775 -14.2128 -3.00574e-14)
(-7.96065 -15.3669 -3.27231e-14)
(-7.2534 -16.5722 -2.53663e-14)
(-6.74789 -17.8108 -2.94051e-14)
(-6.45779 -19.082 -2.40077e-14)
(-6.4012 -20.3774 -2.90977e-14)
(-6.59899 -21.6855 -3.17149e-14)
(-7.07352 -22.9934 -3.90201e-14)
(-7.84891 -24.2847 -3.29552e-14)
(-8.95002 -25.5382 -3.30698e-14)
(-10.4005 -26.7269 -3.09117e-14)
(-12.2192 -27.8178 -4.15933e-14)
(-14.4156 -28.7726 -4.55755e-14)
(-16.9831 -29.55 -4.04523e-14)
(-19.8915 -30.1109 -4.59252e-14)
(-23.0804 -30.4257 -3.67406e-14)
(-26.4558 -30.4834 -4.63914e-14)
(-29.8929 -30.3007 -4.22653e-14)
(-33.2503 -29.9247 -3.92245e-14)
(-36.3923 -29.4277 -4.01368e-14)
(-39.2168 -28.8908 -4.60834e-14)
(-41.6751 -28.3819 -4.74984e-14)
(-43.7774 -27.9384 -5.48466e-14)
(-45.5806 -27.5606 -5.71021e-14)
(-47.1648 -27.2156 -4.64458e-14)
(-48.6118 -26.8477 -4.62822e-14)
(-49.9845 -26.3929 -4.56881e-14)
(-51.3202 -25.7733 -4.83574e-14)
(-52.6002 -24.979 -4.97045e-14)
(-53.8771 -23.9807 -4.92566e-14)
(-55.0763 -22.6629 -4.96092e-14)
(-56.1871 -21.0234 -4.67808e-14)
(-57.17 -19.0313 -5.1627e-14)
(-57.9835 -16.6515 -4.64734e-14)
(-58.5805 -13.8579 -4.53264e-14)
(-58.9074 -10.6487 -5.4206e-14)
(-58.9056 -7.05174 -4.1338e-14)
(-58.5141 -3.13427 -4.1998e-14)
(-57.68 0.984636 -4.7537e-14)
(-56.3584 5.14171 -4.08794e-14)
(-54.529 9.13788 -3.8656e-14)
(-52.2054 12.7629 -3.47967e-14)
(-49.4398 15.8328 -3.26783e-14)
(-46.3225 18.2231 -2.82567e-14)
(-42.9725 19.8887 -2.7274e-14)
(-39.5193 20.8622 -2.55948e-14)
(-36.0848 21.2339 -2.11817e-14)
(-32.7691 21.1248 -2.66826e-14)
(-29.6435 20.6605 -2.59508e-14)
(-26.7503 19.9539 -2.07934e-14)
(-24.1076 19.0967 -2.07521e-14)
(-21.7152 18.1572 -1.95209e-14)
(-19.5606 17.183 -1.77054e-14)
(-17.6245 16.2048 -1.60396e-14)
(-15.8849 15.241 -1.50283e-14)
(-14.3189 14.3018 -1.63191e-14)
(-12.9051 13.3915 -1.57085e-14)
(-11.6239 12.5114 -1.38685e-14)
(-10.4584 11.6612 -1.59621e-14)
(-9.39366 10.8394 -1.55517e-14)
(-8.41726 10.0448 -1.65485e-14)
(-7.51862 9.27574 -1.50336e-14)
(-6.68887 8.53121 -1.58298e-14)
(-5.92059 7.81019 -1.54552e-14)
(-5.20753 7.11198 -1.44509e-14)
(-4.5444 6.43601 -1.52555e-14)
(-3.92671 5.78185 -1.27441e-14)
(-3.35061 5.14914 -1.19171e-14)
(-2.81271 4.53751 -1.35235e-14)
(-2.30999 3.94638 -1.38189e-14)
(-1.83883 3.37405 -1.26669e-14)
(-1.40222 2.82196 -1.30511e-14)
(-0.989334 2.29329 -1.05805e-14)
(-0.603736 1.78091 -1.22488e-14)
(-0.243349 1.28558 -9.21739e-15)
(0.0939114 0.809091 -1.03835e-14)
(0.410159 0.34876 -9.97697e-15)
(0.708245 -0.0994953 -1.05864e-14)
(0.988564 -0.534896 -9.4804e-15)
(1.25178 -0.957197 -1.02498e-14)
(1.49903 -1.36735 -8.77739e-15)
(1.73137 -1.76632 -7.2489e-15)
(1.94974 -2.15507 -7.58563e-15)
(2.15498 -2.5345 -7.28105e-15)
(2.34786 -2.90549 -1.03252e-14)
(2.52906 -3.26888 -6.57919e-15)
(2.69917 -3.62548 -1.25619e-14)
(2.85873 -3.97606 -1.18331e-14)
(3.00819 -4.32132 -1.19493e-14)
(3.14788 -4.6621 -1.29189e-14)
(3.27834 -4.999 -1.06916e-14)
(3.39967 -5.33275 -1.21579e-14)
(3.51213 -5.66399 -1.05601e-14)
(3.61589 -5.99335 -1.46964e-14)
(3.71105 -6.3214 -8.18027e-15)
(3.79765 -6.64872 -1.45924e-14)
(3.87566 -6.97587 -9.78489e-15)
(3.94499 -7.30335 -1.72021e-14)
(4.00551 -7.63169 -1.64332e-14)
(4.057 -7.96135 -1.21019e-14)
(4.09918 -8.29277 -9.01372e-15)
(4.1317 -8.62634 -1.3762e-14)
(4.15415 -8.96246 -1.32695e-14)
(4.16603 -9.30142 -1.32737e-14)
(4.16679 -9.6435 -1.60615e-14)
(4.15577 -9.98889 -1.6577e-14)
(4.13224 -10.3377 -1.80799e-14)
(4.09537 -10.6901 -1.21312e-14)
(4.04422 -11.0459 -8.84441e-15)
(3.9777 -11.405 -1.70239e-14)
(3.89464 -11.767 -1.95569e-14)
(3.79367 -12.1315 -1.95693e-14)
(3.67326 -12.4976 -1.45397e-14)
(3.53169 -12.8642 -1.40988e-14)
(3.36701 -13.2299 -1.37601e-14)
(3.17704 -13.5928 -1.57549e-14)
(2.95935 -13.9502 -2.37484e-14)
(2.71123 -14.2988 -2.05215e-14)
(2.42971 -14.6345 -1.84012e-14)
(2.1116 -14.952 -1.50825e-14)
(1.7535 -15.2449 -1.25614e-14)
(1.35186 -15.5053 -2.02388e-14)
(0.903064 -15.7234 -1.80511e-14)
(0.403613 -15.8876 -1.63785e-14)
(-0.149573 -15.9845 -1.97354e-14)
(-0.758758 -15.9984 -2.54865e-14)
(-1.4247 -15.9123 -2.75356e-14)
(-2.1459 -15.7085 -2.42456e-14)
(-2.91749 -15.3698 -2.43801e-14)
(-3.72996 -14.8825 -2.06911e-14)
(-4.56782 -14.2391 -2.8754e-14)
(-5.40836 -13.443 -3.08501e-14)
(-6.22149 -12.5124 -1.26306e-14)
(-6.97089 -11.4854 -7.95514e-15)
(-7.61266 -10.4002 -2.47918e-14)
(-8.11243 -9.31636 -1.83087e-14)
(-8.47154 -8.31332 -2.66793e-14)
(-8.62597 -7.44533 -2.12051e-14)
(-8.59094 -6.7598 -3.68172e-14)
(-8.37928 -6.29269 -2.12698e-13)
(-8.01222 -6.05959 -1.15812e-12)
(-7.5283 -6.04415 -4.76588e-12)
(-6.97625 -6.20506 -1.5176e-11)
(-6.39755 -6.49824 -3.86718e-11)
(-5.84821 -6.87409 -8.08812e-11)
(-5.32223 -7.27293 -1.41423e-10)
(-4.86018 -7.68462 -2.11271e-10)
(-4.46907 -8.08193 -2.73797e-10)
(-4.14932 -8.44613 -3.12694e-10)
)
;
    }
    inlet
    {
        type            calculated;
        value           uniform (0 0 0);
    }
    rWedge
    {
        type            wedge;
    }
    lWedge
    {
        type            wedge;
    }
    outlet
    {
        type            calculated;
        value           nonuniform 0();
    }
    procBoundary1to0
    {
        type            processor;
        value           uniform (0 0 0);
    }
    procBoundary1to2
    {
        type            processor;
        value           uniform (0 0 0);
    }
}


// ************************************************************************* //
