/*--------------------------------*- C++ -*----------------------------------*\
| =========                 |                                                 |
| \\      /  F ield         | OpenFOAM: The Open Source CFD Toolbox           |
|  \\    /   O peration     | Version:  v1706                                 |
|   \\  /    A nd           | Web:      www.OpenFOAM.com                      |
|    \\/     M anipulation  |                                                 |
\*---------------------------------------------------------------------------*/
FoamFile
{
    version     2.0;
    format      ascii;
    class       volVectorField;
    location    "1.5e-05";
    object      wallShearStress;
}
// * * * * * * * * * * * * * * * * * * * * * * * * * * * * * * * * * * * * * //

dimensions      [1 -1 -2 0 0 0 0];


internalField   uniform (0 0 0);

boundaryField
{
    cone
    {
        type            calculated;
        value           nonuniform List<vector> 
147
(
(3.1212 -0.28519 1.7597e-13)
(3.11896 -0.452663 -2.36954e-14)
(3.11873 -0.628419 -3.83531e-13)
(3.11677 -0.803118 -6.36392e-13)
(3.11442 -0.979182 -8.56671e-13)
(3.1114 -1.15538 -1.02542e-12)
(3.1076 -1.33198 -1.16702e-12)
(3.10303 -1.50909 -1.27255e-12)
(3.0988 -1.6863 -1.36185e-12)
(3.09364 -1.86327 -1.40214e-12)
(3.0876 -2.03997 -1.44565e-12)
(3.08086 -2.21639 -1.46199e-12)
(3.07358 -2.39251 -1.45363e-12)
(3.06585 -2.56833 -1.41419e-12)
(3.05772 -2.74383 -1.37277e-12)
(3.04917 -2.91898 -1.32232e-12)
(3.04018 -3.09374 -1.26635e-12)
(3.03075 -3.26809 -1.20805e-12)
(3.02086 -3.44199 -1.1476e-12)
(3.01053 -3.61544 -1.08396e-12)
(2.99978 -3.78842 -1.02437e-12)
(2.98862 -3.96095 -9.60455e-13)
(2.97705 -4.13304 -8.93696e-13)
(2.96507 -4.30474 -8.4027e-13)
(2.95265 -4.47611 -7.79233e-13)
(2.93973 -4.6472 -7.26593e-13)
(2.92625 -4.81804 -6.75334e-13)
(2.91216 -4.98866 -6.34424e-13)
(2.89741 -5.15906 -5.8796e-13)
(2.88197 -5.32919 -5.46032e-13)
(2.86586 -5.499 -5.09347e-13)
(2.8491 -5.66845 -4.73311e-13)
(2.83173 -5.83748 -4.39114e-13)
(2.81377 -6.00609 -4.12766e-13)
(2.79521 -6.17428 -3.87018e-13)
(2.77604 -6.34207 -3.64203e-13)
(2.7562 -6.50952 -3.43374e-13)
(2.73564 -6.67667 -3.18104e-13)
(2.71428 -6.84355 -2.9736e-13)
(2.69207 -7.01019 -2.77173e-13)
(2.66893 -7.17663 -2.62461e-13)
(2.6448 -7.3429 -2.57425e-13)
(2.6196 -7.50901 -2.43852e-13)
(2.59324 -7.67501 -2.24971e-13)
(2.56564 -7.84093 -2.1112e-13)
(2.53667 -8.00682 -2.02555e-13)
(2.50625 -8.17268 -1.97328e-13)
(2.47432 -8.33847 -1.85882e-13)
(2.44068 -8.50424 -1.74848e-13)
(2.40522 -8.67004 -1.63759e-13)
(2.3678 -8.8359 -1.59359e-13)
(2.32828 -9.00182 -1.52165e-13)
(2.28652 -9.16783 -1.47136e-13)
(2.24236 -9.33395 -1.39464e-13)
(2.19563 -9.5002 -1.33774e-13)
(2.14616 -9.66658 -1.29305e-13)
(2.09375 -9.83312 -1.26426e-13)
(2.03822 -9.99981 -1.1807e-13)
(1.97938 -10.1667 -1.18428e-13)
(1.91704 -10.3337 -1.11514e-13)
(1.85097 -10.5008 -1.07081e-13)
(1.78097 -10.6681 -1.05993e-13)
(1.7068 -10.8354 -1.07992e-13)
(1.62821 -11.0029 -1.0664e-13)
(1.54489 -11.1704 -9.91595e-14)
(1.45655 -11.3378 -9.24206e-14)
(1.3629 -11.5051 -8.98959e-14)
(1.26367 -11.6723 -8.51178e-14)
(1.15864 -11.8393 -8.51342e-14)
(1.04754 -12.0059 -8.02468e-14)
(0.93011 -12.172 -8.46123e-14)
(0.806087 -12.3376 -8.35817e-14)
(0.67519 -12.5026 -8.32065e-14)
(0.537119 -12.6667 -7.37101e-14)
(0.391604 -12.8298 -7.52963e-14)
(0.238395 -12.9916 -6.99763e-14)
(0.0772748 -13.1521 -6.78697e-14)
(-0.0919923 -13.3109 -6.51963e-14)
(-0.269686 -13.4679 -6.52666e-14)
(-0.455944 -13.6228 -6.23132e-14)
(-0.65094 -13.7754 -6.11902e-14)
(-0.854816 -13.9253 -6.11011e-14)
(-1.06769 -14.0722 -5.98725e-14)
(-1.28963 -14.2159 -6.08678e-14)
(-1.5207 -14.3561 -5.62635e-14)
(-1.7609 -14.4923 -5.74353e-14)
(-2.01017 -14.6242 -5.48893e-14)
(-2.26845 -14.7515 -5.57116e-14)
(-2.53556 -14.8739 -5.49685e-14)
(-2.81132 -14.9908 -5.65874e-14)
(-3.09546 -15.1021 -5.4434e-14)
(-3.38765 -15.2072 -5.29966e-14)
(-3.68748 -15.3059 -4.96511e-14)
(-3.99451 -15.3977 -4.90437e-14)
(-4.30816 -15.4824 -4.66537e-14)
(-4.62785 -15.5596 -4.85734e-14)
(-4.95288 -15.629 -4.70624e-14)
(-5.28251 -15.6903 -4.86873e-14)
(-5.61588 -15.7433 -4.75344e-14)
(-5.95213 -15.7878 -4.62994e-14)
(-6.29028 -15.8235 -4.6444e-14)
(-6.62932 -15.8504 -4.41916e-14)
(-6.96831 -15.8685 -4.72179e-14)
(-7.30606 -15.8777 -4.20137e-14)
(-7.64149 -15.8781 -4.12817e-14)
(-7.97362 -15.87 -4.40551e-14)
(-8.30154 -15.8532 -4.38613e-14)
(-8.62401 -15.8281 -4.12991e-14)
(-8.93993 -15.7947 -4.44577e-14)
(-9.24829 -15.7534 -4.26451e-14)
(-9.54816 -15.7045 -3.94866e-14)
(-9.83869 -15.6483 -3.96766e-14)
(-10.1191 -15.5852 -4.25628e-14)
(-10.3887 -15.5156 -3.99541e-14)
(-10.6471 -15.4399 -4.04891e-14)
(-10.8937 -15.3585 -3.74318e-14)
(-11.1281 -15.2716 -3.81068e-14)
(-11.35 -15.1795 -3.38312e-14)
(-11.5596 -15.0826 -3.22547e-14)
(-11.7568 -14.9813 -3.37481e-14)
(-11.9416 -14.8759 -3.37958e-14)
(-12.1143 -14.7667 -3.36964e-14)
(-12.2751 -14.6538 -3.53052e-14)
(-12.4242 -14.5374 -3.37416e-14)
(-12.562 -14.4178 -3.13247e-14)
(-12.6888 -14.2951 -3.23845e-14)
(-12.8051 -14.1693 -3.04969e-14)
(-12.9112 -14.0407 -2.88036e-14)
(-13.0075 -13.9091 -2.78697e-14)
(-13.0944 -13.7747 -2.68913e-14)
(-13.1722 -13.6377 -2.78001e-14)
(-13.2411 -13.4981 -2.5212e-14)
(-13.3015 -13.3558 -2.57141e-14)
(-13.3534 -13.2109 -2.32691e-14)
(-13.3971 -13.0635 -2.30794e-14)
(-13.4326 -12.9137 -2.2203e-14)
(-13.4601 -12.7615 -2.3784e-14)
(-13.4795 -12.6072 -2.31717e-14)
(-13.4909 -12.4507 -2.35276e-14)
(-13.4942 -12.2922 -2.44155e-14)
(-13.4893 -12.132 -2.50139e-14)
(-13.4762 -11.9702 -2.48015e-14)
(-13.4548 -11.8071 -2.49584e-14)
(-13.4248 -11.6429 -2.43664e-14)
(-13.3862 -11.4778 -2.23645e-14)
(-13.3389 -11.3122 -2.19935e-14)
(3.10159 -0.125401 2.07607e-13)
)
;
    }
    inlet
    {
        type            calculated;
        value           uniform (0 0 0);
    }
    rWedge
    {
        type            wedge;
    }
    lWedge
    {
        type            wedge;
    }
    outlet
    {
        type            calculated;
        value           nonuniform 0();
    }
    procBoundary3to2
    {
        type            processor;
        value           uniform (0 0 0);
    }
}


// ************************************************************************* //
