# Wall shear stress
# Time       	patch        	min          	max          
1.000000e-06	cone	(9.335187e-01 -2.329421e+00 -2.876960e-16)	(2.658866e+00 -6.606416e-03 1.003140e-13)
2.000000e-06	cone	(5.020221e-01 -1.523655e+00 -2.782402e-16)	(1.696916e+00 -3.991027e-03 1.038712e-13)
3.000000e-06	cone	(2.755628e-01 -1.048948e+00 -2.613544e-16)	(1.153310e+00 -2.778647e-03 9.154762e-14)
4.000000e-06	cone	(2.390144e-02 -7.799874e-01 -3.195276e-16)	(7.699916e-01 2.491696e-04 7.883246e-14)
5.000000e-06	cone	(-6.867850e+02 -1.505595e+02 -7.357966e-11)	(3.588217e-01 2.770021e+02 1.348636e-15)
6.000000e-06	cone	(-4.436298e+02 -1.083325e+02 -3.005564e-11)	(1.299857e+00 2.533549e+02 1.135381e-15)
7.000000e-06	cone	(-2.592513e+02 -6.531711e+01 -2.039693e-11)	(2.081556e+00 2.129008e+02 8.064956e-16)
8.000000e-06	cone	(-1.185270e+02 -5.661713e+01 -8.577276e-12)	(4.410630e+00 1.788599e+02 9.069529e-16)
9.000000e-06	cone	(-1.140026e+02 -4.068558e+01 -7.264856e-12)	(1.191449e-01 1.720588e+02 2.181936e-15)
1.000000e-05	cone	(-1.104565e+02 -3.845765e+01 -6.369185e-12)	(1.036859e-01 1.667148e+02 5.394335e-15)
1.100000e-05	cone	(-1.079445e+02 -4.327313e+01 -1.132865e-09)	(4.938523e+00 1.628203e+02 1.266914e-12)
1.200000e-05	cone	(-1.055107e+02 -4.860896e+01 -2.136054e-09)	(7.723643e+00 1.589093e+02 1.400714e-12)
1.300000e-05	cone	(-1.034177e+02 -5.340182e+01 -1.643609e-09)	(7.954191e+00 1.559323e+02 9.325939e-13)
1.400000e-05	cone	(-1.017143e+02 -5.652445e+01 -1.057346e-09)	(7.126505e+00 1.525124e+02 4.975202e-13)
1.500000e-05	cone	(-7.264405e+01 -5.932970e+01 -6.840750e-10)	(6.529147e+00 1.076439e+02 2.316281e-13)
1.600000e-05	cone	(-5.350555e+01 -6.173718e+01 -4.485408e-10)	(6.327242e+00 1.000937e+01 1.243982e-13)
1.700000e-05	cone	(-5.650072e+01 -6.399141e+01 -3.177186e-10)	(6.135201e+00 1.375638e+01 6.015409e-14)
1.800000e-05	cone	(-5.930574e+01 -6.594761e+01 -2.464159e-10)	(5.841298e+00 1.513015e+01 2.740894e-14)
1.900000e-05	cone	(-6.170636e+01 -6.757298e+01 -2.156741e-10)	(5.422328e+00 1.484137e+01 1.083600e-14)
2.000000e-05	cone	(-6.376593e+01 -6.888101e+01 -1.909534e-10)	(4.950791e+00 1.342923e+01 6.139170e-15)
2.100000e-05	cone	(-6.549795e+01 -6.993735e+01 -1.502497e-10)	(4.417787e+00 1.161605e+01 5.847671e-15)
2.200000e-05	cone	(-6.695048e+01 -7.080652e+01 -1.186528e-10)	(3.796735e+00 9.771993e+00 5.963632e-15)
2.300000e-05	cone	(-6.816660e+01 -7.153351e+01 -9.777037e-11)	(3.095699e+00 8.080331e+00 6.223625e-15)
2.400000e-05	cone	(-6.918455e+01 -7.214700e+01 -7.255813e-11)	(3.610002e+00 6.672959e+00 6.116635e-15)
2.500000e-05	cone	(-7.003816e+01 -7.266888e+01 -5.530304e-11)	(4.413924e+00 5.564177e+00 7.944479e-14)
2.600000e-05	cone	(-7.075295e+01 -7.311104e+01 -4.723333e-11)	(4.781515e+00 4.752002e+00 1.406569e-13)
2.700000e-05	cone	(-7.135113e+01 -7.348674e+01 -4.375551e-11)	(4.845960e+00 4.160312e+00 1.937701e-13)
2.800000e-05	cone	(-7.183878e+01 -7.378730e+01 -4.158940e-11)	(4.721030e+00 3.845381e+00 2.595954e-13)
2.900000e-05	cone	(-7.226713e+01 -7.407144e+01 -3.967585e-11)	(4.456480e+00 4.387863e+00 3.211669e-13)
3.000000e-05	cone	(-7.260741e+01 -7.430581e+01 -3.720313e-11)	(4.109061e+00 4.644989e+00 3.863381e-13)
3.100000e-05	cone	(-7.289574e+01 -7.450782e+01 -3.468553e-11)	(3.719881e+00 4.714131e+00 4.500394e-13)
3.200000e-05	cone	(-7.314500e+01 -7.467613e+01 -3.508906e-11)	(3.301780e+00 4.650250e+00 4.866116e-13)
3.300000e-05	cone	(-7.334765e+01 -7.481544e+01 -3.618523e-11)	(2.881707e+00 4.476420e+00 5.077495e-13)
3.400000e-05	cone	(-7.351570e+01 -7.493245e+01 -3.370461e-11)	(2.481118e+00 4.240663e+00 5.314773e-13)
3.500000e-05	cone	(-7.365621e+01 -7.503227e+01 -2.854591e-11)	(2.108283e+00 3.971190e+00 5.495543e-13)
3.600000e-05	cone	(-7.377403e+01 -7.511758e+01 -2.316235e-11)	(1.766136e+00 3.678737e+00 5.457981e-13)
3.700000e-05	cone	(-7.387416e+01 -7.519030e+01 -1.847976e-11)	(1.462620e+00 3.402672e+00 5.188582e-13)
3.800000e-05	cone	(-7.395834e+01 -7.525212e+01 -1.478469e-11)	(1.178082e+00 3.118192e+00 4.963806e-13)
3.900000e-05	cone	(-7.402919e+01 -7.530456e+01 -1.265657e-11)	(9.018833e-01 2.847752e+00 4.862268e-13)
4.000000e-05	cone	(-7.408873e+01 -7.534899e+01 -1.237555e-11)	(6.242100e-01 2.574248e+00 4.809098e-13)
