/*--------------------------------*- C++ -*----------------------------------*\
| =========                 |                                                 |
| \\      /  F ield         | OpenFOAM: The Open Source CFD Toolbox           |
|  \\    /   O peration     | Version:  v1706                                 |
|   \\  /    A nd           | Web:      www.OpenFOAM.com                      |
|    \\/     M anipulation  |                                                 |
\*---------------------------------------------------------------------------*/
FoamFile
{
    version     2.0;
    format      ascii;
    class       volVectorField;
    location    "3.3e-05";
    object      wallShearStress;
}
// * * * * * * * * * * * * * * * * * * * * * * * * * * * * * * * * * * * * * //

dimensions      [1 -1 -2 0 0 0 0];


internalField   uniform (0 0 0);

boundaryField
{
    cone
    {
        type            calculated;
        value           nonuniform List<vector> 
147
(
(-0.640781 -1.96532 -1.10033e-12)
(-0.661228 -3.0017 -1.38687e-12)
(-0.714762 -4.20872 -2.18761e-12)
(-0.766554 -5.35733 -2.82026e-12)
(-0.839469 -6.5547 -3.33869e-12)
(-0.921823 -7.72605 -3.79931e-12)
(-1.02048 -8.91289 -4.22382e-12)
(-1.13122 -10.0894 -4.59322e-12)
(-1.25655 -11.2684 -4.91919e-12)
(-1.39499 -12.4422 -5.13087e-12)
(-1.5473 -13.6141 -5.40056e-12)
(-1.71301 -14.7818 -5.59492e-12)
(-1.89228 -15.9459 -5.71592e-12)
(-2.08494 -17.1058 -5.7365e-12)
(-2.29097 -18.2614 -5.77597e-12)
(-2.51027 -19.4122 -5.77177e-12)
(-2.74276 -20.558 -5.76983e-12)
(-2.98835 -21.6985 -5.76535e-12)
(-3.24694 -22.8336 -5.70032e-12)
(-3.51844 -23.9627 -5.62215e-12)
(-3.80273 -25.0857 -5.54207e-12)
(-4.09969 -26.2023 -5.41278e-12)
(-4.40922 -27.3121 -5.29212e-12)
(-4.73119 -28.4148 -5.17714e-12)
(-5.06546 -29.5101 -5.01839e-12)
(-5.41189 -30.5978 -4.89383e-12)
(-5.77036 -31.6775 -4.75259e-12)
(-6.1407 -32.7489 -4.61463e-12)
(-6.52277 -33.8117 -4.46235e-12)
(-6.91645 -34.8656 -4.30692e-12)
(-7.32229 -35.9099 -4.15886e-12)
(-7.74015 -36.9442 -4.01551e-12)
(-8.16785 -37.9694 -3.86232e-12)
(-8.60631 -38.9847 -3.73407e-12)
(-9.0555 -39.9897 -3.58848e-12)
(-9.5152 -40.9842 -3.46443e-12)
(-9.98526 -41.9679 -3.33623e-12)
(-10.4655 -42.9405 -3.19818e-12)
(-10.9557 -43.9018 -3.05965e-12)
(-11.4556 -44.8516 -2.92832e-12)
(-11.9651 -45.7895 -2.81234e-12)
(-12.484 -46.7155 -2.73311e-12)
(-13.0121 -47.6289 -2.62773e-12)
(-13.5494 -48.5294 -2.5047e-12)
(-14.0952 -49.4177 -2.40198e-12)
(-14.6494 -50.2931 -2.31327e-12)
(-15.2118 -51.1556 -2.23415e-12)
(-15.7823 -52.0046 -2.14295e-12)
(-16.3605 -52.8401 -2.05597e-12)
(-16.9466 -53.6621 -1.96213e-12)
(-17.54 -54.4702 -1.88983e-12)
(-18.1404 -55.2641 -1.81536e-12)
(-18.7479 -56.0438 -1.7497e-12)
(-19.3615 -56.8096 -1.67513e-12)
(-19.9802 -57.5612 -1.61006e-12)
(-20.6024 -58.2992 -1.54979e-12)
(-21.2284 -59.0237 -1.49515e-12)
(-21.8649 -59.7303 -1.42884e-12)
(-22.5083 -60.4204 -1.38564e-12)
(-23.1567 -61.0951 -1.32976e-12)
(-23.8098 -61.7544 -1.27449e-12)
(-24.4674 -62.3984 -1.23262e-12)
(-25.1293 -63.0267 -1.20113e-12)
(-25.7953 -63.6393 -1.16359e-12)
(-26.4652 -64.2361 -1.11103e-12)
(-27.1386 -64.8171 -1.06237e-12)
(-27.8152 -65.3821 -1.02574e-12)
(-28.4949 -65.931 -9.78573e-13)
(-29.1774 -66.4636 -9.47981e-13)
(-29.8623 -66.9801 -9.04612e-13)
(-30.5495 -67.4803 -8.93087e-13)
(-31.2385 -67.9641 -8.68614e-13)
(-31.9294 -68.4314 -8.43817e-13)
(-32.6216 -68.8823 -7.95739e-13)
(-33.315 -69.3166 -7.75986e-13)
(-34.0094 -69.7345 -7.40275e-13)
(-34.7043 -70.1357 -7.12184e-13)
(-35.3997 -70.5204 -6.85551e-13)
(-36.0951 -70.8885 -6.66217e-13)
(-36.7903 -71.2398 -6.41016e-13)
(-37.4851 -71.5744 -6.19265e-13)
(-38.1793 -71.8924 -6.04738e-13)
(-38.8725 -72.1938 -5.82617e-13)
(-39.5645 -72.4786 -5.6897e-13)
(-40.2551 -72.7468 -5.39204e-13)
(-40.9439 -72.9984 -5.277e-13)
(-41.6308 -73.2334 -5.08584e-13)
(-42.3155 -73.452 -4.98253e-13)
(-42.9976 -73.654 -4.81357e-13)
(-43.6772 -73.8397 -4.71779e-13)
(-44.3535 -74.0088 -4.54103e-13)
(-45.0268 -74.1615 -4.40133e-13)
(-45.6967 -74.2981 -4.22188e-13)
(-46.3628 -74.4187 -4.07243e-13)
(-47.025 -74.5231 -3.91454e-13)
(-47.683 -74.6115 -3.8577e-13)
(-48.3367 -74.6839 -3.69704e-13)
(-48.9858 -74.7404 -3.663e-13)
(-49.6297 -74.781 -3.53648e-13)
(-50.2687 -74.8058 -3.40821e-13)
(-50.9023 -74.8154 -3.32197e-13)
(-51.5303 -74.8096 -3.1939e-13)
(-52.1527 -74.7885 -3.20372e-13)
(-52.769 -74.7521 -3.00893e-13)
(-53.3791 -74.7006 -2.8942e-13)
(-53.9829 -74.6341 -2.88748e-13)
(-54.5801 -74.5527 -2.80887e-13)
(-55.1707 -74.4567 -2.67755e-13)
(-55.754 -74.3458 -2.70418e-13)
(-56.3303 -74.2206 -2.59918e-13)
(-56.8992 -74.0815 -2.47316e-13)
(-57.4606 -73.9284 -2.42612e-13)
(-58.0143 -73.7613 -2.42489e-13)
(-58.5601 -73.5805 -2.3128e-13)
(-59.0979 -73.3861 -2.28205e-13)
(-59.6276 -73.1782 -2.16364e-13)
(-60.1488 -72.9571 -2.16241e-13)
(-60.6616 -72.7229 -2.02607e-13)
(-61.1657 -72.4759 -1.93177e-13)
(-61.661 -72.2162 -1.92816e-13)
(-62.1474 -71.9439 -1.8633e-13)
(-62.6247 -71.6594 -1.82702e-13)
(-63.0927 -71.3627 -1.83195e-13)
(-63.5514 -71.0542 -1.74814e-13)
(-64.0006 -70.7339 -1.66134e-13)
(-64.4402 -70.4021 -1.67354e-13)
(-64.8701 -70.059 -1.6048e-13)
(-65.2903 -69.7049 -1.53837e-13)
(-65.7004 -69.3398 -1.49138e-13)
(-66.1006 -68.9641 -1.42979e-13)
(-66.4906 -68.5779 -1.42721e-13)
(-66.8704 -68.1815 -1.34827e-13)
(-67.2399 -67.7751 -1.33553e-13)
(-67.5991 -67.3589 -1.25594e-13)
(-67.9478 -66.9331 -1.24199e-13)
(-68.2859 -66.4979 -1.18665e-13)
(-68.6135 -66.0537 -1.19616e-13)
(-68.9304 -65.6005 -1.14258e-13)
(-69.2367 -65.1386 -1.10977e-13)
(-69.5324 -64.6682 -1.09096e-13)
(-69.818 -64.1898 -1.08625e-13)
(-70.0933 -63.704 -1.06134e-13)
(-70.3581 -63.2111 -1.04451e-13)
(-70.6122 -62.7114 -1.01436e-13)
(-70.854 -62.2045 -9.64452e-14)
(-71.0847 -61.6893 -9.5067e-14)
(-0.699421 -0.957286 -3.99732e-13)
)
;
    }
    inlet
    {
        type            calculated;
        value           uniform (0 0 0);
    }
    rWedge
    {
        type            wedge;
    }
    lWedge
    {
        type            wedge;
    }
    outlet
    {
        type            calculated;
        value           nonuniform 0();
    }
    procBoundary3to2
    {
        type            processor;
        value           uniform (0 0 0);
    }
}


// ************************************************************************* //
