/*--------------------------------*- C++ -*----------------------------------*\
| =========                 |                                                 |
| \\      /  F ield         | OpenFOAM: The Open Source CFD Toolbox           |
|  \\    /   O peration     | Version:  v1706                                 |
|   \\  /    A nd           | Web:      www.OpenFOAM.com                      |
|    \\/     M anipulation  |                                                 |
\*---------------------------------------------------------------------------*/
FoamFile
{
    version     2.0;
    format      ascii;
    class       volVectorField;
    location    "1.3e-05";
    object      wallShearStress;
}
// * * * * * * * * * * * * * * * * * * * * * * * * * * * * * * * * * * * * * //

dimensions      [1 -1 -2 0 0 0 0];


internalField   uniform (0 0 0);

boundaryField
{
    cone
    {
        type            calculated;
        value           nonuniform List<vector> 
153
(
(-7.91835 -11.5775 -2.65044e-14)
(-7.92864 -11.5791 -2.51249e-14)
(-7.94433 -11.5824 -2.57025e-14)
(-7.96559 -11.5873 -2.65939e-14)
(-7.99245 -11.594 -2.44924e-14)
(-8.02512 -11.6024 -2.39316e-14)
(-8.064 -11.6123 -2.63985e-14)
(-8.10965 -11.6234 -2.46054e-14)
(-8.16268 -11.6358 -2.42729e-14)
(-8.22305 -11.6483 -2.50105e-14)
(-8.28993 -11.6602 -2.61857e-14)
(-8.36277 -11.673 -2.62279e-14)
(-8.44157 -11.6866 -2.72777e-14)
(-8.52631 -11.7012 -2.62142e-14)
(-8.61705 -11.7169 -2.48993e-14)
(-8.71429 -11.7337 -2.52524e-14)
(-8.81886 -11.7522 -2.68081e-14)
(-8.93249 -11.7703 -2.44182e-14)
(-9.05605 -11.7826 -2.54099e-14)
(-9.18714 -11.7974 -2.58481e-14)
(-9.32391 -11.8127 -2.4982e-14)
(-9.46814 -11.8267 -2.50354e-14)
(-9.61944 -11.8392 -2.2981e-14)
(-9.7774 -11.85 -2.30208e-14)
(-9.94156 -11.8589 -2.34145e-14)
(-10.1114 -11.8654 -2.22925e-14)
(-10.2863 -11.8689 -2.5342e-14)
(-10.4658 -11.8688 -2.52488e-14)
(-10.6492 -11.8645 -2.33871e-14)
(-10.836 -11.8555 -2.38648e-14)
(-11.0253 -11.8414 -2.61188e-14)
(-11.2165 -11.8219 -2.39685e-14)
(-11.4087 -11.7965 -2.53694e-14)
(-11.6011 -11.7649 -2.24655e-14)
(-11.7932 -11.7269 -2.31033e-14)
(-11.984 -11.6823 -2.3729e-14)
(-12.173 -11.6309 -2.33967e-14)
(-12.3595 -11.5727 -2.47934e-14)
(-12.5428 -11.5076 -2.50691e-14)
(-12.7223 -11.4356 -2.4055e-14)
(-12.8973 -11.3568 -2.31449e-14)
(-13.0671 -11.2713 -2.46556e-14)
(-13.2307 -11.1792 -2.21559e-14)
(-13.3871 -11.0808 -2.28001e-14)
(-13.5348 -10.9764 -2.35418e-14)
(-13.6712 -10.8664 -2.33186e-14)
(-13.7899 -10.7573 -2.36575e-14)
(-13.872 -10.6524 -2.21709e-14)
(-13.9596 -10.518 -2.26009e-14)
(-14.0974 -10.4058 -2.12657e-14)
(-14.2713 -10.3541 -2.36905e-14)
(-14.4788 -10.3276 -2.36949e-14)
(-14.7139 -10.3173 -2.2934e-14)
(-14.971 -10.3189 -2.2604e-14)
(-15.246 -10.3295 -2.24865e-14)
(-15.5353 -10.347 -2.19944e-14)
(-15.8355 -10.3694 -2.35606e-14)
(-16.1436 -10.3952 -2.28642e-14)
(-16.4564 -10.423 -2.24661e-14)
(-16.7712 -10.4513 -2.39201e-14)
(-17.0852 -10.4791 -2.17623e-14)
(-17.3958 -10.5051 -2.15468e-14)
(-17.7011 -10.528 -2.20895e-14)
(-17.9989 -10.5466 -2.26687e-14)
(-18.2875 -10.5595 -2.33373e-14)
(-18.5652 -10.5647 -2.07837e-14)
(-18.8276 -10.5625 -1.99293e-14)
(-19.0764 -10.5564 -1.98152e-14)
(-19.3107 -10.5461 -2.25977e-14)
(-19.5259 -10.5224 -2.23232e-14)
(-19.7242 -10.4897 -2.03623e-14)
(-19.9055 -10.4478 -1.94872e-14)
(-20.07 -10.3957 -1.85567e-14)
(-20.2174 -10.3325 -1.83385e-14)
(-20.3474 -10.2575 -2.04568e-14)
(-20.4594 -10.1699 -2.09651e-14)
(-20.5525 -10.068 -2.09122e-14)
(-20.6264 -9.9499 -2.05311e-14)
(-20.6781 -9.81948 -2.17508e-14)
(-20.7062 -9.67137 -2.27501e-14)
(-20.7082 -9.50564 -2.13533e-14)
(-20.6815 -9.32224 -2.09755e-14)
(-20.6227 -9.12108 -2.03607e-14)
(-20.5285 -8.90248 -1.98166e-14)
(-20.3956 -8.66722 -2.21413e-14)
(-20.2211 -8.41659 -2.08783e-14)
(-20.0031 -8.15231 -1.98084e-14)
(-19.7402 -7.87646 -2.09179e-14)
(-19.4329 -7.59123 -2.13319e-14)
(-19.0827 -7.29879 -2.0256e-14)
(-18.6926 -7.00125 -2.05738e-14)
(-18.2665 -6.70037 -1.867e-14)
(-17.8091 -6.3976 -1.72996e-14)
(-17.325 -6.09489 -1.90966e-14)
(-16.8186 -5.79307 -1.8025e-14)
(-16.2942 -5.49338 -1.92758e-14)
(-15.7556 -5.19699 -2.11872e-14)
(-15.2058 -4.90505 -1.93257e-14)
(-14.6479 -4.61872 -1.83319e-14)
(-14.0845 -4.33925 -1.47827e-14)
(-13.518 -4.06788 -1.77261e-14)
(-12.9509 -3.80586 -1.52245e-14)
(-12.3856 -3.55441 -1.68211e-14)
(-11.8246 -3.31466 -1.78911e-14)
(-11.2704 -3.08765 -1.55739e-14)
(-10.7254 -2.87427 -1.77911e-14)
(-10.1922 -2.67524 -1.86532e-14)
(-9.67298 -2.49111 -1.88872e-14)
(-9.1699 -2.32223 -1.6023e-14)
(-8.68491 -2.16874 -1.63106e-14)
(-8.2197 -2.03061 -1.54145e-14)
(-7.77571 -1.90763 -1.76324e-14)
(-7.35408 -1.79943 -1.38019e-14)
(-6.95568 -1.70548 -1.44724e-14)
(-6.5811 -1.62518 -1.50274e-14)
(-6.23068 -1.5578 -1.50235e-14)
(-5.90453 -1.50258 -1.57833e-14)
(-5.60254 -1.45872 -1.55764e-14)
(-5.3245 -1.42539 -1.46659e-14)
(-5.07007 -1.40177 -1.52876e-14)
(-4.8389 -1.38696 -1.55144e-14)
(-4.63067 -1.38006 -1.41719e-14)
(-4.44502 -1.37998 -1.59852e-14)
(-4.28144 -1.38561 -1.68042e-14)
(-4.13941 -1.39751 -1.49059e-14)
(-4.01565 -1.41374 -1.42633e-14)
(-3.91148 -1.4347 -1.55796e-14)
(-3.82726 -1.45888 -1.40744e-14)
(-3.76308 -1.48206 -1.4488e-14)
(-3.72362 -1.51054 -1.4922e-14)
(-3.69154 -1.53617 -1.45263e-14)
(-3.67248 -1.56769 -1.40942e-14)
(-3.67005 -1.59845 -1.24201e-14)
(-3.6829 -1.63005 -1.34718e-14)
(-3.71023 -1.66141 -1.2524e-14)
(-3.7509 -1.69214 -1.13022e-14)
(-3.80419 -1.7219 -1.34536e-14)
(-3.86952 -1.75041 -1.23863e-14)
(-3.9463 -1.77735 -1.33176e-14)
(-4.03392 -1.80243 -1.49445e-14)
(-4.13172 -1.82538 -1.61976e-14)
(-4.23906 -1.84595 -1.54258e-14)
(-4.35522 -1.8639 -1.36376e-14)
(-4.4795 -1.87902 -1.22794e-14)
(-4.61112 -1.89111 -1.30905e-14)
(-4.74928 -1.9 -1.50028e-14)
(-4.89315 -1.90554 -1.35509e-14)
(-5.0419 -1.90765 -1.28361e-14)
(-5.19466 -1.90625 -1.42574e-14)
(-5.35057 -1.90134 -1.5208e-14)
(-5.50875 -1.89294 -1.41889e-14)
(-5.66836 -1.88111 -1.47443e-14)
(-5.82853 -1.86591 -1.21573e-14)
)
;
    }
    inlet
    {
        type            calculated;
        value           uniform (0 0 0);
    }
    rWedge
    {
        type            wedge;
    }
    lWedge
    {
        type            wedge;
    }
    outlet
    {
        type            calculated;
        value           nonuniform 0();
    }
    procBoundary2to0
    {
        type            processor;
        value           uniform (0 0 0);
    }
    procBoundary2to1
    {
        type            processor;
        value           uniform (0 0 0);
    }
    procBoundary2to3
    {
        type            processor;
        value           uniform (0 0 0);
    }
}


// ************************************************************************* //
