/*--------------------------------*- C++ -*----------------------------------*\
| =========                 |                                                 |
| \\      /  F ield         | OpenFOAM: The Open Source CFD Toolbox           |
|  \\    /   O peration     | Version:  v1706                                 |
|   \\  /    A nd           | Web:      www.OpenFOAM.com                      |
|    \\/     M anipulation  |                                                 |
\*---------------------------------------------------------------------------*/
FoamFile
{
    version     2.0;
    format      ascii;
    class       volVectorField;
    location    "1.1e-05";
    object      wallShearStress;
}
// * * * * * * * * * * * * * * * * * * * * * * * * * * * * * * * * * * * * * //

dimensions      [1 -1 -2 0 0 0 0];


internalField   uniform (0 0 0);

boundaryField
{
    cone
    {
        type            calculated;
        value           nonuniform List<vector> 
181
(
(-82.608 -12.9517 -6.22349e-14)
(-83.9993 -8.45061 -5.86938e-14)
(-84.8885 -2.95573 -5.43127e-14)
(-85.1389 3.56676 -5.70249e-14)
(-84.5486 10.9943 -5.27117e-14)
(-82.8626 18.9407 -4.974e-14)
(-79.8032 26.7058 -4.74692e-14)
(-75.1692 33.364 -4.5342e-14)
(-68.9775 38.0093 -4.1292e-14)
(-61.5345 40.1039 -3.50795e-14)
(-53.3895 39.6688 -3.30065e-14)
(-45.1677 37.2055 -2.8962e-14)
(-37.396 33.4385 -2.7344e-14)
(-30.4116 29.0644 -2.44276e-14)
(-24.3625 24.6117 -2.2129e-14)
(-19.2557 20.4117 -2.02573e-14)
(-15.0147 16.6319 -2.00939e-14)
(-11.5256 13.3275 -1.91348e-14)
(-8.66667 10.4878 -1.87335e-14)
(-6.32422 8.06923 -1.49226e-14)
(-4.39954 6.01585 -1.39475e-14)
(-2.81039 4.27107 -1.43131e-14)
(-1.48979 2.78276 -1.4949e-14)
(-0.384471 1.50593 -1.4213e-14)
(0.549749 0.393185 -1.45508e-14)
(1.34258 -0.580441 -1.39824e-14)
(2.0345 -1.42804 -1.45992e-14)
(2.62359 -2.18721 -1.48358e-14)
(3.13802 -2.86852 -1.57663e-14)
(3.59042 -3.48542 -1.64811e-14)
(3.99069 -4.04929 -1.5353e-14)
(4.34704 -4.56911 -1.36466e-14)
(4.66604 -5.05213 -1.47323e-14)
(4.95309 -5.50443 -1.57889e-14)
(5.21263 -5.93114 -1.20281e-14)
(5.44823 -6.33648 -1.33167e-14)
(5.6627 -6.72407 -1.10612e-14)
(5.85888 -7.09647 -1.43161e-14)
(6.03803 -7.45656 -1.54461e-14)
(6.20206 -7.80628 -1.73946e-14)
(6.35221 -8.14737 -1.41417e-14)
(6.48956 -8.48148 -1.37441e-14)
(6.61498 -8.81002 -1.35373e-14)
(6.72916 -9.13426 -1.75186e-14)
(6.83267 -9.45532 -1.86461e-14)
(6.92593 -9.77422 -1.60896e-14)
(7.00927 -10.0919 -1.70565e-14)
(7.0829 -10.4092 -1.39944e-14)
(7.14694 -10.7269 -1.71873e-14)
(7.20142 -11.0459 -1.50615e-14)
(7.2463 -11.3667 -1.3618e-14)
(7.28142 -11.6902 -1.45136e-14)
(7.30657 -12.0168 -1.77593e-14)
(7.32141 -12.3473 -1.90612e-14)
(7.32554 -12.6823 -2.19543e-14)
(7.31844 -13.0222 -2.23012e-14)
(7.29951 -13.3676 -1.77515e-14)
(7.26802 -13.719 -1.78783e-14)
(7.22314 -14.0769 -1.80965e-14)
(7.16389 -14.4417 -1.9343e-14)
(7.08919 -14.8137 -2.13736e-14)
(6.99777 -15.1934 -2.11195e-14)
(6.88821 -15.581 -2.14295e-14)
(6.7589 -15.9767 -2.08161e-14)
(6.60804 -16.3806 -2.40213e-14)
(6.43358 -16.7927 -2.13512e-14)
(6.2332 -17.2128 -2.27013e-14)
(6.00431 -17.6406 -2.87585e-14)
(5.74396 -18.0755 -2.23877e-14)
(5.44883 -18.5166 -2.43255e-14)
(5.11519 -18.9628 -2.95486e-14)
(4.73878 -19.4122 -2.74752e-14)
(4.31483 -19.8626 -2.89294e-14)
(3.83792 -20.3108 -2.72337e-14)
(3.30197 -20.753 -2.79426e-14)
(2.70005 -21.1837 -2.58299e-14)
(2.02444 -21.5964 -2.7772e-14)
(1.2664 -21.9823 -2.82592e-14)
(0.41619 -22.3305 -2.32132e-14)
(-0.53702 -22.6269 -3.5139e-14)
(-1.60514 -22.8539 -3.94622e-14)
(-2.80109 -22.9893 -3.32048e-14)
(-4.13849 -23.0057 -3.71836e-14)
(-5.63126 -22.8694 -3.84524e-14)
(-7.29252 -22.5401 -3.74022e-14)
(-9.13309 -21.9706 -3.55362e-14)
(-11.1588 -21.109 -3.28427e-14)
(-13.3674 -19.9009 -3.89627e-14)
(-15.7443 -18.2942 -4.0684e-14)
(-18.2614 -16.2428 -3.6438e-14)
(-20.8766 -13.712 -4.41259e-14)
(-23.4687 -10.6893 -4.31133e-14)
(-25.9594 -7.30763 -4.77308e-14)
(-28.23 -3.69243 -4.43794e-14)
(-30.0499 -0.00898785 -4.64505e-14)
(-31.3128 3.44603 -4.54597e-14)
(-31.9207 6.43015 -4.23498e-14)
(-31.8183 8.73205 -4.43327e-14)
(-31.0273 10.1863 -3.6568e-14)
(-29.6459 10.7596 -3.25665e-14)
(-27.8487 10.5682 -3.64097e-14)
(-25.8356 9.82042 -3.68944e-14)
(-23.7838 8.74447 -3.20476e-14)
(-21.825 7.54047 -3.37778e-14)
(-20.0396 6.35632 -2.67871e-14)
(-18.4638 5.28341 -3.17131e-14)
(-17.1005 4.36463 -2.2969e-14)
(-15.9316 3.60759 -2.53665e-14)
(-14.929 2.99803 -2.44613e-14)
(-14.0611 2.51067 -2.60678e-14)
(-13.2987 2.11706 -2.35786e-14)
(-12.6166 1.79043 -2.46566e-14)
(-11.9949 1.50829 -2.164e-14)
(-11.419 1.25333 -1.70649e-14)
(-10.8788 1.01327 -1.69532e-14)
(-10.3677 0.780149 -1.61045e-14)
(-9.8817 0.549333 -2.31287e-14)
(-9.41848 0.318562 -1.36506e-14)
(-8.97688 0.0870963 -2.64073e-14)
(-8.55628 -0.14489 -2.40221e-14)
(-8.15635 -0.376757 -2.37115e-14)
(-7.77675 -0.607749 -2.55094e-14)
(-7.41694 -0.837469 -2.04064e-14)
(-7.07524 -1.06728 -2.26543e-14)
(-6.75513 -1.2955 -1.90449e-14)
(-6.4506 -1.51837 -2.66866e-14)
(-6.16259 -1.7417 -1.37982e-14)
(-5.89157 -1.96659 -2.52518e-14)
(-5.63606 -2.19158 -1.56597e-14)
(-5.39588 -2.41758 -2.88868e-14)
(-5.17101 -2.64506 -2.76653e-14)
(-4.96166 -2.87419 -2.01109e-14)
(-4.76825 -3.10493 -1.44719e-14)
(-4.59133 -3.33698 -2.17461e-14)
(-4.43149 -3.56997 -2.00929e-14)
(-4.2893 -3.80349 -2.06569e-14)
(-4.16531 -4.03724 -2.44834e-14)
(-4.06021 -4.27057 -2.50914e-14)
(-3.97458 -4.50303 -2.75772e-14)
(-3.90919 -4.7344 -1.75443e-14)
(-3.86468 -4.96391 -1.18717e-14)
(-3.84225 -5.1909 -2.35901e-14)
(-3.84296 -5.41433 -2.63873e-14)
(-3.86808 -5.63296 -2.64387e-14)
(-3.91894 -5.84538 -1.95727e-14)
(-3.99687 -6.04994 -1.86442e-14)
(-4.10315 -6.24489 -1.80506e-14)
(-4.23895 -6.42831 -2.00214e-14)
(-4.40522 -6.59819 -3.07579e-14)
(-4.60261 -6.75246 -2.62125e-14)
(-4.83133 -6.88903 -2.31577e-14)
(-5.09101 -7.00588 -1.84152e-14)
(-5.38054 -7.10113 -1.42064e-14)
(-5.6979 -7.17324 -2.41854e-14)
(-6.04013 -7.22101 -2.20475e-14)
(-6.40315 -7.24375 -1.963e-14)
(-6.78186 -7.24132 -2.3713e-14)
(-7.17013 -7.21412 -3.0677e-14)
(-7.56084 -7.16321 -3.28573e-14)
(-7.94606 -7.09029 -2.76115e-14)
(-8.31714 -6.99784 -2.80452e-14)
(-8.66464 -6.8894 -2.31651e-14)
(-8.97799 -6.77029 -3.23643e-14)
(-9.24567 -6.64935 -3.42627e-14)
(-9.45672 -6.53851 -1.47382e-14)
(-9.59287 -6.44781 -8.04812e-15)
(-9.66998 -6.38695 -2.45046e-14)
(-9.70192 -6.33947 -1.84983e-14)
(-9.66972 -6.32185 -2.51054e-14)
(-9.56761 -6.34776 -1.33366e-14)
(-9.41715 -6.41435 -2.07805e-14)
(-9.22435 -6.51713 -1.99936e-13)
(-9.00209 -6.6542 -5.23835e-12)
(-8.75888 -6.81929 -2.97325e-11)
(-8.5066 -7.00839 -1.02696e-10)
(-8.25562 -7.21411 -2.53658e-10)
(-8.01416 -7.42947 -4.73856e-10)
(-7.78887 -7.64837 -6.96271e-10)
(-7.58452 -7.86559 -8.3199e-10)
(-7.40401 -8.07699 -8.3132e-10)
(-7.24866 -8.2796 -7.10641e-10)
)
;
    }
    inlet
    {
        type            calculated;
        value           uniform (0 0 0);
    }
    rWedge
    {
        type            wedge;
    }
    lWedge
    {
        type            wedge;
    }
    outlet
    {
        type            calculated;
        value           nonuniform 0();
    }
    procBoundary1to0
    {
        type            processor;
        value           uniform (0 0 0);
    }
    procBoundary1to2
    {
        type            processor;
        value           uniform (0 0 0);
    }
}


// ************************************************************************* //
