/*--------------------------------*- C++ -*----------------------------------*\
| =========                 |                                                 |
| \\      /  F ield         | OpenFOAM: The Open Source CFD Toolbox           |
|  \\    /   O peration     | Version:  v1706                                 |
|   \\  /    A nd           | Web:      www.OpenFOAM.com                      |
|    \\/     M anipulation  |                                                 |
\*---------------------------------------------------------------------------*/
FoamFile
{
    version     2.0;
    format      ascii;
    class       volVectorField;
    location    "1.3e-05";
    object      wallShearStress;
}
// * * * * * * * * * * * * * * * * * * * * * * * * * * * * * * * * * * * * * //

dimensions      [1 -1 -2 0 0 0 0];


internalField   uniform (0 0 0);

boundaryField
{
    cone
    {
        type            calculated;
        value           nonuniform List<vector> 
153
(
(-163.872 -142.59 -7.12853e-14)
(-164.084 -141.126 -5.85073e-14)
(-164.267 -139.651 -5.75069e-14)
(-164.42 -138.165 -6.39708e-14)
(-164.541 -136.668 -5.35253e-14)
(-164.632 -135.158 -4.6328e-14)
(-164.69 -133.638 -5.5841e-14)
(-164.717 -132.108 -4.4753e-14)
(-164.713 -130.568 -4.17919e-14)
(-164.677 -129.018 -4.09728e-14)
(-164.609 -127.46 -4.16422e-14)
(-164.509 -125.893 -3.86851e-14)
(-164.377 -124.319 -4.34685e-14)
(-164.213 -122.737 -3.76833e-14)
(-164.016 -121.149 -3.00199e-14)
(-163.788 -119.554 -2.89116e-14)
(-163.526 -117.954 -3.40325e-14)
(-163.231 -116.348 -2.38571e-14)
(-162.903 -114.737 -2.40642e-14)
(-162.542 -113.121 -2.51647e-14)
(-162.146 -111.501 -2.06989e-14)
(-161.715 -109.877 -2.08283e-14)
(-161.248 -108.249 -1.07697e-14)
(-160.745 -106.617 -9.31862e-15)
(-160.204 -104.981 -9.55864e-15)
(-159.625 -103.341 -4.35388e-15)
(-159.005 -101.698 -1.26034e-14)
(-158.344 -100.051 -1.1305e-14)
(-157.638 -98.4003 -4.4771e-15)
(-156.887 -96.745 -3.70483e-15)
(-156.087 -95.0849 -1.04594e-14)
(-155.236 -93.4192 -2.20478e-15)
(-154.329 -91.7471 -6.46911e-15)
(-153.361 -90.068 3.9328e-15)
(-152.328 -88.3809 2.60592e-15)
(-151.225 -86.6842 1.08368e-15)
(-150.044 -84.9762 2.51616e-15)
(-148.779 -83.2548 -3.54759e-16)
(-147.419 -81.5176 -1.26225e-15)
(-145.956 -79.7614 2.75253e-15)
(-144.378 -77.9811 6.47042e-15)
(-142.671 -76.1734 2.91893e-15)
(-140.813 -74.3379 9.67717e-15)
(-138.786 -72.4667 8.63451e-15)
(-136.556 -70.5546 7.77467e-15)
(-134.112 -68.5999 8.60633e-15)
(-131.396 -66.671 6.40677e-15)
(-128.283 -64.5444 1.02362e-14)
(-124.724 -62.355 1.01447e-14)
(-121.245 -60.4076 1.19672e-14)
(-118.146 -58.8273 5.63157e-15)
(-115.296 -57.3977 4.36959e-15)
(-112.627 -56.0667 5.71333e-15)
(-110.102 -54.8151 5.89059e-15)
(-107.698 -53.6289 6.475e-15)
(-105.4 -52.4977 6.69643e-15)
(-103.196 -51.4142 2.35736e-15)
(-101.077 -50.3728 2.78115e-15)
(-99.0351 -49.3692 3.70085e-15)
(-97.065 -48.4001 -9.16999e-16)
(-95.1619 -47.4629 3.29107e-15)
(-93.3215 -46.5552 3.65915e-15)
(-91.5403 -45.6752 4.95187e-16)
(-89.8152 -44.8213 -4.99534e-16)
(-88.1436 -43.9921 -3.29359e-15)
(-86.5231 -43.1865 7.33928e-16)
(-84.9515 -42.4033 1.93846e-15)
(-83.4268 -41.6416 2.57672e-15)
(-81.9472 -40.9005 -3.74293e-15)
(-80.511 -40.1793 -4.55834e-15)
(-79.1168 -39.4773 3.36019e-16)
(-77.763 -38.7937 -1.87387e-16)
(-76.4483 -38.1279 1.01911e-15)
(-75.1714 -37.4795 8.59346e-16)
(-73.9311 -36.8477 -3.31651e-15)
(-72.7263 -36.2321 -5.68508e-15)
(-71.5557 -35.6322 -5.43502e-15)
(-70.4184 -35.0474 -4.90113e-15)
(-69.3132 -34.4774 -9.00413e-15)
(-68.239 -33.9215 -1.10989e-14)
(-67.1949 -33.3794 -9.14606e-15)
(-66.1798 -32.8507 -9.04131e-15)
(-65.1927 -32.3349 -8.76978e-15)
(-64.2324 -31.8317 -8.16195e-15)
(-63.2979 -31.3407 -1.39536e-14)
(-62.3881 -30.8618 -1.18384e-14)
(-61.5019 -30.3947 -1.12093e-14)
(-60.6383 -29.9393 -1.37208e-14)
(-59.7961 -29.4956 -1.59481e-14)
(-58.9745 -29.0638 -1.48869e-14)
(-58.1726 -28.6441 -1.7801e-14)
(-57.3898 -28.2366 -1.43175e-14)
(-56.6259 -27.8418 -1.09839e-14)
(-55.8806 -27.4599 -1.64614e-14)
(-55.1543 -27.0912 -1.51163e-14)
(-54.4478 -26.7355 -1.75006e-14)
(-53.762 -26.3926 -2.30461e-14)
(-53.0982 -26.062 -1.97119e-14)
(-52.458 -25.7424 -2.02683e-14)
(-51.8428 -25.4322 -1.21486e-14)
(-51.2537 -25.1292 -2.07598e-14)
(-50.6912 -24.8308 -1.41706e-14)
(-50.155 -24.5339 -1.98385e-14)
(-49.6434 -24.2356 -2.57634e-14)
(-49.1533 -23.9329 -1.89816e-14)
(-48.6803 -23.6232 -2.49213e-14)
(-48.2186 -23.3038 -2.85691e-14)
(-47.7619 -22.9736 -3.15167e-14)
(-47.2944 -22.6395 -2.34942e-14)
(-46.8131 -22.3072 -2.53592e-14)
(-46.3106 -21.9719 -2.32551e-14)
(-45.7789 -21.6448 -3.20208e-14)
(-45.2127 -21.3361 -2.08851e-14)
(-44.6114 -21.0554 -2.37318e-14)
(-43.9772 -20.8131 -2.39619e-14)
(-43.3158 -20.622 -2.46694e-14)
(-42.636 -20.4977 -2.86956e-14)
(-41.9679 -20.4384 -2.92393e-14)
(-41.3277 -20.4371 -2.65366e-14)
(-40.7581 -20.4957 -2.98741e-14)
(-40.2825 -20.5928 -3.10966e-14)
(-39.9041 -20.726 -2.6391e-14)
(-39.6324 -20.8928 -3.22223e-14)
(-39.4824 -21.0807 -3.47327e-14)
(-39.4859 -21.2502 -3.04213e-14)
(-39.6511 -21.3835 -2.89589e-14)
(-39.9676 -21.4528 -3.52748e-14)
(-40.4196 -21.4376 -3.11759e-14)
(-40.975 -21.3146 -3.25106e-14)
(-41.5998 -21.0724 -3.54318e-14)
(-42.2424 -20.7251 -3.45609e-14)
(-42.8197 -20.2386 -3.41179e-14)
(-43.4013 -19.6441 -2.9384e-14)
(-43.8797 -18.9033 -3.22511e-14)
(-44.1736 -18.0724 -2.83061e-14)
(-44.276 -17.1656 -2.5121e-14)
(-44.1566 -16.2179 -3.17889e-14)
(-43.8016 -15.2666 -2.80986e-14)
(-43.2126 -14.3492 -2.97784e-14)
(-42.4042 -13.5016 -3.3537e-14)
(-41.4023 -12.7555 -3.84543e-14)
(-40.2419 -12.1362 -3.85059e-14)
(-38.9642 -11.6604 -3.46688e-14)
(-37.6136 -11.335 -2.99854e-14)
(-36.2345 -11.1577 -3.13331e-14)
(-34.868 -11.1168 -3.64531e-14)
(-33.5498 -11.1939 -3.294e-14)
(-32.3079 -11.3658 -3.12575e-14)
(-31.1616 -11.6071 -3.48892e-14)
(-30.122 -11.893 -3.76517e-14)
(-29.1915 -12.1999 -3.53041e-14)
(-28.3637 -12.5081 -3.71421e-14)
(-27.6243 -12.8033 -3.02339e-14)
)
;
    }
    inlet
    {
        type            calculated;
        value           uniform (0 0 0);
    }
    rWedge
    {
        type            wedge;
    }
    lWedge
    {
        type            wedge;
    }
    outlet
    {
        type            calculated;
        value           nonuniform 0();
    }
    procBoundary2to0
    {
        type            processor;
        value           uniform (0 0 0);
    }
    procBoundary2to1
    {
        type            processor;
        value           uniform (0 0 0);
    }
    procBoundary2to3
    {
        type            processor;
        value           uniform (0 0 0);
    }
}


// ************************************************************************* //
