/*--------------------------------*- C++ -*----------------------------------*\
| =========                 |                                                 |
| \\      /  F ield         | OpenFOAM: The Open Source CFD Toolbox           |
|  \\    /   O peration     | Version:  v1706                                 |
|   \\  /    A nd           | Web:      www.OpenFOAM.com                      |
|    \\/     M anipulation  |                                                 |
\*---------------------------------------------------------------------------*/
FoamFile
{
    version     2.0;
    format      ascii;
    class       volVectorField;
    location    "3.1e-05";
    object      wallShearStress;
}
// * * * * * * * * * * * * * * * * * * * * * * * * * * * * * * * * * * * * * //

dimensions      [1 -1 -2 0 0 0 0];


internalField   uniform (0 0 0);

boundaryField
{
    cone
    {
        type            calculated;
        value           nonuniform List<vector> 
119
(
(-2.62945 1.13071 -3.18406e-11)
(-2.32903 0.93588 -3.39282e-11)
(-2.06809 0.753302 -3.46855e-11)
(-1.84567 0.586067 -3.40521e-11)
(-1.66039 0.436474 -3.21373e-11)
(-1.50895 0.303906 -2.91736e-11)
(-1.3938 0.188652 -2.55049e-11)
(-1.30373 0.0982967 -2.15061e-11)
(-1.24791 0.0294162 -1.74517e-11)
(-1.21923 -0.0181066 -1.36056e-11)
(-1.21158 -0.0479205 -1.01936e-11)
(-1.22496 -0.0592672 -7.28343e-12)
(-1.2567 -0.0505163 -4.94027e-12)
(-1.30424 -0.0242755 -3.16135e-12)
(-1.36379 0.0177017 -1.85757e-12)
(-1.43181 0.0731774 -9.45202e-13)
(-1.50502 0.138288 -3.27858e-13)
(-1.57653 0.214392 6.07766e-14)
(-1.65401 0.296028 2.85589e-13)
(-1.72682 0.383843 4.00611e-13)
(-1.79196 0.47328 4.44978e-13)
(-1.84871 0.562326 4.50039e-13)
(-1.89521 0.649378 4.28312e-13)
(-1.92959 0.732056 4.00671e-13)
(-1.95069 0.809182 3.64807e-13)
(-1.95765 0.879574 3.26823e-13)
(-1.94975 0.942029 2.92139e-13)
(-1.92654 0.995624 2.60319e-13)
(-1.88788 1.03966 2.34782e-13)
(-1.83385 1.07365 2.1418e-13)
(-1.76476 1.0972 1.9366e-13)
(-1.68106 1.11002 1.74223e-13)
(-1.58338 1.11188 1.64549e-13)
(-1.47256 1.10262 1.48246e-13)
(-1.34961 1.08216 1.39107e-13)
(-1.2158 1.0506 1.28082e-13)
(-1.07265 1.00821 1.19756e-13)
(-0.921923 0.955518 1.07464e-13)
(-0.765635 0.893305 9.87361e-14)
(-0.605992 0.822612 8.94564e-14)
(-0.44538 0.744777 7.70684e-14)
(-0.286408 0.661366 7.17991e-14)
(-0.130693 0.572562 6.32836e-14)
(0.013537 0.482852 5.44297e-14)
(0.153137 0.398696 4.93414e-14)
(0.27817 0.315801 4.11539e-14)
(0.388242 0.238205 4.1195e-14)
(0.481975 0.169327 4.15247e-14)
(0.557792 0.111076 3.178e-14)
(0.614685 0.0652431 2.81751e-14)
(0.651616 0.0337463 2.3896e-14)
(0.668966 0.0181327 1.95576e-14)
(0.671184 0.0155611 1.72152e-14)
(0.659274 0.0264286 1.50516e-14)
(0.634275 0.0508635 8.60366e-15)
(0.601384 0.0846422 1.12817e-14)
(0.565868 0.123238 1.02152e-14)
(0.533479 0.160949 4.87197e-15)
(0.510368 0.190809 2.21887e-15)
(0.500881 0.207426 2.09643e-15)
(0.509093 0.205688 2.23313e-15)
(0.540247 0.177164 2.68582e-15)
(0.59537 0.11815 2.36617e-15)
(0.674066 0.0262621 2.68519e-16)
(0.774007 -0.098885 -1.98287e-16)
(0.890844 -0.255544 -2.74565e-15)
(1.01868 -0.440157 -1.9566e-15)
(1.1509 -0.647923 -3.74068e-15)
(1.28109 -0.873441 -3.74495e-15)
(1.40369 -1.11148 -3.72555e-15)
(1.51286 -1.35673 -3.05283e-15)
(1.60515 -1.60394 -3.89666e-15)
(1.67476 -1.84966 -4.65334e-15)
(1.71763 -2.09058 -2.23032e-15)
(1.72996 -2.32355 -3.3895e-15)
(1.70824 -2.54577 -1.43267e-15)
(1.64926 -2.75438 -1.55135e-15)
(1.5498 -2.94618 -3.331e-15)
(1.40623 -3.11724 -6.19903e-16)
(1.21432 -3.26247 -5.20105e-15)
(0.968998 -3.37507 -7.79531e-16)
(0.664311 -3.44574 -1.00328e-15)
(0.293733 -3.46209 -3.36336e-15)
(-0.148466 -3.40867 -2.52964e-15)
(-0.664815 -3.26843 -1.69403e-15)
(-1.25246 -3.02485 2.51783e-15)
(-1.90203 -2.66246 -6.19914e-17)
(-2.60507 -2.16196 -5.17956e-15)
(-3.28178 -1.51245 -2.89878e-15)
(-3.97912 -0.774884 -2.80947e-15)
(-4.56081 0.0540854 -2.48493e-15)
(-4.98274 0.899537 -2.96898e-15)
(-5.19628 1.65234 -6.01358e-15)
(-5.1474 2.2195 -2.72348e-15)
(-4.82101 2.49333 -2.8737e-15)
(-4.25672 2.43865 -4.8199e-15)
(-3.54871 2.11065 -8.98937e-15)
(-2.80099 1.61052 -1.6247e-16)
(-2.09688 1.04214 -1.76259e-15)
(-1.4879 0.485429 3.67279e-15)
(-0.993776 -0.0139525 2.50528e-15)
(-0.608104 -0.44386 -2.34046e-15)
(-0.324465 -0.808954 -6.78859e-16)
(-0.104817 -1.1047 1.05023e-15)
(0.052863 -1.35069 -7.53329e-15)
(0.168682 -1.5624 -3.96065e-15)
(0.257805 -1.7495 -6.58669e-15)
(0.327607 -1.92068 -5.95511e-15)
(0.383445 -2.08205 -5.62777e-15)
(0.428884 -2.23724 -3.85403e-15)
(0.46668 -2.3888 -3.30589e-15)
(0.496618 -2.53976 -5.07799e-15)
(0.515758 -2.69503 5.7348e-16)
(0.516378 -2.86191 -4.23275e-15)
(0.4831 -3.04522 1.96269e-16)
(0.418844 -3.25012 -4.45648e-15)
(0.270748 -3.45845 -4.75769e-15)
(0.192928 -3.71204 -9.81863e-16)
(-0.460339 -3.9072 -3.38163e-15)
)
;
    }
    inlet
    {
        type            calculated;
        value           uniform (0 0 0);
    }
    rWedge
    {
        type            wedge;
    }
    lWedge
    {
        type            wedge;
    }
    outlet
    {
        type            calculated;
        value           uniform (0 0 0);
    }
    procBoundary0to1
    {
        type            processor;
        value           uniform (0 0 0);
    }
    procBoundary0to2
    {
        type            processor;
        value           uniform (0 0 0);
    }
}


// ************************************************************************* //
