/*--------------------------------*- C++ -*----------------------------------*\
| =========                 |                                                 |
| \\      /  F ield         | OpenFOAM: The Open Source CFD Toolbox           |
|  \\    /   O peration     | Version:  v1706                                 |
|   \\  /    A nd           | Web:      www.OpenFOAM.com                      |
|    \\/     M anipulation  |                                                 |
\*---------------------------------------------------------------------------*/
FoamFile
{
    version     2.0;
    format      ascii;
    class       volVectorField;
    location    "1.8e-05";
    object      wallShearStress;
}
// * * * * * * * * * * * * * * * * * * * * * * * * * * * * * * * * * * * * * //

dimensions      [1 -1 -2 0 0 0 0];


internalField   uniform (0 0 0);

boundaryField
{
    cone
    {
        type            calculated;
        value           nonuniform List<vector> 
147
(
(4.28957 -5.36939 -2.82078e-12)
(4.41671 -8.17323 -3.74437e-12)
(4.33643 -11.3873 -6.0537e-12)
(4.2126 -14.495 -7.30087e-12)
(4.02407 -17.7265 -8.50087e-12)
(3.80523 -20.8739 -9.495e-12)
(3.53569 -24.0842 -1.03818e-11)
(3.23556 -27.2412 -1.11612e-11)
(2.89 -30.4259 -1.19292e-11)
(2.51167 -33.5779 -1.22607e-11)
(2.09152 -36.7371 -1.26488e-11)
(1.6368 -39.8748 -1.30858e-11)
(1.14272 -43.0084 -1.32242e-11)
(0.613088 -46.1254 -1.32075e-11)
(0.0457215 -49.2325 -1.31678e-11)
(-0.557496 -52.3242 -1.2991e-11)
(-1.19736 -55.4027 -1.28734e-11)
(-1.87291 -58.4654 -1.26875e-11)
(-2.58426 -61.5125 -1.2477e-11)
(-3.33084 -64.5426 -1.21372e-11)
(-4.11249 -67.5552 -1.18816e-11)
(-4.93202 -70.5478 -1.15494e-11)
(-5.78732 -73.5197 -1.11289e-11)
(-6.67292 -76.4729 -1.08267e-11)
(-7.59204 -79.4058 -1.04213e-11)
(-8.54431 -82.3168 -1.00767e-11)
(-9.5294 -85.2051 -9.65277e-12)
(-10.5469 -88.0699 -9.32839e-12)
(-11.5962 -90.9104 -8.92722e-12)
(-12.6771 -93.7257 -8.53946e-12)
(-13.789 -96.5151 -8.23174e-12)
(-14.9314 -99.2778 -7.84213e-12)
(-16.1038 -102.013 -7.49778e-12)
(-17.3057 -104.72 -7.21721e-12)
(-18.5366 -107.398 -6.85419e-12)
(-19.7961 -110.046 -6.58008e-12)
(-21.0834 -112.664 -6.31297e-12)
(-22.398 -115.25 -5.99258e-12)
(-23.7397 -117.804 -5.71961e-12)
(-25.1076 -120.325 -5.42049e-12)
(-26.5009 -122.814 -5.18448e-12)
(-27.9193 -125.269 -5.01474e-12)
(-29.362 -127.69 -4.78865e-12)
(-30.8285 -130.076 -4.52926e-12)
(-32.3181 -132.426 -4.30391e-12)
(-33.8303 -134.74 -4.14543e-12)
(-35.3643 -137.018 -3.98399e-12)
(-36.9195 -139.258 -3.809e-12)
(-38.4953 -141.461 -3.61955e-12)
(-40.0908 -143.625 -3.41761e-12)
(-41.7056 -145.75 -3.28593e-12)
(-43.3389 -147.836 -3.13949e-12)
(-44.9898 -149.883 -3.01026e-12)
(-46.6579 -151.889 -2.86601e-12)
(-48.3424 -153.854 -2.75389e-12)
(-50.0425 -155.778 -2.62344e-12)
(-51.7575 -157.661 -2.52014e-12)
(-53.4867 -159.502 -2.37739e-12)
(-55.2288 -161.3 -2.29937e-12)
(-56.9842 -163.056 -2.18473e-12)
(-58.7516 -164.769 -2.08514e-12)
(-60.5302 -166.439 -2.01267e-12)
(-62.3194 -168.065 -1.94913e-12)
(-64.1183 -169.648 -1.87827e-12)
(-65.9262 -171.187 -1.77694e-12)
(-67.7423 -172.681 -1.68914e-12)
(-69.5659 -174.131 -1.63328e-12)
(-71.3963 -175.536 -1.5465e-12)
(-73.2327 -176.896 -1.49404e-12)
(-75.0742 -178.211 -1.40149e-12)
(-76.9202 -179.481 -1.38718e-12)
(-78.7698 -180.705 -1.353e-12)
(-80.6223 -181.884 -1.31679e-12)
(-82.4773 -183.017 -1.21853e-12)
(-84.3333 -184.105 -1.1916e-12)
(-86.1901 -185.146 -1.12229e-12)
(-88.0468 -186.142 -1.07299e-12)
(-89.9024 -187.092 -1.02476e-12)
(-91.7565 -187.995 -9.86278e-13)
(-93.6086 -188.853 -9.39106e-13)
(-95.4574 -189.666 -9.01947e-13)
(-97.3021 -190.432 -8.78369e-13)
(-99.1425 -191.152 -8.39e-13)
(-100.978 -191.827 -8.12405e-13)
(-102.807 -192.456 -7.56307e-13)
(-104.629 -193.039 -7.31972e-13)
(-106.443 -193.577 -7.04345e-13)
(-108.25 -194.07 -6.85848e-13)
(-110.048 -194.517 -6.50765e-13)
(-111.835 -194.92 -6.4337e-13)
(-113.614 -195.278 -6.10909e-13)
(-115.381 -195.592 -5.83576e-13)
(-117.136 -195.861 -5.52592e-13)
(-118.88 -196.085 -5.30043e-13)
(-120.609 -196.266 -5.04386e-13)
(-122.327 -196.403 -5.0337e-13)
(-124.029 -196.498 -4.75348e-13)
(-125.716 -196.55 -4.70772e-13)
(-127.388 -196.558 -4.51265e-13)
(-129.045 -196.524 -4.25778e-13)
(-130.684 -196.449 -4.13384e-13)
(-132.306 -196.332 -3.87299e-13)
(-133.909 -196.172 -4.0612e-13)
(-135.496 -195.972 -3.65624e-13)
(-137.061 -195.732 -3.427e-13)
(-138.607 -195.452 -3.48617e-13)
(-140.134 -195.132 -3.38936e-13)
(-141.64 -194.772 -3.12388e-13)
(-143.126 -194.374 -3.28421e-13)
(-144.59 -193.939 -3.13086e-13)
(-146.032 -193.465 -2.885e-13)
(-147.45 -192.953 -2.80805e-13)
(-148.843 -192.407 -2.89864e-13)
(-150.215 -191.824 -2.7028e-13)
(-151.564 -191.204 -2.7047e-13)
(-152.883 -190.554 -2.46925e-13)
(-154.175 -189.874 -2.496e-13)
(-155.45 -189.151 -2.19218e-13)
(-156.701 -188.392 -2.03756e-13)
(-157.927 -187.599 -2.08677e-13)
(-159.126 -186.775 -1.98781e-13)
(-160.299 -185.918 -1.9174e-13)
(-161.445 -185.03 -1.93984e-13)
(-162.564 -184.111 -1.796e-13)
(-163.655 -183.161 -1.63001e-13)
(-164.719 -182.182 -1.71286e-13)
(-165.754 -181.174 -1.58912e-13)
(-166.762 -180.138 -1.47231e-13)
(-167.741 -179.073 -1.35924e-13)
(-168.691 -177.982 -1.25073e-13)
(-169.612 -176.863 -1.32308e-13)
(-170.504 -175.719 -1.13882e-13)
(-171.367 -174.549 -1.15091e-13)
(-172.2 -173.355 -1.00024e-13)
(-173.004 -172.137 -1.02292e-13)
(-173.777 -170.894 -9.09802e-14)
(-174.521 -169.629 -9.66222e-14)
(-175.234 -168.342 -8.80024e-14)
(-175.916 -167.033 -8.34021e-14)
(-176.568 -165.703 -8.0712e-14)
(-177.192 -164.352 -8.28827e-14)
(-177.788 -162.984 -7.96917e-14)
(-178.361 -161.602 -7.78562e-14)
(-178.908 -160.21 -7.56632e-14)
(-179.422 -158.801 -6.53634e-14)
(-179.903 -157.371 -6.73102e-14)
(3.81494 -2.76688 -1.03003e-12)
)
;
    }
    inlet
    {
        type            calculated;
        value           uniform (0 0 0);
    }
    rWedge
    {
        type            wedge;
    }
    lWedge
    {
        type            wedge;
    }
    outlet
    {
        type            calculated;
        value           nonuniform 0();
    }
    procBoundary3to2
    {
        type            processor;
        value           uniform (0 0 0);
    }
}


// ************************************************************************* //
