/*--------------------------------*- C++ -*----------------------------------*\
| =========                 |                                                 |
| \\      /  F ield         | OpenFOAM: The Open Source CFD Toolbox           |
|  \\    /   O peration     | Version:  v1706                                 |
|   \\  /    A nd           | Web:      www.OpenFOAM.com                      |
|    \\/     M anipulation  |                                                 |
\*---------------------------------------------------------------------------*/
FoamFile
{
    version     2.0;
    format      ascii;
    class       volVectorField;
    location    "1.8e-05";
    object      wallShearStress;
}
// * * * * * * * * * * * * * * * * * * * * * * * * * * * * * * * * * * * * * //

dimensions      [1 -1 -2 0 0 0 0];


internalField   uniform (0 0 0);

boundaryField
{
    cone
    {
        type            calculated;
        value           nonuniform List<vector> 
153
(
(-180.34 -155.915 -5.89372e-14)
(-180.745 -154.436 -4.78133e-14)
(-181.122 -152.945 -4.68143e-14)
(-181.471 -151.444 -5.4135e-14)
(-181.792 -149.93 -4.49052e-14)
(-182.082 -148.403 -3.86828e-14)
(-182.343 -146.864 -4.877e-14)
(-182.573 -145.313 -3.89206e-14)
(-182.774 -143.751 -3.55816e-14)
(-182.945 -142.179 -3.52014e-14)
(-183.086 -140.597 -3.59854e-14)
(-183.197 -139.006 -3.2711e-14)
(-183.279 -137.407 -3.75458e-14)
(-183.331 -135.799 -3.23389e-14)
(-183.354 -134.184 -2.55767e-14)
(-183.347 -132.562 -2.50857e-14)
(-183.312 -130.934 -3.06013e-14)
(-183.248 -129.3 -2.03536e-14)
(-183.154 -127.661 -2.0873e-14)
(-183.032 -126.017 -2.27036e-14)
(-182.882 -124.369 -1.73385e-14)
(-182.702 -122.718 -1.81054e-14)
(-182.494 -121.064 -8.81663e-15)
(-182.257 -119.407 -7.69126e-15)
(-181.991 -117.747 -8.0768e-15)
(-181.696 -116.086 -3.16823e-15)
(-181.371 -114.424 -1.10413e-14)
(-181.017 -112.76 -9.99701e-15)
(-180.632 -111.095 -3.36055e-15)
(-180.215 -109.429 -2.79161e-15)
(-179.766 -107.763 -9.22098e-15)
(-179.283 -106.096 -1.73184e-15)
(-178.764 -104.428 -6.01533e-15)
(-178.208 -102.76 3.89958e-15)
(-177.61 -101.09 2.60125e-15)
(-176.969 -99.4181 1.22517e-15)
(-176.278 -97.7438 1.45168e-15)
(-175.533 -96.0659 -1.6399e-15)
(-174.726 -94.3831 -2.75112e-15)
(-173.849 -92.693 1.35003e-15)
(-172.891 -90.9919 4.9916e-15)
(-171.839 -89.2806 2.53365e-15)
(-170.665 -87.5544 7.63187e-15)
(-169.349 -85.8079 6.64645e-15)
(-167.857 -84.0363 6.13001e-15)
(-166.125 -82.2378 7.14827e-15)
(-164.103 -80.3976 5.31264e-15)
(-161.575 -78.5635 9.30993e-15)
(-158.548 -76.5534 9.59845e-15)
(-155.672 -74.8642 1.12797e-14)
(-153.113 -73.5034 6.90256e-15)
(-150.782 -72.3042 6.37891e-15)
(-148.622 -71.2205 7.76366e-15)
(-146.577 -70.2264 7.38423e-15)
(-144.629 -69.2944 7.78155e-15)
(-142.767 -68.4012 8.00374e-15)
(-140.97 -67.5432 5.99503e-15)
(-139.23 -66.728 6.53756e-15)
(-137.541 -65.9422 8.41456e-15)
(-135.896 -65.1802 5.33262e-15)
(-134.288 -64.4392 8.29279e-15)
(-132.714 -63.7165 9.65807e-15)
(-131.169 -63.0099 7.28716e-15)
(-129.65 -62.3174 7.0646e-15)
(-128.156 -61.6374 5.58104e-15)
(-126.682 -60.9683 9.19043e-15)
(-125.228 -60.3092 1.07204e-14)
(-123.791 -59.6587 1.27388e-14)
(-122.371 -59.0162 9.04488e-15)
(-120.966 -58.3808 7.82852e-15)
(-119.575 -57.7519 1.22656e-14)
(-118.198 -57.1289 1.31775e-14)
(-116.833 -56.5113 1.48256e-14)
(-115.48 -55.8987 1.59646e-14)
(-114.138 -55.2908 1.30517e-14)
(-112.808 -54.6872 1.15837e-14)
(-111.489 -54.0878 1.11302e-14)
(-110.18 -53.4924 1.2829e-14)
(-108.881 -52.9008 1.05344e-14)
(-107.593 -52.3129 9.43508e-15)
(-106.315 -51.7286 1.16039e-14)
(-105.048 -51.1479 1.19635e-14)
(-103.791 -50.5708 1.2196e-14)
(-102.544 -49.9972 1.39989e-14)
(-101.307 -49.4271 1.0395e-14)
(-100.081 -48.8607 1.23065e-14)
(-98.8658 -48.298 1.45221e-14)
(-97.6612 -47.739 1.27582e-14)
(-96.4676 -47.1838 1.08926e-14)
(-95.285 -46.6325 1.26726e-14)
(-94.1136 -46.0851 1.07967e-14)
(-92.9537 -45.5419 1.34365e-14)
(-91.8053 -45.0028 1.74122e-14)
(-90.6686 -44.468 1.43073e-14)
(-89.5438 -43.9376 1.55415e-14)
(-88.4311 -43.4116 1.35055e-14)
(-87.3307 -42.8903 9.83628e-15)
(-86.2425 -42.3737 1.35911e-14)
(-85.1669 -41.8618 1.47728e-14)
(-84.1039 -41.3549 2.22987e-14)
(-83.0537 -40.853 1.49868e-14)
(-82.0164 -40.3561 2.09354e-14)
(-80.9922 -39.8645 1.56121e-14)
(-79.981 -39.3781 1.17605e-14)
(-78.983 -38.897 1.7945e-14)
(-77.9983 -38.4214 1.2725e-14)
(-77.0269 -37.9513 9.97216e-15)
(-76.069 -37.4867 8.48815e-15)
(-75.1246 -37.0277 1.55409e-14)
(-74.1937 -36.5743 1.44959e-14)
(-73.2763 -36.1267 1.68163e-14)
(-72.3725 -35.6848 9.2556e-15)
(-71.4823 -35.2487 1.90052e-14)
(-70.6057 -34.8185 1.72104e-14)
(-69.7426 -34.394 1.70924e-14)
(-68.8932 -33.9754 1.65852e-14)
(-68.0572 -33.5627 1.32144e-14)
(-67.2348 -33.1558 1.31762e-14)
(-66.4258 -32.7548 1.50583e-14)
(-65.6302 -32.3597 1.19931e-14)
(-64.8478 -31.9704 1.08759e-14)
(-64.0787 -31.587 1.53941e-14)
(-63.3228 -31.2094 9.74995e-15)
(-62.5798 -30.8376 6.56699e-15)
(-61.8498 -30.4716 1.08598e-14)
(-61.1325 -30.1114 1.14636e-14)
(-60.428 -29.7569 5.85116e-15)
(-59.7359 -29.4082 9.67374e-15)
(-59.0562 -29.065 7.72814e-15)
(-58.3888 -28.7276 5.43675e-15)
(-57.7334 -28.3956 6.09587e-15)
(-57.0899 -28.0693 6.50884e-15)
(-56.4582 -27.7484 1.03742e-14)
(-55.8381 -27.433 7.55464e-15)
(-55.2295 -27.1231 1.03364e-14)
(-54.6321 -26.8184 1.40312e-14)
(-54.0458 -26.5191 6.71175e-15)
(-53.4704 -26.225 9.54655e-15)
(-52.9058 -25.9361 8.38686e-15)
(-52.3518 -25.6524 3.16855e-15)
(-51.8082 -25.3737 -1.56111e-15)
(-51.275 -25.1001 -1.66287e-15)
(-50.7519 -24.8315 1.58688e-15)
(-50.2388 -24.5678 5.01224e-15)
(-49.7356 -24.3089 3.00157e-15)
(-49.2421 -24.0549 -1.63141e-15)
(-48.7581 -23.8055 1.42588e-15)
(-48.2836 -23.5607 2.75635e-15)
(-47.8184 -23.3205 -8.52477e-16)
(-47.3621 -23.0848 -4.60828e-15)
(-46.9147 -22.8535 -2.65042e-15)
(-46.4757 -22.6266 -5.20609e-15)
(-46.0451 -22.4041 1.14192e-15)
)
;
    }
    inlet
    {
        type            calculated;
        value           uniform (0 0 0);
    }
    rWedge
    {
        type            wedge;
    }
    lWedge
    {
        type            wedge;
    }
    outlet
    {
        type            calculated;
        value           nonuniform 0();
    }
    procBoundary2to0
    {
        type            processor;
        value           uniform (0 0 0);
    }
    procBoundary2to1
    {
        type            processor;
        value           uniform (0 0 0);
    }
    procBoundary2to3
    {
        type            processor;
        value           uniform (0 0 0);
    }
}


// ************************************************************************* //
