/*--------------------------------*- C++ -*----------------------------------*\
| =========                 |                                                 |
| \\      /  F ield         | OpenFOAM: The Open Source CFD Toolbox           |
|  \\    /   O peration     | Version:  v1706                                 |
|   \\  /    A nd           | Web:      www.OpenFOAM.com                      |
|    \\/     M anipulation  |                                                 |
\*---------------------------------------------------------------------------*/
FoamFile
{
    version     2.0;
    format      ascii;
    class       volVectorField;
    location    "1.6e-05";
    object      wallShearStress;
}
// * * * * * * * * * * * * * * * * * * * * * * * * * * * * * * * * * * * * * //

dimensions      [1 -1 -2 0 0 0 0];


internalField   uniform (0 0 0);

boundaryField
{
    cone
    {
        type            calculated;
        value           nonuniform List<vector> 
181
(
(-1.26561 -2.01983 -9.44673e-15)
(-1.16017 -2.03648 -9.11734e-15)
(-1.06548 -2.05709 -9.00521e-15)
(-0.982866 -2.08124 -1.01469e-14)
(-0.909826 -2.10743 -1.00849e-14)
(-0.845734 -2.13554 -1.03995e-14)
(-0.789969 -2.16495 -1.07276e-14)
(-0.743296 -2.19583 -1.10672e-14)
(-0.705382 -2.22784 -1.09669e-14)
(-0.676273 -2.26066 -1.02142e-14)
(-0.655592 -2.29464 -1.06467e-14)
(-0.643678 -2.32816 -1.05268e-14)
(-0.640335 -2.36188 -1.08784e-14)
(-0.645639 -2.3955 -1.05436e-14)
(-0.659476 -2.42858 -1.03637e-14)
(-0.681691 -2.46087 -1.01442e-14)
(-0.712131 -2.49214 -1.06724e-14)
(-0.750637 -2.52215 -1.06054e-14)
(-0.797036 -2.55066 -1.07555e-14)
(-0.851133 -2.57744 -8.95601e-15)
(-0.912709 -2.60224 -8.63446e-15)
(-0.981514 -2.62484 -9.01228e-15)
(-1.05727 -2.64501 -9.61439e-15)
(-1.13965 -2.66254 -9.1794e-15)
(-1.22829 -2.67723 -9.45994e-15)
(-1.3228 -2.6889 -9.08272e-15)
(-1.42272 -2.69738 -9.5046e-15)
(-1.52755 -2.70252 -9.56932e-15)
(-1.63673 -2.70422 -1.00572e-14)
(-1.74967 -2.70241 -1.04186e-14)
(-1.8657 -2.69703 -9.55832e-15)
(-1.98413 -2.6881 -8.28469e-15)
(-2.10419 -2.67566 -8.93663e-15)
(-2.2251 -2.65983 -9.63372e-15)
(-2.34604 -2.64076 -6.9922e-15)
(-2.46613 -2.61868 -7.72964e-15)
(-2.58452 -2.59386 -6.05193e-15)
(-2.70033 -2.56665 -8.00085e-15)
(-2.81271 -2.53744 -8.56395e-15)
(-2.92082 -2.50668 -9.54194e-15)
(-3.02392 -2.47487 -7.413e-15)
(-3.1213 -2.4425 -7.1818e-15)
(-3.2124 -2.41011 -7.08192e-15)
(-3.29674 -2.3782 -9.57977e-15)
(-3.37399 -2.34723 -1.01064e-14)
(-3.44398 -2.31766 -8.50261e-15)
(-3.50659 -2.28991 -8.81305e-15)
(-3.56188 -2.26443 -7.05711e-15)
(-3.61001 -2.24156 -8.71879e-15)
(-3.65134 -2.22152 -7.22798e-15)
(-3.68636 -2.20443 -6.27653e-15)
(-3.71571 -2.19027 -6.7329e-15)
(-3.73984 -2.17929 -8.31725e-15)
(-3.7597 -2.17127 -8.93654e-15)
(-3.77604 -2.16579 -9.95893e-15)
(-3.78956 -2.16262 -9.42677e-15)
(-3.80099 -2.16164 -7.03764e-15)
(-3.81089 -2.16283 -7.10633e-15)
(-3.82042 -2.16554 -7.09396e-15)
(-3.83005 -2.16874 -7.63837e-15)
(-3.84021 -2.17299 -8.29613e-15)
(-3.85131 -2.17793 -8.11552e-15)
(-3.86387 -2.18303 -7.87807e-15)
(-3.87823 -2.188 -7.37296e-15)
(-3.89462 -2.19262 -7.98511e-15)
(-3.91322 -2.19667 -6.68914e-15)
(-3.93412 -2.19999 -7.10834e-15)
(-3.95736 -2.20243 -8.89856e-15)
(-3.98293 -2.2039 -6.45636e-15)
(-4.01078 -2.20433 -7.19772e-15)
(-4.04081 -2.20366 -8.48638e-15)
(-4.07291 -2.20191 -7.47924e-15)
(-4.10692 -2.19907 -7.67529e-15)
(-4.14269 -2.19518 -7.02824e-15)
(-4.18005 -2.19028 -6.89895e-15)
(-4.21885 -2.18444 -6.14254e-15)
(-4.2589 -2.17774 -6.34809e-15)
(-4.30006 -2.17024 -6.2812e-15)
(-4.34218 -2.16202 -5.42467e-15)
(-4.38512 -2.15317 -8.27404e-15)
(-4.42876 -2.14375 -8.48212e-15)
(-4.47301 -2.13384 -6.87463e-15)
(-4.51779 -2.12349 -7.63602e-15)
(-4.56289 -2.11291 -7.48956e-15)
(-4.60841 -2.10204 -7.09716e-15)
(-4.65432 -2.09092 -6.7379e-15)
(-4.70053 -2.07951 -6.48585e-15)
(-4.74704 -2.06793 -7.49961e-15)
(-4.79386 -2.05619 -7.43792e-15)
(-4.84099 -2.0443 -6.66162e-15)
(-4.88846 -2.03227 -8.07962e-15)
(-4.93629 -2.02009 -7.95231e-15)
(-4.9845 -2.00776 -8.75491e-15)
(-5.03314 -1.99526 -7.83217e-15)
(-5.08224 -1.98259 -8.31778e-15)
(-5.13183 -1.96973 -8.19926e-15)
(-5.18196 -1.95666 -7.58012e-15)
(-5.23266 -1.94337 -8.09321e-15)
(-5.28398 -1.92982 -6.50182e-15)
(-5.33595 -1.91601 -5.86146e-15)
(-5.38862 -1.9019 -6.91317e-15)
(-5.44201 -1.88747 -7.33625e-15)
(-5.49617 -1.87271 -6.4784e-15)
(-5.55114 -1.85759 -7.0462e-15)
(-5.60695 -1.84209 -5.47906e-15)
(-5.66364 -1.82619 -6.693e-15)
(-5.72126 -1.80985 -4.79977e-15)
(-5.77984 -1.79306 -5.62807e-15)
(-5.83943 -1.77578 -5.62581e-15)
(-5.90008 -1.75798 -6.15195e-15)
(-5.96184 -1.73962 -5.70563e-15)
(-6.02475 -1.72066 -6.21637e-15)
(-6.08888 -1.70106 -5.39923e-15)
(-6.1543 -1.68077 -4.29904e-15)
(-6.22106 -1.65972 -4.39e-15)
(-6.28924 -1.63785 -4.24838e-15)
(-6.35893 -1.61509 -6.15564e-15)
(-6.43021 -1.59135 -3.87094e-15)
(-6.50318 -1.56654 -7.34563e-15)
(-6.57794 -1.54053 -6.77174e-15)
(-6.65462 -1.5132 -6.61935e-15)
(-6.73333 -1.48442 -7.0817e-15)
(-6.81423 -1.45399 -5.8068e-15)
(-6.89745 -1.42173 -6.43705e-15)
(-6.98319 -1.38742 -5.55389e-15)
(-7.07164 -1.35079 -7.59029e-15)
(-7.163 -1.31154 -4.07492e-15)
(-7.25753 -1.26932 -6.97048e-15)
(-7.35549 -1.22372 -4.56841e-15)
(-7.45719 -1.17427 -7.95629e-15)
(-7.56297 -1.12041 -7.49686e-15)
(-7.67322 -1.0615 -5.54825e-15)
(-7.78838 -0.996798 -4.11361e-15)
(-7.90895 -0.925419 -6.1039e-15)
(-8.03549 -0.846342 -5.80441e-15)
(-8.16864 -0.758372 -5.84134e-15)
(-8.30912 -0.660114 -6.94447e-15)
(-8.45777 -0.549939 -6.89729e-15)
(-8.61553 -0.425948 -7.27084e-15)
(-8.78346 -0.285921 -4.94844e-15)
(-8.96277 -0.127278 -3.77816e-15)
(-9.15486 0.0529771 -6.47308e-15)
(-9.36127 0.25832 -6.9717e-15)
(-9.58377 0.492771 -6.76578e-15)
(-9.82432 0.760954 -5.21686e-15)
(-10.0851 1.06817 -5.14911e-15)
(-10.3686 1.42045 -5.04567e-15)
(-10.6775 1.82463 -5.43113e-15)
(-11.0147 2.28836 -7.27909e-15)
(-11.3833 2.82015 -6.38027e-15)
(-11.7866 3.4293 -5.62014e-15)
(-12.2279 4.12583 -4.51043e-15)
(-12.7105 4.92033 -3.53954e-15)
(-13.2376 5.82364 -4.28588e-15)
(-13.8118 6.8465 -2.45153e-15)
(-14.4352 7.99896 4.7837e-16)
(-15.1088 9.28969 4.59588e-15)
(-15.8321 10.725 1.23823e-14)
(-16.6028 12.3078 2.76913e-14)
(-17.4165 14.0361 5.53604e-14)
(-18.2657 15.9024 1.01217e-13)
(-19.1405 17.8919 1.75381e-13)
(-20.0276 19.9807 2.88593e-13)
(-20.9108 22.1345 4.57332e-13)
(-21.7711 24.3044 6.93017e-13)
(-22.5971 26.4505 9.8152e-13)
(-23.3627 28.5608 1.26194e-12)
(-24.0322 30.5726 1.36687e-12)
(-24.5823 32.4344 9.05922e-13)
(-24.9913 34.0973 -8.33484e-13)
(-25.2443 35.5211 -4.92019e-12)
(-25.312 36.6427 -1.24732e-11)
(-25.1928 37.4119 -2.38748e-11)
(-24.9242 37.8806 -3.77123e-11)
(-24.5068 38.0397 -5.04889e-11)
(-23.9498 37.8961 -5.79575e-11)
(-23.2667 37.4663 -5.75391e-11)
(-22.4738 36.7736 -4.9833e-11)
(-21.5886 35.8462 -3.79796e-11)
(-20.629 34.7156 -2.56708e-11)
(-19.6132 33.4145 -1.54663e-11)
)
;
    }
    inlet
    {
        type            calculated;
        value           uniform (0 0 0);
    }
    rWedge
    {
        type            wedge;
    }
    lWedge
    {
        type            wedge;
    }
    outlet
    {
        type            calculated;
        value           nonuniform 0();
    }
    procBoundary1to0
    {
        type            processor;
        value           uniform (0 0 0);
    }
    procBoundary1to2
    {
        type            processor;
        value           uniform (0 0 0);
    }
}


// ************************************************************************* //
