/*--------------------------------*- C++ -*----------------------------------*\
| =========                 |                                                 |
| \\      /  F ield         | OpenFOAM: The Open Source CFD Toolbox           |
|  \\    /   O peration     | Version:  v1706                                 |
|   \\  /    A nd           | Web:      www.OpenFOAM.com                      |
|    \\/     M anipulation  |                                                 |
\*---------------------------------------------------------------------------*/
FoamFile
{
    version     2.0;
    format      ascii;
    class       volVectorField;
    location    "3.5e-05";
    object      wallShearStress;
}
// * * * * * * * * * * * * * * * * * * * * * * * * * * * * * * * * * * * * * //

dimensions      [1 -1 -2 0 0 0 0];


internalField   uniform (0 0 0);

boundaryField
{
    cone
    {
        type            calculated;
        value           nonuniform List<vector> 
181
(
(-22.1142 -11.0002 -1.10415e-15)
(-21.8542 -10.8719 -2.84115e-16)
(-21.5977 -10.7452 5.07254e-16)
(-21.3445 -10.62 -1.23763e-15)
(-21.0948 -10.4962 -8.24613e-16)
(-20.8485 -10.374 -1.20781e-15)
(-20.6057 -10.2532 -1.69462e-15)
(-20.3663 -10.134 -2.63372e-15)
(-20.1303 -10.0162 -2.31544e-15)
(-19.8977 -9.89991 -1.16039e-15)
(-19.6685 -9.78511 -2.20663e-15)
(-19.4428 -9.67181 -2.10959e-15)
(-19.2204 -9.55999 -3.10687e-15)
(-19.0014 -9.44966 -2.27353e-15)
(-18.7858 -9.3408 -2.00514e-15)
(-18.5735 -9.23343 -1.54625e-15)
(-18.3645 -9.12753 -2.51826e-15)
(-18.1588 -9.0231 -2.3787e-15)
(-17.9564 -8.92014 -2.9918e-15)
(-17.7573 -8.81865 4.02687e-16)
(-17.5613 -8.71862 9.16039e-16)
(-17.3686 -8.62005 3.05634e-16)
(-17.179 -8.52293 -9.16649e-16)
(-16.9925 -8.42726 -4.23269e-16)
(-16.8091 -8.33304 -1.22236e-15)
(-16.6288 -8.24026 -4.55213e-16)
(-16.4514 -8.14892 -1.13982e-15)
(-16.2771 -8.05901 -1.55361e-15)
(-16.1057 -7.97054 -2.68161e-15)
(-15.9373 -7.88348 -3.80169e-15)
(-15.7717 -7.79784 -2.72823e-15)
(-15.609 -7.71362 -8.22056e-16)
(-15.449 -7.63079 -2.01186e-15)
(-15.2919 -7.54937 -3.44536e-15)
(-15.1375 -7.46933 4.90204e-16)
(-14.9858 -7.39067 -1.14595e-15)
(-14.8368 -7.31338 1.69295e-15)
(-14.6904 -7.23745 -1.41944e-15)
(-14.5467 -7.16286 -2.46285e-15)
(-14.4055 -7.08961 -4.36656e-15)
(-14.2669 -7.01768 -9.94111e-16)
(-14.1308 -6.94706 -6.6922e-16)
(-13.9972 -6.87774 -4.09106e-16)
(-13.866 -6.8097 -4.44676e-15)
(-13.7373 -6.74292 -5.50877e-15)
(-13.6109 -6.6774 -3.01485e-15)
(-13.4869 -6.61313 -3.78309e-15)
(-13.3652 -6.55009 -1.06124e-15)
(-13.2459 -6.48828 -3.69397e-15)
(-13.1287 -6.42769 -1.59935e-15)
(-13.0138 -6.36834 -6.11526e-17)
(-12.901 -6.31022 -7.2899e-16)
(-12.7905 -6.25334 -3.19113e-15)
(-12.6822 -6.19772 -4.22054e-15)
(-12.5761 -6.14335 -5.98884e-15)
(-12.4724 -6.09022 -5.52001e-15)
(-12.3712 -6.03829 -2.06852e-15)
(-12.2725 -5.9875 -2.1801e-15)
(-12.1766 -5.93774 -2.00129e-15)
(-12.0836 -5.88886 -3.02635e-15)
(-11.9935 -5.84066 -4.29733e-15)
(-11.9065 -5.79289 -4.15521e-15)
(-11.8223 -5.74529 -4.16458e-15)
(-11.7408 -5.69758 -3.64104e-15)
(-11.6614 -5.64951 -4.85192e-15)
(-11.5835 -5.60091 -3.01865e-15)
(-11.506 -5.55169 -3.63835e-15)
(-11.4279 -5.50194 -6.68139e-15)
(-11.3479 -5.45194 -2.78766e-15)
(-11.2645 -5.4022 -3.84466e-15)
(-11.1765 -5.35342 -6.31468e-15)
(-11.0829 -5.30657 -5.01278e-15)
(-10.9829 -5.26275 -5.4201e-15)
(-10.8763 -5.22317 -4.52105e-15)
(-10.7634 -5.18909 -4.44118e-15)
(-10.6452 -5.16175 -3.29789e-15)
(-10.5233 -5.1424 -3.65376e-15)
(-10.3998 -5.13246 -3.39957e-15)
(-10.2774 -5.13351 -1.79417e-15)
(-10.1613 -5.14579 -6.45456e-15)
(-10.0607 -5.16558 -7.24904e-15)
(-9.98343 -5.18764 -4.94051e-15)
(-9.92811 -5.21343 -6.20734e-15)
(-9.89152 -5.24686 -6.35043e-15)
(-9.88053 -5.28236 -5.7739e-15)
(-9.90546 -5.31389 -4.94011e-15)
(-9.97007 -5.33865 -4.18393e-15)
(-10.0738 -5.35161 -5.72976e-15)
(-10.216 -5.34793 -6.08151e-15)
(-10.3944 -5.32296 -4.69269e-15)
(-10.6035 -5.27335 -7.08074e-15)
(-10.8344 -5.19666 -6.84521e-15)
(-11.0833 -5.08671 -8.48039e-15)
(-11.3242 -4.92945 -7.41932e-15)
(-11.5857 -4.74684 -8.28817e-15)
(-11.8034 -4.51665 -8.08215e-15)
(-11.9692 -4.24194 -7.45652e-15)
(-12.0679 -3.94001 -8.42231e-15)
(-12.0768 -3.61236 -6.27906e-15)
(-11.9744 -3.27092 -5.26482e-15)
(-11.7464 -2.93345 -7.10395e-15)
(-11.3841 -2.61885 -7.73931e-15)
(-10.8863 -2.34696 -6.71688e-15)
(-10.2612 -2.13644 -7.26234e-15)
(-9.52625 -2.00211 -4.7673e-15)
(-8.70703 -1.95283 -6.60034e-15)
(-7.83457 -1.99055 -3.67402e-15)
(-6.94104 -2.11114 -4.95811e-15)
(-6.05795 -2.3079 -4.45157e-15)
(-5.20191 -2.58593 -5.24212e-15)
(-4.43095 -2.93303 -4.44183e-15)
(-3.67925 -3.29922 -5.21472e-15)
(-3.05271 -3.73067 -3.90448e-15)
(-2.53756 -4.2002 -2.15821e-15)
(-2.1442 -4.69787 -2.20845e-15)
(-1.87927 -5.21931 -1.67429e-15)
(-1.77272 -5.74024 -4.38545e-15)
(-1.83648 -6.26676 -6.81387e-16)
(-2.08725 -6.7799 -6.7294e-15)
(-2.53805 -7.26626 -6.10028e-15)
(-3.19826 -7.71154 -6.21274e-15)
(-4.07206 -8.0997 -7.51194e-15)
(-5.15566 -8.41307 -5.30172e-15)
(-6.43406 -8.6333 -6.95611e-15)
(-7.87798 -8.74297 -5.5644e-15)
(-9.44163 -8.72865 -1.04899e-14)
(-11.0628 -8.58439 -3.42162e-15)
(-12.671 -8.31258 -9.97752e-15)
(-14.2018 -7.91594 -4.8033e-15)
(-15.5551 -7.36083 -1.22812e-14)
(-16.7576 -6.7422 -1.175e-14)
(-17.7338 -6.05343 -7.17437e-15)
(-18.427 -5.25503 -4.03854e-15)
(-18.8963 -4.37289 -8.0907e-15)
(-19.1349 -3.43352 -7.28079e-15)
(-19.1429 -2.42279 -7.6794e-15)
(-18.9255 -1.36901 -9.60896e-15)
(-18.4812 -0.301874 -9.67325e-15)
(-17.8138 0.735822 -1.04759e-14)
(-16.9319 1.69447 -5.8153e-15)
(-15.8554 2.52472 -3.52495e-15)
(-14.6159 3.18504 -8.02689e-15)
(-13.2555 3.64871 -8.31067e-15)
(-11.8223 3.90748 -7.5748e-15)
(-10.3652 3.97119 -4.87863e-15)
(-8.92878 3.8638 -4.4429e-15)
(-7.54954 3.61767 -4.26242e-15)
(-6.25419 3.26775 -4.58954e-15)
(-5.05986 2.84725 -7.27069e-15)
(-3.9752 2.38473 -5.85954e-15)
(-3.002 1.90271 -4.82623e-15)
(-2.13656 1.41704 -3.38948e-15)
(-1.37262 0.937248 -2.52896e-15)
(-0.6969 0.459165 -4.79183e-15)
(-0.123735 -0.00628512 -4.01117e-15)
(0.398586 -0.42849 -3.52989e-15)
(0.826866 -0.843228 -4.83012e-15)
(1.18622 -1.23824 -6.54595e-15)
(1.48307 -1.61137 -7.05728e-15)
(1.71951 -1.96367 -5.81279e-15)
(1.89796 -2.29743 -5.59766e-15)
(2.02242 -2.60708 -4.58749e-15)
(2.09137 -2.89597 -7.14806e-15)
(2.10828 -3.1641 -7.84439e-15)
(2.07433 -3.40996 -2.78653e-15)
(1.99092 -3.63298 -3.84164e-15)
(1.85988 -3.83256 -1.43292e-14)
(1.68359 -4.00829 -2.33645e-14)
(1.465 -4.15995 -4.85498e-14)
(1.20778 -4.28763 -8.99224e-14)
(0.916301 -4.3918 -1.70025e-13)
(0.595612 -4.4734 -3.19973e-13)
(0.25128 -4.5338 -5.77815e-13)
(-0.110823 -4.57475 -9.94865e-13)
(-0.484793 -4.59831 -1.63853e-12)
(-0.864994 -4.60657 -2.5868e-12)
(-1.24632 -4.60158 -3.91459e-12)
(-1.62438 -4.58509 -5.6712e-12)
(-1.99563 -4.55846 -7.87561e-12)
(-2.35735 -4.5226 -1.05199e-11)
(-2.70767 -4.47787 -1.35323e-11)
)
;
    }
    inlet
    {
        type            calculated;
        value           uniform (0 0 0);
    }
    rWedge
    {
        type            wedge;
    }
    lWedge
    {
        type            wedge;
    }
    outlet
    {
        type            calculated;
        value           nonuniform 0();
    }
    procBoundary1to0
    {
        type            processor;
        value           uniform (0 0 0);
    }
    procBoundary1to2
    {
        type            processor;
        value           uniform (0 0 0);
    }
}


// ************************************************************************* //
