/*--------------------------------*- C++ -*----------------------------------*\
| =========                 |                                                 |
| \\      /  F ield         | OpenFOAM: The Open Source CFD Toolbox           |
|  \\    /   O peration     | Version:  v1706                                 |
|   \\  /    A nd           | Web:      www.OpenFOAM.com                      |
|    \\/     M anipulation  |                                                 |
\*---------------------------------------------------------------------------*/
FoamFile
{
    version     2.0;
    format      ascii;
    class       volVectorField;
    location    "1.3e-05";
    object      wallShearStress;
}
// * * * * * * * * * * * * * * * * * * * * * * * * * * * * * * * * * * * * * //

dimensions      [1 -1 -2 0 0 0 0];


internalField   uniform (0 0 0);

boundaryField
{
    cone
    {
        type            calculated;
        value           nonuniform List<vector> 
147
(
(-0.253274 -0.390865 -6.50802e-13)
(-0.263044 -0.612205 -9.39132e-13)
(-0.271438 -0.852756 -1.42564e-12)
(-0.284335 -1.09033 -1.75547e-12)
(-0.299632 -1.33089 -2.04295e-12)
(-0.317844 -1.57137 -2.25572e-12)
(-0.338888 -1.81216 -2.43563e-12)
(-0.362785 -2.05287 -2.55604e-12)
(-0.389374 -2.2934 -2.62343e-12)
(-0.418428 -2.53534 -2.60976e-12)
(-0.448874 -2.77945 -2.58141e-12)
(-0.482893 -3.02235 -2.51834e-12)
(-0.520571 -3.26246 -2.40857e-12)
(-0.561405 -3.5001 -2.26915e-12)
(-0.605102 -3.73583 -2.12986e-12)
(-0.651569 -3.96992 -1.98136e-12)
(-0.700776 -4.20247 -1.83365e-12)
(-0.752694 -4.43343 -1.70778e-12)
(-0.807293 -4.66277 -1.56972e-12)
(-0.864541 -4.89043 -1.44369e-12)
(-0.924404 -5.11632 -1.33298e-12)
(-0.986843 -5.34039 -1.22342e-12)
(-1.05182 -5.56255 -1.11661e-12)
(-1.11928 -5.78274 -1.03116e-12)
(-1.18919 -6.00088 -9.39951e-13)
(-1.2615 -6.2169 -8.6345e-13)
(-1.33618 -6.43071 -7.95195e-13)
(-1.41316 -6.64225 -7.39242e-13)
(-1.49241 -6.85145 -6.79721e-13)
(-1.57386 -7.05824 -6.28058e-13)
(-1.65747 -7.26254 -5.85205e-13)
(-1.74318 -7.46428 -5.4143e-13)
(-1.83093 -7.6634 -5.00481e-13)
(-1.92067 -7.85983 -4.70191e-13)
(-2.01233 -8.0535 -4.3675e-13)
(-2.10586 -8.24434 -4.14447e-13)
(-2.20118 -8.43231 -3.9042e-13)
(-2.29824 -8.61732 -3.63538e-13)
(-2.39696 -8.79934 -3.40749e-13)
(-2.49729 -8.9783 -3.15884e-13)
(-2.59915 -9.15415 -3.00892e-13)
(-2.70249 -9.32685 -2.97683e-13)
(-2.80723 -9.49634 -2.82327e-13)
(-2.91331 -9.66259 -2.60828e-13)
(-3.02068 -9.82554 -2.47165e-13)
(-3.12927 -9.98516 -2.38547e-13)
(-3.23912 -10.1414 -2.32562e-13)
(-3.35019 -10.294 -2.2016e-13)
(-3.46215 -10.4434 -2.08263e-13)
(-3.57504 -10.5892 -1.9432e-13)
(-3.68883 -10.7316 -1.89453e-13)
(-3.80346 -10.8704 -1.80991e-13)
(-3.91888 -11.0055 -1.75964e-13)
(-4.03499 -11.1371 -1.67134e-13)
(-4.15177 -11.2648 -1.61957e-13)
(-4.26911 -11.3888 -1.57632e-13)
(-4.38684 -11.5091 -1.54324e-13)
(-4.50491 -11.6257 -1.44226e-13)
(-4.62326 -11.7384 -1.44519e-13)
(-4.74179 -11.8472 -1.36111e-13)
(-4.86042 -11.9522 -1.311e-13)
(-4.97906 -12.0533 -1.3031e-13)
(-5.09764 -12.1504 -1.32805e-13)
(-5.216 -12.2436 -1.30701e-13)
(-5.33412 -12.3329 -1.2098e-13)
(-5.45187 -12.4182 -1.13393e-13)
(-5.56919 -12.4996 -1.10633e-13)
(-5.68595 -12.5771 -1.03857e-13)
(-5.80208 -12.6506 -1.03834e-13)
(-5.91749 -12.7201 -9.71197e-14)
(-6.03208 -12.7857 -1.04783e-13)
(-6.14574 -12.8474 -1.02734e-13)
(-6.25838 -12.9051 -1.02268e-13)
(-6.36991 -12.959 -8.95667e-14)
(-6.48023 -13.0089 -9.14457e-14)
(-6.58923 -13.055 -8.48474e-14)
(-6.69681 -13.0971 -8.22404e-14)
(-6.80287 -13.1355 -7.98644e-14)
(-6.90729 -13.17 -7.97797e-14)
(-7.00999 -13.2007 -7.56646e-14)
(-7.11083 -13.2277 -7.53132e-14)
(-7.20972 -13.251 -7.62604e-14)
(-7.30658 -13.2705 -7.30777e-14)
(-7.40121 -13.2864 -7.43162e-14)
(-7.49355 -13.2987 -6.80753e-14)
(-7.58346 -13.3076 -6.93336e-14)
(-7.67086 -13.3129 -6.73671e-14)
(-7.75567 -13.3147 -6.87169e-14)
(-7.8377 -13.3131 -6.67506e-14)
(-7.91685 -13.3084 -6.83238e-14)
(-7.993 -13.3005 -6.52061e-14)
(-8.06607 -13.2894 -6.31999e-14)
(-8.13596 -13.2753 -5.95719e-14)
(-8.20253 -13.2583 -5.811e-14)
(-8.26568 -13.2383 -5.59041e-14)
(-8.32529 -13.2156 -5.8514e-14)
(-8.3813 -13.1902 -5.618e-14)
(-8.43359 -13.1623 -5.81423e-14)
(-8.48208 -13.132 -5.59753e-14)
(-8.52669 -13.0995 -5.43146e-14)
(-8.56736 -13.0648 -5.4736e-14)
(-8.6041 -13.0282 -5.18471e-14)
(-8.63686 -12.9897 -5.50696e-14)
(-8.6656 -12.9496 -4.90773e-14)
(-8.69033 -12.9081 -4.79829e-14)
(-8.71105 -12.8651 -5.16758e-14)
(-8.72795 -12.8209 -5.10123e-14)
(-8.74108 -12.7757 -4.76581e-14)
(-8.75035 -12.7296 -5.08828e-14)
(-8.75585 -12.6829 -4.84884e-14)
(-8.75754 -12.6356 -4.5639e-14)
(-8.75563 -12.588 -4.58068e-14)
(-8.75024 -12.5401 -4.78384e-14)
(-8.74148 -12.4922 -4.48136e-14)
(-8.72947 -12.4443 -4.52517e-14)
(-8.71435 -12.3967 -4.17535e-14)
(-8.69627 -12.3494 -4.23126e-14)
(-8.6754 -12.3026 -3.74873e-14)
(-8.65192 -12.2565 -3.55555e-14)
(-8.626 -12.2112 -3.72784e-14)
(-8.59786 -12.1668 -3.7549e-14)
(-8.5677 -12.1234 -3.72326e-14)
(-8.53575 -12.0812 -3.86781e-14)
(-8.50223 -12.0403 -3.64906e-14)
(-8.46741 -12.0007 -3.40246e-14)
(-8.43153 -11.9626 -3.50322e-14)
(-8.39485 -11.926 -3.28975e-14)
(-8.35764 -11.891 -3.15643e-14)
(-8.32016 -11.8577 -3.09683e-14)
(-8.2827 -11.8262 -2.98587e-14)
(-8.24552 -11.7964 -3.16141e-14)
(-8.20892 -11.7685 -2.89994e-14)
(-8.17318 -11.7425 -2.9756e-14)
(-8.13858 -11.7184 -2.71427e-14)
(-8.10539 -11.6962 -2.7347e-14)
(-8.07393 -11.6759 -2.67635e-14)
(-8.04444 -11.6576 -2.84341e-14)
(-8.01722 -11.6412 -2.81678e-14)
(-7.99257 -11.6267 -2.87196e-14)
(-7.97073 -11.6141 -2.91115e-14)
(-7.95196 -11.6034 -2.99211e-14)
(-7.93653 -11.5945 -2.98464e-14)
(-7.92474 -11.5874 -2.9367e-14)
(-7.91677 -11.5822 -2.89848e-14)
(-7.91279 -11.579 -2.74403e-14)
(-7.91315 -11.5775 -2.72621e-14)
(-0.2762 -0.179073 -2.19124e-13)
)
;
    }
    inlet
    {
        type            calculated;
        value           uniform (0 0 0);
    }
    rWedge
    {
        type            wedge;
    }
    lWedge
    {
        type            wedge;
    }
    outlet
    {
        type            calculated;
        value           nonuniform 0();
    }
    procBoundary3to2
    {
        type            processor;
        value           uniform (0 0 0);
    }
}


// ************************************************************************* //
