/*--------------------------------*- C++ -*----------------------------------*\
| =========                 |                                                 |
| \\      /  F ield         | OpenFOAM: The Open Source CFD Toolbox           |
|  \\    /   O peration     | Version:  v1706                                 |
|   \\  /    A nd           | Web:      www.OpenFOAM.com                      |
|    \\/     M anipulation  |                                                 |
\*---------------------------------------------------------------------------*/
FoamFile
{
    version     2.0;
    format      ascii;
    class       volVectorField;
    location    "1.6e-05";
    object      wallShearStress;
}
// * * * * * * * * * * * * * * * * * * * * * * * * * * * * * * * * * * * * * //

dimensions      [1 -1 -2 0 0 0 0];


internalField   uniform (0 0 0);

boundaryField
{
    cone
    {
        type            calculated;
        value           nonuniform List<vector> 
181
(
(-39.8997 -19.5007 -1.6544e-14)
(-39.7845 -19.3419 -1.58451e-14)
(-39.6945 -19.1453 -1.4739e-14)
(-39.6026 -18.9245 -1.85696e-14)
(-39.4882 -18.6731 -1.70545e-14)
(-39.3646 -18.3818 -1.78162e-14)
(-39.1962 -18.0614 -1.89432e-14)
(-38.9648 -17.7245 -2.21124e-14)
(-38.6597 -17.3832 -2.29234e-14)
(-38.2742 -17.0523 -2.07012e-14)
(-37.807 -16.7476 -2.30278e-14)
(-37.2629 -16.4848 -2.2788e-14)
(-36.6532 -16.278 -2.58408e-14)
(-35.9943 -16.1382 -2.57408e-14)
(-35.3074 -16.072 -2.56743e-14)
(-34.6173 -16.0805 -2.46567e-14)
(-33.9478 -16.1621 -2.73136e-14)
(-33.3413 -16.3 -2.78628e-14)
(-32.7879 -16.4612 -2.97731e-14)
(-32.3129 -16.6624 -2.2318e-14)
(-31.9088 -16.9047 -2.20179e-14)
(-31.5796 -17.1775 -2.31273e-14)
(-31.3393 -17.4637 -2.47492e-14)
(-31.1898 -17.7507 -2.32985e-14)
(-31.1282 -18.0289 -2.57723e-14)
(-31.15 -18.295 -2.54348e-14)
(-31.2485 -18.542 -2.68593e-14)
(-31.417 -18.7684 -2.7367e-14)
(-31.6504 -18.9741 -3.05391e-14)
(-31.9463 -19.1597 -3.40869e-14)
(-32.3051 -19.3257 -3.30389e-14)
(-32.7309 -19.4714 -2.94791e-14)
(-33.23 -19.5942 -3.199e-14)
(-33.8109 -19.6888 -3.59444e-14)
(-34.4824 -19.7464 -2.52282e-14)
(-35.2517 -19.755 -2.96102e-14)
(-36.1225 -19.6992 -2.36965e-14)
(-37.0929 -19.5604 -2.93082e-14)
(-38.1543 -19.3168 -3.17658e-14)
(-39.2891 -18.9433 -3.86709e-14)
(-40.4781 -18.3968 -3.12287e-14)
(-41.6335 -17.667 -3.07948e-14)
(-42.7982 -16.7787 -2.83726e-14)
(-43.8361 -15.641 -3.70898e-14)
(-44.71 -14.2608 -3.96317e-14)
(-45.3517 -12.6675 -3.2811e-14)
(-45.6916 -10.861 -3.58493e-14)
(-45.6661 -8.87867 -2.75439e-14)
(-45.2244 -6.78141 -3.23209e-14)
(-44.3275 -4.64768 -2.77995e-14)
(-42.9585 -2.57885 -2.33122e-14)
(-41.1232 -0.68654 -2.31509e-14)
(-38.8553 0.919364 -2.59961e-14)
(-36.2175 2.14695 -2.62646e-14)
(-33.297 2.93719 -2.90665e-14)
(-30.1977 3.27244 -2.80943e-14)
(-27.0284 3.17619 -2.09042e-14)
(-23.8907 2.70418 -1.99897e-14)
(-20.8698 1.93107 -1.89014e-14)
(-18.0294 0.936613 -1.89853e-14)
(-15.4101 -0.205742 -2.0019e-14)
(-13.0312 -1.43686 -1.94391e-14)
(-10.895 -2.71621 -1.91575e-14)
(-8.9824 -4.03475 -1.81943e-14)
(-7.3343 -5.36188 -2.03185e-14)
(-5.83673 -6.62852 -1.73469e-14)
(-4.57491 -7.8982 -1.7893e-14)
(-3.50325 -9.14443 -2.26511e-14)
(-2.60646 -10.3629 -1.71655e-14)
(-1.87946 -11.5573 -1.84915e-14)
(-1.31606 -12.7298 -2.23024e-14)
(-0.917095 -13.8761 -2.06604e-14)
(-0.68275 -15.0037 -2.2344e-14)
(-0.615932 -16.1092 -2.09921e-14)
(-0.723076 -17.1894 -2.13301e-14)
(-1.01237 -18.2398 -1.98475e-14)
(-1.49355 -19.2531 -2.10966e-14)
(-2.17737 -20.2196 -2.11605e-14)
(-3.07454 -21.1261 -1.73589e-14)
(-4.19435 -21.9567 -2.75946e-14)
(-5.54271 -22.6927 -3.15509e-14)
(-7.11978 -23.3135 -2.59275e-14)
(-8.91712 -23.799 -3.04368e-14)
(-10.9151 -24.1317 -3.23525e-14)
(-13.0804 -24.3 -3.16372e-14)
(-15.366 -24.3019 -2.9813e-14)
(-17.7121 -24.1478 -2.71851e-14)
(-20.0516 -23.861 -3.2573e-14)
(-22.317 -23.4761 -3.44495e-14)
(-24.4499 -23.0336 -3.05046e-14)
(-26.4084 -22.5726 -3.78382e-14)
(-28.1727 -22.1231 -3.66975e-14)
(-29.7447 -21.7008 -4.23948e-14)
(-31.1436 -21.3058 -4.05532e-14)
(-32.3979 -20.9246 -4.28965e-14)
(-33.538 -20.5349 -4.29086e-14)
(-34.5903 -20.1105 -4.03915e-14)
(-35.5753 -19.6216 -4.42851e-14)
(-36.5102 -19.0299 -3.77026e-14)
(-37.3597 -18.3194 -3.49134e-14)
(-38.1691 -17.5152 -4.00302e-14)
(-38.894 -16.5589 -4.1431e-14)
(-39.5247 -15.4392 -3.70668e-14)
(-40.0493 -14.1641 -4.01926e-14)
(-40.4503 -12.7236 -3.19859e-14)
(-40.7093 -11.1181 -3.83685e-14)
(-40.806 -9.35492 -2.77757e-14)
(-40.7217 -7.45136 -3.12477e-14)
(-40.4374 -5.43613 -2.91885e-14)
(-39.9371 -3.35104 -3.03619e-14)
(-39.2074 -1.24869 -2.73703e-14)
(-38.243 0.807462 -2.72331e-14)
(-37.0472 2.74986 -2.35047e-14)
(-35.6337 4.51294 -1.74184e-14)
(-34.0278 6.04106 -1.67241e-14)
(-32.2653 7.29529 -1.52819e-14)
(-30.3904 8.25778 -2.14959e-14)
(-28.4513 8.93269 -1.29767e-14)
(-26.4966 9.34303 -2.35885e-14)
(-24.5703 9.52538 -2.14128e-14)
(-22.7094 9.5232 -2.06641e-14)
(-20.9418 9.38113 -2.15738e-14)
(-19.2857 9.14018 -1.75083e-14)
(-17.7513 8.83509 -1.90129e-14)
(-16.3411 8.49318 -1.59488e-14)
(-15.0526 8.13453 -2.08554e-14)
(-13.8791 7.77269 -1.17808e-14)
(-12.8122 7.41613 -1.90539e-14)
(-11.8419 7.06944 -1.27094e-14)
(-10.9585 6.73458 -2.04032e-14)
(-10.1525 6.41186 -1.83797e-14)
(-9.41521 6.10059 -1.35455e-14)
(-8.73886 5.79962 -9.87975e-15)
(-8.11657 5.50763 -1.42784e-14)
(-7.54233 5.22332 -1.35511e-14)
(-7.01095 4.94545 -1.35711e-14)
(-6.51792 4.67296 -1.58862e-14)
(-6.05939 4.40493 -1.55956e-14)
(-5.632 4.14059 -1.59495e-14)
(-5.23293 3.87936 -1.08445e-14)
(-4.85974 3.62078 -8.21603e-15)
(-4.51035 3.36454 -1.426e-14)
(-4.18305 3.11047 -1.47929e-14)
(-3.87635 2.8585 -1.44362e-14)
(-3.58898 2.6086 -1.08492e-14)
(-3.31981 2.3606 -1.06108e-14)
(-3.06696 2.11302 -1.04937e-14)
(-2.83422 1.86864 -1.1348e-14)
(-2.61449 1.63067 -1.6031e-14)
(-2.41081 1.39281 -1.35416e-14)
(-2.22244 1.15656 -1.20844e-14)
(-2.04844 0.923323 -9.5789e-15)
(-1.88848 0.692773 -8.21619e-15)
(-1.74215 0.464766 -1.24186e-14)
(-1.60906 0.239181 -1.10712e-14)
(-1.48884 0.0158795 -9.85106e-15)
(-1.38119 -0.205185 -1.22481e-14)
(-1.28595 -0.423741 -1.52695e-14)
(-1.20285 -0.639798 -1.5994e-14)
(-1.13166 -0.853364 -1.35957e-14)
(-1.07211 -1.06444 -1.31724e-14)
(-1.02392 -1.2731 -1.10967e-14)
(-0.986787 -1.47944 -1.59113e-14)
(-0.960403 -1.68361 -1.64861e-14)
(-0.94448 -1.88567 -6.22291e-15)
(-0.938755 -2.08572 -4.03474e-15)
(-0.942981 -2.28374 -1.34876e-14)
(-0.956908 -2.47967 -1.02193e-14)
(-0.980302 -2.67343 -1.51032e-14)
(-1.01277 -2.86474 -1.3677e-14)
(-1.05406 -3.05343 -2.40082e-14)
(-1.10382 -3.23915 -9.94373e-14)
(-1.16169 -3.4215 -4.0297e-13)
(-1.22725 -3.60004 -1.39047e-12)
(-1.2999 -3.77439 -4.05339e-12)
(-1.37892 -3.94421 -1.00301e-11)
(-1.46339 -4.10931 -2.12525e-11)
(-1.55217 -4.26959 -3.89752e-11)
(-1.64387 -4.42513 -6.26012e-11)
(-1.7368 -4.57627 -8.91088e-11)
(-1.82887 -4.72364 -1.13648e-10)
)
;
    }
    inlet
    {
        type            calculated;
        value           uniform (0 0 0);
    }
    rWedge
    {
        type            wedge;
    }
    lWedge
    {
        type            wedge;
    }
    outlet
    {
        type            calculated;
        value           nonuniform 0();
    }
    procBoundary1to0
    {
        type            processor;
        value           uniform (0 0 0);
    }
    procBoundary1to2
    {
        type            processor;
        value           uniform (0 0 0);
    }
}


// ************************************************************************* //
