/*--------------------------------*- C++ -*----------------------------------*\
| =========                 |                                                 |
| \\      /  F ield         | OpenFOAM: The Open Source CFD Toolbox           |
|  \\    /   O peration     | Version:  v1706                                 |
|   \\  /    A nd           | Web:      www.OpenFOAM.com                      |
|    \\/     M anipulation  |                                                 |
\*---------------------------------------------------------------------------*/
FoamFile
{
    version     2.0;
    format      ascii;
    class       volVectorField;
    location    "1.9e-05";
    object      wallShearStress;
}
// * * * * * * * * * * * * * * * * * * * * * * * * * * * * * * * * * * * * * //

dimensions      [1 -1 -2 0 0 0 0];


internalField   uniform (0 0 0);

boundaryField
{
    cone
    {
        type            calculated;
        value           nonuniform List<vector> 
119
(
(-5.08683 -1.69393 -1.62033e-10)
(-5.14559 -1.67967 -1.03015e-10)
(-5.20539 -1.66498 -5.96784e-11)
(-5.26629 -1.64982 -3.13749e-11)
(-5.32832 -1.63419 -1.47783e-11)
(-5.39154 -1.61805 -6.02099e-12)
(-5.45601 -1.60139 -1.90669e-12)
(-5.5218 -1.58416 -2.37192e-13)
(-5.58897 -1.56633 2.88304e-13)
(-5.65757 -1.54786 3.54897e-13)
(-5.72769 -1.5287 2.79127e-13)
(-5.79941 -1.5088 1.84687e-13)
(-5.87282 -1.4881 1.13538e-13)
(-5.94802 -1.46652 6.50781e-14)
(-6.02512 -1.44398 3.50264e-14)
(-6.10423 -1.42038 1.42953e-14)
(-6.18546 -1.3956 8.11007e-15)
(-6.26897 -1.36952 1.81988e-15)
(-6.35489 -1.34197 -8.06127e-16)
(-6.44339 -1.31278 -4.90579e-15)
(-6.53469 -1.28174 -7.28129e-15)
(-6.62899 -1.24859 -5.71477e-15)
(-6.72656 -1.21302 -6.70587e-15)
(-6.82769 -1.17468 -2.03274e-15)
(-6.93275 -1.13311 -7.59444e-16)
(-7.04212 -1.08778 -2.0425e-15)
(-7.15628 -1.03805 -3.08045e-15)
(-7.27577 -0.983103 -4.78865e-15)
(-7.40124 -0.921984 -4.22409e-15)
(-7.53343 -0.853498 -2.33132e-15)
(-7.6732 -0.776192 -3.52863e-15)
(-7.82159 -0.688281 -5.41715e-15)
(-7.97979 -0.58758 -9.98566e-16)
(-8.14922 -0.471408 -4.17815e-15)
(-8.33156 -0.336482 -1.9769e-15)
(-8.52878 -0.178788 -1.75225e-15)
(-8.74321 0.00657824 1.85305e-16)
(-8.97761 0.22558 -1.97138e-15)
(-9.23518 0.485451 -1.78131e-15)
(-9.51971 0.794906 -1.64811e-15)
(-9.83552 1.16438 -4.89591e-15)
(-10.1876 1.60625 -2.49808e-15)
(-10.5816 2.13499 -2.76216e-15)
(-11.0236 2.76732 -4.76431e-15)
(-11.5204 3.52212 -3.92839e-15)
(-12.0787 4.42017 -6.09232e-15)
(-12.7051 5.48349 -2.36263e-15)
(-13.4054 6.73425 1.42432e-15)
(-14.1836 8.19299 -2.43186e-15)
(-15.0407 9.87622 -1.71328e-15)
(-15.9737 11.7927 -1.66158e-15)
(-16.9736 13.9398 -2.20691e-15)
(-18.0246 16.2996 -1.88392e-15)
(-19.1032 18.8343 -1.51652e-15)
(-20.1783 21.4814 -4.07729e-15)
(-21.2119 24.1431 -8.46165e-16)
(-22.1788 26.7575 -3.42441e-16)
(-23.0096 29.2439 -2.16264e-15)
(-23.6496 31.4906 -2.58872e-15)
(-24.057 33.4039 -1.7917e-15)
(-24.179 34.8534 -8.12521e-16)
(-24.0271 35.7882 -6.01248e-16)
(-23.6362 36.2407 -8.09192e-16)
(-23.0168 36.2083 -1.17981e-15)
(-22.1944 35.7185 -8.24648e-16)
(-21.2013 34.8178 -1.09986e-15)
(-20.0736 33.565 -6.02898e-16)
(-18.8472 32.0251 -9.74107e-16)
(-17.5564 30.2642 -8.38595e-16)
(-16.2317 28.3455 -6.7568e-16)
(-14.898 26.3247 -3.63545e-16)
(-13.5699 24.2302 -2.34864e-16)
(-12.2846 22.1381 -1.19199e-16)
(-11.0521 20.0763 2.73049e-16)
(-9.89065 18.089 1.06766e-16)
(-8.80781 16.2023 4.34134e-16)
(-7.79962 14.42 3.3548e-16)
(-6.86837 12.7534 1.64523e-16)
(-6.01526 11.211 3.52127e-16)
(-5.23975 9.79659 -9.41899e-17)
(-4.53993 8.51083 5.25542e-16)
(-3.9129 7.35155 4.32962e-16)
(-3.35493 6.31437 2.89328e-16)
(-2.86172 5.39328 4.34242e-16)
(-2.42858 4.58104 4.59479e-16)
(-2.05054 3.8695 8.01119e-16)
(-1.72272 3.25028 5.28844e-16)
(-1.44011 2.71461 -5.57107e-17)
(-1.19795 2.25391 5.64985e-17)
(-0.991668 1.85986 9.31244e-18)
(-0.816997 1.52456 7.38366e-17)
(-0.669968 1.24066 8.82961e-17)
(-0.546949 1.00139 -2.07728e-16)
(-0.444641 0.800608 8.34672e-17)
(-0.360076 0.632824 2.86136e-16)
(-0.290608 0.493168 -3.2438e-17)
(-0.233893 0.377367 -3.58217e-16)
(-0.187874 0.2817 5.07809e-16)
(-0.150766 0.202985 6.69008e-16)
(-0.121033 0.138474 1.05489e-15)
(-0.0973769 0.0858418 8.35911e-16)
(-0.0786745 0.0430808 2.78403e-16)
(-0.0640047 0.00848928 3.97678e-16)
(-0.0526052 -0.0194071 3.56747e-16)
(-0.0438805 -0.041807 -4.66397e-16)
(-0.0373649 -0.0596821 -1.33097e-16)
(-0.0326887 -0.0738608 -4.22379e-16)
(-0.0295716 -0.0850447 -5.4718e-16)
(-0.0278157 -0.0938162 -1.45395e-16)
(-0.0273015 -0.10064 -1.59869e-17)
(-0.0280022 -0.105848 8.52286e-17)
(-0.0299167 -0.109831 -1.32227e-16)
(-0.032982 -0.113301 3.75947e-16)
(-0.0373944 -0.116587 -2.61672e-16)
(-0.0429295 -0.118894 4.04547e-16)
(-0.0501145 -0.12031 1.1716e-17)
(-0.0615774 -0.118759 2.13296e-16)
(-0.0837734 -0.124985 5.19486e-16)
(-0.0792717 -0.143014 2.70104e-16)
)
;
    }
    inlet
    {
        type            calculated;
        value           uniform (0 0 0);
    }
    rWedge
    {
        type            wedge;
    }
    lWedge
    {
        type            wedge;
    }
    outlet
    {
        type            calculated;
        value           uniform (0 0 0);
    }
    procBoundary0to1
    {
        type            processor;
        value           uniform (0 0 0);
    }
    procBoundary0to2
    {
        type            processor;
        value           uniform (0 0 0);
    }
}


// ************************************************************************* //
