/*--------------------------------*- C++ -*----------------------------------*\
| =========                 |                                                 |
| \\      /  F ield         | OpenFOAM: The Open Source CFD Toolbox           |
|  \\    /   O peration     | Version:  v1706                                 |
|   \\  /    A nd           | Web:      www.OpenFOAM.com                      |
|    \\/     M anipulation  |                                                 |
\*---------------------------------------------------------------------------*/
FoamFile
{
    version     2.0;
    format      ascii;
    class       volVectorField;
    location    "1.9e-05";
    object      wallShearStress;
}
// * * * * * * * * * * * * * * * * * * * * * * * * * * * * * * * * * * * * * //

dimensions      [1 -1 -2 0 0 0 0];


internalField   uniform (0 0 0);

boundaryField
{
    cone
    {
        type            calculated;
        value           nonuniform List<vector> 
119
(
(-8.49595 0.884448 -6.54077e-11)
(-7.89871 0.521603 -7.74494e-11)
(-7.38114 0.19193 -8.58296e-11)
(-6.93763 -0.102853 -8.95332e-11)
(-6.56202 -0.36321 -8.84031e-11)
(-6.24733 -0.592227 -8.30297e-11)
(-5.99785 -0.784886 -7.4544e-11)
(-5.79383 -0.93472 -6.4273e-11)
(-5.63988 -1.05723 -5.33913e-11)
(-5.52701 -1.15193 -4.29056e-11)
(-5.44897 -1.22029 -3.34343e-11)
(-5.40043 -1.26617 -2.53353e-11)
(-5.37557 -1.29399 -1.86597e-11)
(-5.36912 -1.30747 -1.34252e-11)
(-5.3772 -1.31013 -9.32434e-12)
(-5.39524 -1.30612 -6.26536e-12)
(-5.41904 -1.29951 -4.0229e-12)
(-5.44524 -1.29403 -2.43325e-12)
(-5.47136 -1.29276 -1.32622e-12)
(-5.49575 -1.29806 -5.83171e-13)
(-5.51765 -1.31142 -9.52553e-14)
(-5.53705 -1.33345 2.1816e-13)
(-5.55458 -1.36383 3.98009e-13)
(-5.57113 -1.40168 5.05604e-13)
(-5.58809 -1.44551 5.46325e-13)
(-5.60691 -1.49318 5.45594e-13)
(-5.62767 -1.5428 5.23748e-13)
(-5.65118 -1.59219 4.87079e-13)
(-5.68009 -1.63826 4.51493e-13)
(-5.71646 -1.67768 4.17317e-13)
(-5.76082 -1.7074 3.78356e-13)
(-5.81315 -1.7245 3.39318e-13)
(-5.87346 -1.7259 3.20753e-13)
(-5.94147 -1.70823 2.86069e-13)
(-6.01728 -1.66817 2.69561e-13)
(-6.10048 -1.60138 2.48939e-13)
(-6.1892 -1.50351 2.35215e-13)
(-6.27921 -1.38057 2.12152e-13)
(-6.35214 -1.226 1.98799e-13)
(-6.4454 -1.04042 1.84445e-13)
(-6.52118 -0.818771 1.60699e-13)
(-6.57822 -0.573403 1.53183e-13)
(-6.61252 -0.309928 1.36628e-13)
(-6.61575 -0.0384324 1.1758e-13)
(-6.57927 0.227294 1.07818e-13)
(-6.49478 0.470663 8.84361e-14)
(-6.35506 0.673308 8.72011e-14)
(-6.15507 0.816752 8.949e-14)
(-5.89285 0.884632 6.77734e-14)
(-5.57029 0.864821 6.07821e-14)
(-5.19321 0.750942 5.14325e-14)
(-4.77096 0.542843 4.0557e-14)
(-4.31548 0.245834 3.47733e-14)
(-3.83731 -0.135647 3.05433e-14)
(-3.36493 -0.58086 1.46629e-14)
(-2.88707 -1.06773 1.95341e-14)
(-2.4328 -1.59953 1.87586e-14)
(-2.00707 -2.15438 6.87782e-15)
(-1.61626 -2.71902 8.38622e-16)
(-1.26561 -3.28446 9.67981e-16)
(-0.958478 -3.84418 7.13032e-16)
(-0.697964 -4.39347 2.00555e-16)
(-0.48779 -4.92849 -1.6836e-16)
(-0.329349 -5.44635 -4.08729e-15)
(-0.223623 -5.94494 -3.82506e-15)
(-0.173074 -6.42257 -8.55757e-15)
(-0.18393 -6.87743 -6.80348e-15)
(-0.261192 -7.306 -1.13847e-14)
(-0.408458 -7.7029 -1.182e-14)
(-0.629821 -8.06188 -1.20651e-14)
(-0.933152 -8.37535 -1.01731e-14)
(-1.33033 -8.63266 -1.12025e-14)
(-1.83488 -8.81881 -1.42731e-14)
(-2.46043 -8.91327 -9.28034e-15)
(-3.22056 -8.88945 -1.18861e-14)
(-4.12783 -8.71477 -7.03438e-15)
(-5.19044 -8.35284 -7.01184e-15)
(-6.40777 -7.76694 -1.14283e-14)
(-7.76587 -6.92575 -4.86046e-15)
(-9.23782 -5.81082 -1.62516e-14)
(-10.7436 -4.36982 -6.65917e-15)
(-12.2094 -2.68898 -6.28576e-15)
(-13.5477 -0.862832 -1.12253e-14)
(-14.5369 1.00536 -1.0427e-14)
(-15.0854 2.70131 -9.09326e-15)
(-15.0739 4.02373 1.15575e-15)
(-14.444 4.74427 -2.6981e-15)
(-13.2545 4.76648 -1.37543e-14)
(-11.6918 4.18702 -9.63476e-15)
(-9.97995 3.21192 -8.92171e-15)
(-8.30802 2.0621 -7.57985e-15)
(-6.79899 0.912007 -7.91898e-15)
(-5.50655 -0.136814 -1.39409e-14)
(-4.42961 -1.05541 -6.35625e-15)
(-3.54487 -1.86758 -6.88127e-15)
(-2.84049 -2.55771 -1.11699e-14)
(-2.2625 -3.13501 -2.08673e-14)
(-1.81613 -3.64588 -2.11238e-15)
(-1.45662 -4.09591 -7.09829e-15)
(-1.16383 -4.50163 2.52434e-15)
(-0.924458 -4.87575 1.22367e-15)
(-0.73225 -5.23012 -8.41424e-15)
(-0.587011 -5.57514 -6.04754e-15)
(-0.490156 -5.91841 -9.38152e-16)
(-0.440231 -6.26425 -1.83624e-14)
(-0.431085 -6.61272 -9.48778e-15)
(-0.452629 -6.96128 -1.73448e-14)
(-0.494503 -7.30685 -1.61571e-14)
(-0.549026 -7.64678 -1.42422e-14)
(-0.611337 -7.97868 -1.16661e-14)
(-0.676381 -8.29922 -1.02623e-14)
(-0.738204 -8.60428 -1.60098e-14)
(-0.791594 -8.89279 -3.16485e-15)
(-0.838565 -9.17489 -1.39019e-14)
(-0.922094 -9.46578 -1.33166e-15)
(-1.03331 -9.80134 -1.21708e-14)
(-1.3939 -10.198 -1.26643e-14)
(-1.54756 -10.6828 -4.68008e-15)
(-3.53078 -11.3709 -9.67785e-15)
)
;
    }
    inlet
    {
        type            calculated;
        value           uniform (0 0 0);
    }
    rWedge
    {
        type            wedge;
    }
    lWedge
    {
        type            wedge;
    }
    outlet
    {
        type            calculated;
        value           uniform (0 0 0);
    }
    procBoundary0to1
    {
        type            processor;
        value           uniform (0 0 0);
    }
    procBoundary0to2
    {
        type            processor;
        value           uniform (0 0 0);
    }
}


// ************************************************************************* //
