/*--------------------------------*- C++ -*----------------------------------*\
| =========                 |                                                 |
| \\      /  F ield         | OpenFOAM: The Open Source CFD Toolbox           |
|  \\    /   O peration     | Version:  v1706                                 |
|   \\  /    A nd           | Web:      www.OpenFOAM.com                      |
|    \\/     M anipulation  |                                                 |
\*---------------------------------------------------------------------------*/
FoamFile
{
    version     2.0;
    format      ascii;
    class       volVectorField;
    location    "3.7e-05";
    object      wallShearStress;
}
// * * * * * * * * * * * * * * * * * * * * * * * * * * * * * * * * * * * * * //

dimensions      [1 -1 -2 0 0 0 0];


internalField   uniform (0 0 0);

boundaryField
{
    cone
    {
        type            calculated;
        value           nonuniform List<vector> 
147
(
(-0.644641 -1.97386 -1.07896e-12)
(-0.665143 -3.01496 -1.38773e-12)
(-0.71889 -4.22716 -2.33212e-12)
(-0.770908 -5.38084 -2.86923e-12)
(-0.84414 -6.5834 -3.39662e-12)
(-0.926854 -7.75988 -3.85922e-12)
(-1.02594 -8.95189 -4.28062e-12)
(-1.13717 -10.1335 -4.64741e-12)
(-1.26305 -11.3177 -5.02403e-12)
(-1.4021 -12.4966 -5.24752e-12)
(-1.55508 -13.6736 -5.47998e-12)
(-1.72153 -14.8465 -5.63423e-12)
(-1.90159 -16.0157 -5.78957e-12)
(-2.09511 -17.1807 -5.85819e-12)
(-2.30205 -18.3413 -5.86913e-12)
(-2.52232 -19.4972 -5.86413e-12)
(-2.75585 -20.6481 -5.84608e-12)
(-3.00253 -21.7937 -5.84372e-12)
(-3.26228 -22.9338 -5.75318e-12)
(-3.53498 -24.068 -5.69002e-12)
(-3.82054 -25.196 -5.60784e-12)
(-4.11884 -26.3175 -5.49445e-12)
(-4.42976 -27.4323 -5.34626e-12)
(-4.75317 -28.5399 -5.23679e-12)
(-5.08894 -29.6402 -5.08704e-12)
(-5.43694 -30.7328 -4.95297e-12)
(-5.79702 -31.8173 -4.8004e-12)
(-6.16903 -32.8936 -4.65942e-12)
(-6.55283 -33.9612 -4.51095e-12)
(-6.9483 -35.0199 -4.35069e-12)
(-7.35593 -36.069 -4.21557e-12)
(-7.77574 -37.108 -4.06254e-12)
(-8.2054 -38.1379 -3.90668e-12)
(-8.64587 -39.1579 -3.77051e-12)
(-9.09711 -40.1676 -3.61805e-12)
(-9.55893 -41.1667 -3.49744e-12)
(-10.0312 -42.155 -3.36542e-12)
(-10.5136 -43.1322 -3.21685e-12)
(-11.006 -44.0979 -3.08524e-12)
(-11.5083 -45.0522 -2.94491e-12)
(-12.0202 -45.9945 -2.82905e-12)
(-12.5414 -46.9248 -2.75238e-12)
(-13.072 -47.8426 -2.64689e-12)
(-13.6119 -48.7474 -2.52171e-12)
(-14.1602 -49.6399 -2.41942e-12)
(-14.717 -50.5195 -2.32892e-12)
(-15.2821 -51.3861 -2.24737e-12)
(-15.8552 -52.2392 -2.14689e-12)
(-16.4362 -53.0788 -2.06394e-12)
(-17.025 -53.9048 -1.97188e-12)
(-17.6212 -54.7168 -1.90029e-12)
(-18.2244 -55.5146 -1.82531e-12)
(-18.8349 -56.2982 -1.76264e-12)
(-19.4515 -57.0678 -1.68415e-12)
(-20.0733 -57.8231 -1.61647e-12)
(-20.6989 -58.5646 -1.55418e-12)
(-21.3275 -59.293 -1.50352e-12)
(-21.967 -60.0034 -1.4353e-12)
(-22.6135 -60.6971 -1.39349e-12)
(-23.2651 -61.3753 -1.33248e-12)
(-23.9214 -62.0382 -1.27966e-12)
(-24.5823 -62.6856 -1.23477e-12)
(-25.2475 -63.3173 -1.20166e-12)
(-25.9169 -63.9332 -1.16705e-12)
(-26.5901 -64.5333 -1.11338e-12)
(-27.2669 -65.1175 -1.06378e-12)
(-27.947 -65.6856 -1.02607e-12)
(-28.6301 -66.2376 -9.79572e-13)
(-29.3161 -66.7733 -9.48116e-13)
(-30.0045 -67.2928 -9.07397e-13)
(-30.6953 -67.7959 -8.96371e-13)
(-31.3879 -68.2826 -8.69555e-13)
(-32.0823 -68.7527 -8.45152e-13)
(-32.7782 -69.2064 -7.95563e-13)
(-33.4753 -69.6434 -7.76484e-13)
(-34.1733 -70.0639 -7.41589e-13)
(-34.872 -70.4677 -7.13175e-13)
(-35.571 -70.8549 -6.88027e-13)
(-36.2702 -71.2254 -6.69387e-13)
(-36.9692 -71.5792 -6.4268e-13)
(-37.6678 -71.9161 -6.19916e-13)
(-38.3657 -72.2364 -6.0511e-13)
(-39.0627 -72.54 -5.83548e-13)
(-39.7586 -72.8269 -5.69927e-13)
(-40.453 -73.0972 -5.39647e-13)
(-41.1458 -73.3508 -5.27752e-13)
(-41.8365 -73.5878 -5.08966e-13)
(-42.5251 -73.8082 -4.98242e-13)
(-43.2112 -74.0121 -4.81481e-13)
(-43.8947 -74.1995 -4.72641e-13)
(-44.5749 -74.3703 -4.53562e-13)
(-45.2522 -74.5246 -4.39397e-13)
(-45.9261 -74.6628 -4.22255e-13)
(-46.5962 -74.7849 -4.06893e-13)
(-47.2623 -74.8907 -3.90856e-13)
(-47.9243 -74.9805 -3.85949e-13)
(-48.582 -75.0542 -3.70025e-13)
(-49.2351 -75.112 -3.65709e-13)
(-49.883 -75.1537 -3.53108e-13)
(-50.526 -75.1797 -3.40866e-13)
(-51.1636 -75.1903 -3.32587e-13)
(-51.7957 -75.1855 -3.19532e-13)
(-52.422 -75.1652 -3.19917e-13)
(-53.0423 -75.1297 -3.00499e-13)
(-53.6565 -75.0789 -2.89372e-13)
(-54.2643 -75.0131 -2.88805e-13)
(-54.8656 -74.9325 -2.80801e-13)
(-55.4601 -74.837 -2.67426e-13)
(-56.0474 -74.7266 -2.70028e-13)
(-56.6277 -74.6019 -2.59965e-13)
(-57.2007 -74.4632 -2.46791e-13)
(-57.766 -74.3104 -2.4221e-13)
(-58.3237 -74.1436 -2.42038e-13)
(-58.8736 -73.963 -2.31549e-13)
(-59.4154 -73.7687 -2.27994e-13)
(-59.949 -73.5609 -2.1652e-13)
(-60.4742 -73.3399 -2.16374e-13)
(-60.991 -73.1056 -2.02127e-13)
(-61.499 -72.8585 -1.92608e-13)
(-61.9983 -72.5986 -1.92906e-13)
(-62.4886 -72.3261 -1.86075e-13)
(-62.9698 -72.0413 -1.82327e-13)
(-63.4417 -71.7442 -1.83014e-13)
(-63.9043 -71.4353 -1.74865e-13)
(-64.3574 -71.1145 -1.65805e-13)
(-64.8009 -70.7822 -1.67255e-13)
(-65.2347 -70.4385 -1.60144e-13)
(-65.6587 -70.0837 -1.53806e-13)
(-66.0727 -69.718 -1.49116e-13)
(-66.4767 -69.3415 -1.42559e-13)
(-66.8705 -68.9545 -1.42451e-13)
(-67.2542 -68.5572 -1.34868e-13)
(-67.6275 -68.1499 -1.33272e-13)
(-67.9905 -67.7327 -1.25565e-13)
(-68.3429 -67.3059 -1.24002e-13)
(-68.6849 -66.8697 -1.18879e-13)
(-69.0163 -66.4243 -1.19066e-13)
(-69.337 -65.97 -1.14313e-13)
(-69.6471 -65.5069 -1.1105e-13)
(-69.9466 -65.0353 -1.0894e-13)
(-70.2359 -64.5555 -1.08336e-13)
(-70.515 -64.0683 -1.05863e-13)
(-70.7836 -63.5741 -1.04331e-13)
(-71.0415 -63.073 -1.01743e-13)
(-71.2872 -62.5647 -9.65214e-14)
(-71.5216 -62.0481 -9.52808e-14)
(-0.703529 -0.961273 -4.32967e-13)
)
;
    }
    inlet
    {
        type            calculated;
        value           uniform (0 0 0);
    }
    rWedge
    {
        type            wedge;
    }
    lWedge
    {
        type            wedge;
    }
    outlet
    {
        type            calculated;
        value           nonuniform 0();
    }
    procBoundary3to2
    {
        type            processor;
        value           uniform (0 0 0);
    }
}


// ************************************************************************* //
