/*--------------------------------*- C++ -*----------------------------------*\
| =========                 |                                                 |
| \\      /  F ield         | OpenFOAM: The Open Source CFD Toolbox           |
|  \\    /   O peration     | Version:  v1706                                 |
|   \\  /    A nd           | Web:      www.OpenFOAM.com                      |
|    \\/     M anipulation  |                                                 |
\*---------------------------------------------------------------------------*/
FoamFile
{
    version     2.0;
    format      ascii;
    class       volVectorField;
    location    "1.2e-05";
    object      wallShearStress;
}
// * * * * * * * * * * * * * * * * * * * * * * * * * * * * * * * * * * * * * //

dimensions      [1 -1 -2 0 0 0 0];


internalField   uniform (0 0 0);

boundaryField
{
    cone
    {
        type            calculated;
        value           nonuniform List<vector> 
153
(
(-156.612 -136.647 -6.13979e-14)
(-156.743 -135.19 -4.81862e-14)
(-156.845 -133.721 -4.72487e-14)
(-156.916 -132.242 -5.59809e-14)
(-156.956 -130.751 -4.46676e-14)
(-156.964 -129.25 -3.83823e-14)
(-156.941 -127.739 -4.87616e-14)
(-156.887 -126.218 -3.69675e-14)
(-156.8 -124.688 -3.50511e-14)
(-156.682 -123.15 -3.37651e-14)
(-156.532 -121.603 -3.52616e-14)
(-156.35 -120.049 -3.26886e-14)
(-156.136 -118.488 -3.81931e-14)
(-155.889 -116.92 -3.20122e-14)
(-155.61 -115.346 -2.50445e-14)
(-155.297 -113.766 -2.33469e-14)
(-154.952 -112.181 -2.96191e-14)
(-154.572 -110.59 -2.02628e-14)
(-154.158 -108.995 -2.00247e-14)
(-153.71 -107.395 -2.28607e-14)
(-153.226 -105.79 -1.75503e-14)
(-152.706 -104.182 -1.8387e-14)
(-152.149 -102.569 -7.53561e-15)
(-151.554 -100.953 -5.98489e-15)
(-150.92 -99.3328 -6.84006e-15)
(-150.245 -97.7086 -1.42323e-15)
(-149.528 -96.0801 -1.19802e-14)
(-148.767 -94.4471 -1.15495e-14)
(-147.959 -92.8094 -3.84362e-15)
(-147.103 -91.1666 -4.31036e-15)
(-146.194 -89.5181 -1.22805e-14)
(-145.231 -87.8629 -3.9388e-15)
(-144.21 -86.1999 -9.01057e-15)
(-143.124 -84.5282 2.15145e-15)
(-141.969 -82.8468 -2.37079e-16)
(-140.74 -81.1543 -3.49251e-15)
(-139.431 -79.4488 -1.79683e-15)
(-138.032 -77.7278 -5.15274e-15)
(-136.537 -75.9889 -6.32404e-15)
(-134.937 -74.229 -2.12347e-15)
(-133.221 -72.4431 -2.07898e-17)
(-131.375 -70.6288 -5.5105e-15)
(-129.372 -68.7873 1.73209e-15)
(-127.221 -66.8857 -3.2219e-16)
(-124.917 -65.0047 -1.95721e-15)
(-122.376 -63.1227 -1.57686e-15)
(-119.575 -61.1214 -3.84309e-15)
(-116.457 -58.916 -6.22179e-16)
(-112.904 -56.7809 -1.38589e-15)
(-109.459 -54.8795 9.39158e-16)
(-106.412 -53.3061 -6.41899e-15)
(-103.618 -51.8814 -7.48564e-15)
(-101.012 -50.5596 -6.09424e-15)
(-98.5586 -49.3211 -7.07839e-15)
(-96.2348 -48.1516 -5.97458e-15)
(-94.0252 -47.0412 -6.60225e-15)
(-91.918 -45.9824 -1.14188e-14)
(-89.9036 -44.9697 -1.10979e-14)
(-87.9747 -43.9988 -1.04785e-14)
(-86.1249 -43.0661 -1.62382e-14)
(-84.3488 -42.169 -1.16695e-14)
(-82.642 -41.3051 -1.1533e-14)
(-81.0004 -40.4722 -1.51895e-14)
(-79.4204 -39.6689 -1.68276e-14)
(-77.8987 -38.8934 -1.93086e-14)
(-76.4325 -38.1447 -1.42314e-14)
(-75.019 -37.4215 -1.33157e-14)
(-73.6558 -36.7228 -1.31841e-14)
(-72.3406 -36.0478 -2.02161e-14)
(-71.0712 -35.3956 -2.09075e-14)
(-69.8459 -34.7655 -1.52372e-14)
(-68.6629 -34.1568 -1.55967e-14)
(-67.5206 -33.5689 -1.4011e-14)
(-66.4176 -33.0011 -1.46428e-14)
(-65.3528 -32.4525 -1.94164e-14)
(-64.325 -31.9225 -2.18662e-14)
(-63.3334 -31.4102 -2.09494e-14)
(-62.3772 -30.9144 -1.98497e-14)
(-61.4556 -30.4341 -2.37763e-14)
(-60.5678 -29.9679 -2.58063e-14)
(-59.713 -29.5141 -2.35248e-14)
(-58.8899 -29.0712 -2.33301e-14)
(-58.0973 -28.6373 -2.32813e-14)
(-57.333 -28.2106 -2.22875e-14)
(-56.5946 -27.7895 -2.90451e-14)
(-55.8788 -27.3724 -2.65614e-14)
(-55.1817 -26.9583 -2.55264e-14)
(-54.4989 -26.5468 -2.79987e-14)
(-53.8251 -26.1385 -3.02892e-14)
(-53.1553 -25.7343 -2.94412e-14)
(-52.4849 -25.3355 -3.30042e-14)
(-51.8066 -24.9479 -2.89995e-14)
(-51.1178 -24.5775 -2.60154e-14)
(-50.4178 -24.2267 -3.05556e-14)
(-49.7052 -23.9013 -2.91628e-14)
(-48.9821 -23.6101 -3.15528e-14)
(-48.2549 -23.3566 -3.69142e-14)
(-47.5329 -23.1444 -3.2689e-14)
(-46.8237 -22.9784 -3.26813e-14)
(-46.1424 -22.8625 -2.4246e-14)
(-45.5035 -22.7953 -3.37753e-14)
(-44.9239 -22.7753 -2.62546e-14)
(-44.4297 -22.7911 -3.2334e-14)
(-44.0528 -22.8124 -3.76806e-14)
(-43.7918 -22.827 -3.14041e-14)
(-43.6266 -22.8444 -3.69268e-14)
(-43.5755 -22.8413 -4.03982e-14)
(-43.6559 -22.7792 -4.25361e-14)
(-43.8494 -22.6488 -3.41664e-14)
(-44.1351 -22.4265 -3.48237e-14)
(-44.4853 -22.0935 -3.23764e-14)
(-44.851 -21.68 -4.21953e-14)
(-45.1387 -21.1358 -3.03135e-14)
(-45.4677 -20.4908 -3.31033e-14)
(-45.6756 -19.7198 -3.35585e-14)
(-45.7222 -18.8589 -3.2858e-14)
(-45.5787 -17.9377 -3.62213e-14)
(-45.2148 -16.9897 -3.54819e-14)
(-44.6116 -16.0549 -3.29938e-14)
(-43.7642 -15.1766 -3.61426e-14)
(-42.6825 -14.3981 -3.65693e-14)
(-41.3917 -13.7583 -3.06233e-14)
(-39.9298 -13.2879 -3.59077e-14)
(-38.3458 -13.0059 -3.89359e-14)
(-36.6954 -12.9181 -3.34048e-14)
(-35.0364 -13.0172 -3.22987e-14)
(-33.4246 -13.2845 -3.79895e-14)
(-31.9092 -13.6932 -3.3617e-14)
(-30.5313 -14.2128 -3.50088e-14)
(-29.3167 -14.8239 -3.73742e-14)
(-28.3025 -15.4885 -3.66279e-14)
(-27.4292 -16.1701 -3.60429e-14)
(-26.7585 -16.9123 -3.1371e-14)
(-26.2753 -17.6662 -3.46244e-14)
(-25.9901 -18.381 -3.14421e-14)
(-25.8901 -19.0444 -2.75807e-14)
(-25.9595 -19.6463 -3.52926e-14)
(-26.1672 -20.1695 -3.24169e-14)
(-26.4812 -20.6049 -3.37035e-14)
(-26.8631 -20.9509 -3.90606e-14)
(-27.2702 -21.2136 -4.53426e-14)
(-27.6603 -21.4063 -4.55951e-14)
(-27.9958 -21.5487 -4.21232e-14)
(-28.2469 -21.665 -3.75774e-14)
(-28.3916 -21.7836 -3.98082e-14)
(-28.4195 -21.9342 -4.66584e-14)
(-28.3408 -22.1373 -4.29521e-14)
(-28.1792 -22.4125 -4.06003e-14)
(-27.9659 -22.7772 -4.54958e-14)
(-27.7377 -23.2434 -4.94455e-14)
(-27.5395 -23.8151 -4.73332e-14)
(-27.4209 -24.4945 -5.1006e-14)
(-27.4353 -25.2764 -4.22838e-14)
)
;
    }
    inlet
    {
        type            calculated;
        value           uniform (0 0 0);
    }
    rWedge
    {
        type            wedge;
    }
    lWedge
    {
        type            wedge;
    }
    outlet
    {
        type            calculated;
        value           nonuniform 0();
    }
    procBoundary2to0
    {
        type            processor;
        value           uniform (0 0 0);
    }
    procBoundary2to1
    {
        type            processor;
        value           uniform (0 0 0);
    }
    procBoundary2to3
    {
        type            processor;
        value           uniform (0 0 0);
    }
}


// ************************************************************************* //
