/*--------------------------------*- C++ -*----------------------------------*\
| =========                 |                                                 |
| \\      /  F ield         | OpenFOAM: The Open Source CFD Toolbox           |
|  \\    /   O peration     | Version:  v1706                                 |
|   \\  /    A nd           | Web:      www.OpenFOAM.com                      |
|    \\/     M anipulation  |                                                 |
\*---------------------------------------------------------------------------*/
FoamFile
{
    version     2.0;
    format      ascii;
    class       volVectorField;
    location    "1.7e-05";
    object      wallShearStress;
}
// * * * * * * * * * * * * * * * * * * * * * * * * * * * * * * * * * * * * * //

dimensions      [1 -1 -2 0 0 0 0];


internalField   uniform (0 0 0);

boundaryField
{
    cone
    {
        type            calculated;
        value           nonuniform List<vector> 
119
(
(-2.99331 -1.4739 -9.93322e-11)
(-3.04065 -1.58826 -1.09495e-10)
(-3.09703 -1.69511 -1.11873e-10)
(-3.1621 -1.79353 -1.06688e-10)
(-3.23568 -1.88264 -9.55786e-11)
(-3.31726 -1.96127 -8.08959e-11)
(-3.40641 -2.02838 -6.50356e-11)
(-3.50235 -2.08284 -4.9884e-11)
(-3.60399 -2.12368 -3.66457e-11)
(-3.70975 -2.15024 -2.5853e-11)
(-3.81749 -2.1624 -1.75411e-11)
(-3.92436 -2.16071 -1.14468e-11)
(-4.02694 -2.14662 -7.16885e-12)
(-4.11954 -2.12239 -4.28103e-12)
(-4.19591 -2.09397 -2.4048e-12)
(-4.25085 -2.06781 -1.26055e-12)
(-4.27662 -2.05129 -5.67383e-13)
(-4.26963 -2.05068 -1.84604e-13)
(-4.22307 -2.07603 1.57958e-14)
(-4.1313 -2.13714 9.23895e-14)
(-3.99303 -2.24095 1.05992e-13)
(-3.80818 -2.39321 9.52777e-14)
(-3.57911 -2.59708 6.48955e-14)
(-3.31129 -2.85222 4.60901e-14)
(-3.01316 -3.15438 2.03411e-14)
(-2.69568 -3.49554 -5.03064e-15)
(-2.37136 -3.86463 -2.40839e-14)
(-2.05336 -4.24856 -4.13799e-14)
(-1.75446 -4.63342 -4.79469e-14)
(-1.48625 -5.00542 -4.82638e-14)
(-1.25898 -5.35179 -5.21753e-14)
(-1.08009 -5.66111 -5.69077e-14)
(-0.957041 -5.9232 -4.38236e-14)
(-0.894578 -6.12812 -4.96597e-14)
(-0.895708 -6.26847 -4.02248e-14)
(-0.962361 -6.33687 -3.71398e-14)
(-1.09476 -6.32744 -2.90999e-14)
(-1.29083 -6.23671 -3.31866e-14)
(-1.5462 -6.06381 -2.82049e-14)
(-1.85429 -5.81074 -2.47117e-14)
(-2.20592 -5.48348 -3.31668e-14)
(-2.5891 -5.09285 -2.40546e-14)
(-2.98896 -4.65541 -2.57871e-14)
(-3.38818 -4.1938 -3.17838e-14)
(-3.76782 -3.73612 -2.68833e-14)
(-4.1089 -3.31444 -3.41074e-14)
(-4.39467 -2.96191 -2.14888e-14)
(-4.611 -2.7089 -3.72477e-15)
(-4.75205 -2.58143 -1.63992e-14)
(-4.82006 -2.59077 -1.19528e-14)
(-4.82447 -2.73587 -1.10916e-14)
(-4.78129 -3.0076 -1.41532e-14)
(-4.71247 -3.38384 -1.23784e-14)
(-4.64293 -3.83365 -8.93831e-15)
(-4.59663 -4.3219 -2.17478e-14)
(-4.59406 -4.81344 -9.38441e-15)
(-4.65004 -5.27523 -4.48615e-15)
(-4.77414 -5.67929 -1.41203e-14)
(-4.96364 -6.00437 -1.80316e-14)
(-5.20082 -6.24221 -1.45225e-14)
(-5.46118 -6.39827 -1.02645e-14)
(-5.71553 -6.46714 -1.03563e-14)
(-5.89784 -6.51216 -9.50057e-15)
(-5.99466 -6.54855 -1.12896e-14)
(-6.00782 -6.58519 -9.05621e-15)
(-5.93219 -6.64723 -1.4001e-14)
(-5.73728 -6.76316 -1.09303e-14)
(-5.42976 -6.95284 -1.57488e-14)
(-5.0284 -7.22382 -1.53661e-14)
(-4.56169 -7.57007 -1.50233e-14)
(-4.06664 -7.97477 -1.19529e-14)
(-3.57842 -8.41486 -1.25156e-14)
(-3.12398 -8.8691 -1.59767e-14)
(-2.72139 -9.32216 -1.0114e-14)
(-2.38193 -9.76493 -1.28825e-14)
(-2.11366 -10.1913 -7.11986e-15)
(-1.92285 -10.5951 -7.02119e-15)
(-1.81386 -10.9681 -1.2029e-14)
(-1.78902 -11.3041 -5.27546e-15)
(-1.84924 -11.5956 -1.75857e-14)
(-1.99353 -11.8359 -6.49773e-15)
(-2.21898 -12.0191 -7.29575e-15)
(-2.52086 -12.1405 -1.1912e-14)
(-2.89295 -12.1965 -1.14113e-14)
(-3.32791 -12.1847 -1.15099e-14)
(-3.81747 -12.1039 3.64429e-16)
(-4.35267 -11.9541 -4.33975e-15)
(-4.92386 -11.7367 -1.92733e-14)
(-5.52086 -11.4548 -1.48611e-14)
(-6.13292 -11.1132 -1.43683e-14)
(-6.74887 -10.7179 -1.2564e-14)
(-7.3572 -10.2763 -1.23892e-14)
(-7.94633 -9.7965 -2.28703e-14)
(-8.50493 -9.28732 -1.20039e-14)
(-9.02263 -8.75779 -1.16041e-14)
(-9.49127 -8.21716 -1.85494e-14)
(-9.90636 -7.67518 -3.35152e-14)
(-10.2687 -7.14196 -5.14351e-15)
(-10.5848 -6.62727 -1.15386e-14)
(-10.8637 -6.1389 3.92786e-15)
(-11.1126 -5.68153 1.85145e-15)
(-11.3367 -5.25099 -1.2923e-14)
(-11.5292 -4.83458 -9.64317e-15)
(-11.6947 -4.43357 -1.88824e-15)
(-11.8208 -4.04872 -2.84798e-14)
(-11.9224 -3.68507 -1.68273e-14)
(-12.0242 -3.35198 -2.72027e-14)
(-12.1496 -3.0533 -2.41707e-14)
(-12.3135 -2.78396 -2.17088e-14)
(-12.5167 -2.53057 -1.78193e-14)
(-12.7477 -2.27688 -1.52118e-14)
(-12.9779 -2.00446 -2.28411e-14)
(-13.1999 -1.71157 -3.8516e-15)
(-13.3914 -1.39156 -1.79986e-14)
(-13.5603 -1.05091 -2.39502e-15)
(-13.6791 -0.682666 -1.60056e-14)
(-13.673 -0.252467 -1.54824e-14)
(-13.2829 0.331272 -8.24399e-15)
(-11.8177 0.978623 -1.29024e-14)
)
;
    }
    inlet
    {
        type            calculated;
        value           uniform (0 0 0);
    }
    rWedge
    {
        type            wedge;
    }
    lWedge
    {
        type            wedge;
    }
    outlet
    {
        type            calculated;
        value           uniform (0 0 0);
    }
    procBoundary0to1
    {
        type            processor;
        value           uniform (0 0 0);
    }
    procBoundary0to2
    {
        type            processor;
        value           uniform (0 0 0);
    }
}


// ************************************************************************* //
