/*--------------------------------*- C++ -*----------------------------------*\
| =========                 |                                                 |
| \\      /  F ield         | OpenFOAM: The Open Source CFD Toolbox           |
|  \\    /   O peration     | Version:  v1706                                 |
|   \\  /    A nd           | Web:      www.OpenFOAM.com                      |
|    \\/     M anipulation  |                                                 |
\*---------------------------------------------------------------------------*/
FoamFile
{
    version     2.0;
    format      ascii;
    class       volVectorField;
    location    "1.8e-05";
    object      wallShearStress;
}
// * * * * * * * * * * * * * * * * * * * * * * * * * * * * * * * * * * * * * //

dimensions      [1 -1 -2 0 0 0 0];


internalField   uniform (0 0 0);

boundaryField
{
    cone
    {
        type            calculated;
        value           nonuniform List<vector> 
147
(
(-0.552889 -0.347179 -1.21038e-13)
(-0.558451 -0.55033 -1.2551e-13)
(-0.566321 -0.762307 -2.77616e-13)
(-0.576446 -0.97511 -3.70779e-13)
(-0.587993 -1.1899 -4.67669e-13)
(-0.602908 -1.4065 -5.51773e-13)
(-0.620819 -1.6234 -6.48089e-13)
(-0.641519 -1.83951 -7.36459e-13)
(-0.664832 -2.05472 -8.22925e-13)
(-0.690662 -2.26909 -8.7531e-13)
(-0.718985 -2.48263 -9.39447e-13)
(-0.74979 -2.6953 -9.95708e-13)
(-0.78307 -2.90706 -1.02757e-12)
(-0.81881 -3.11786 -1.04621e-12)
(-0.856992 -3.32763 -1.06012e-12)
(-0.897599 -3.53634 -1.06657e-12)
(-0.940612 -3.74393 -1.06834e-12)
(-0.986008 -3.95034 -1.06179e-12)
(-1.03377 -4.15553 -1.04766e-12)
(-1.08386 -4.35943 -1.03241e-12)
(-1.13628 -4.56198 -1.00538e-12)
(-1.19098 -4.76313 -9.77311e-13)
(-1.24794 -4.96282 -9.39503e-13)
(-1.30714 -5.16097 -9.07043e-13)
(-1.36855 -5.35753 -8.6723e-13)
(-1.43213 -5.55244 -8.28279e-13)
(-1.49785 -5.74563 -7.88431e-13)
(-1.56567 -5.93703 -7.57576e-13)
(-1.63557 -6.1266 -7.19267e-13)
(-1.70749 -6.31427 -6.81206e-13)
(-1.7814 -6.49997 -6.47564e-13)
(-1.85727 -6.68365 -6.10945e-13)
(-1.93504 -6.86525 -5.75575e-13)
(-2.01468 -7.04472 -5.44916e-13)
(-2.09614 -7.22199 -5.12582e-13)
(-2.17939 -7.39702 -4.87481e-13)
(-2.26437 -7.56975 -4.60689e-13)
(-2.35104 -7.74013 -4.31781e-13)
(-2.43935 -7.90811 -4.05362e-13)
(-2.52926 -8.07363 -3.78355e-13)
(-2.62072 -8.23666 -3.57578e-13)
(-2.71368 -8.39713 -3.44837e-13)
(-2.80808 -8.55501 -3.24794e-13)
(-2.90388 -8.71025 -3.00923e-13)
(-3.00103 -8.86279 -2.84493e-13)
(-3.09946 -9.0126 -2.69564e-13)
(-3.19914 -9.15964 -2.57658e-13)
(-3.29999 -9.30385 -2.41899e-13)
(-3.40197 -9.44521 -2.27012e-13)
(-3.50501 -9.58367 -2.1101e-13)
(-3.60908 -9.71919 -2.00869e-13)
(-3.71408 -9.85174 -1.89595e-13)
(-3.81998 -9.98129 -1.81049e-13)
(-3.92672 -10.1078 -1.70246e-13)
(-4.03424 -10.2312 -1.62047e-13)
(-4.14247 -10.3516 -1.54821e-13)
(-4.25136 -10.4688 -1.48989e-13)
(-4.36086 -10.5829 -1.39131e-13)
(-4.4709 -10.6938 -1.35629e-13)
(-4.58142 -10.8015 -1.27317e-13)
(-4.69239 -10.9059 -1.20851e-13)
(-4.80372 -11.0072 -1.17433e-13)
(-4.91537 -11.1052 -1.15871e-13)
(-5.02728 -11.1999 -1.12154e-13)
(-5.1394 -11.2913 -1.04807e-13)
(-5.25166 -11.3794 -9.81758e-14)
(-5.364 -11.4642 -9.43152e-14)
(-5.47637 -11.5456 -8.83133e-14)
(-5.58873 -11.6236 -8.60346e-14)
(-5.70099 -11.6982 -8.05613e-14)
(-5.81306 -11.7695 -8.37329e-14)
(-5.92488 -11.8373 -8.1385e-14)
(-6.03642 -11.9018 -7.93895e-14)
(-6.14761 -11.9628 -7.07267e-14)
(-6.25838 -12.0205 -6.98964e-14)
(-6.36868 -12.0746 -6.43805e-14)
(-6.47844 -12.1253 -6.13922e-14)
(-6.5876 -12.1726 -5.86037e-14)
(-6.69609 -12.2165 -5.72161e-14)
(-6.80386 -12.2568 -5.33849e-14)
(-6.91084 -12.2938 -5.23979e-14)
(-7.01698 -12.3273 -5.21281e-14)
(-7.1222 -12.3573 -4.90545e-14)
(-7.22645 -12.384 -4.92651e-14)
(-7.3297 -12.4071 -4.51169e-14)
(-7.43184 -12.4268 -4.49432e-14)
(-7.53279 -12.4431 -4.33638e-14)
(-7.63248 -12.456 -4.33705e-14)
(-7.73092 -12.4655 -4.18813e-14)
(-7.828 -12.4717 -4.25077e-14)
(-7.92364 -12.4745 -4.05716e-14)
(-8.01778 -12.474 -3.91533e-14)
(-8.11034 -12.4701 -3.64387e-14)
(-8.20127 -12.4628 -3.48189e-14)
(-8.29046 -12.4523 -3.36906e-14)
(-8.37785 -12.4384 -3.45961e-14)
(-8.46335 -12.4213 -3.27124e-14)
(-8.5469 -12.4009 -3.37884e-14)
(-8.62837 -12.3772 -3.19691e-14)
(-8.70772 -12.3504 -3.09064e-14)
(-8.78483 -12.3203 -3.05734e-14)
(-8.8596 -12.2871 -2.94077e-14)
(-8.93195 -12.2508 -3.09996e-14)
(-9.00177 -12.2114 -2.77876e-14)
(-9.06896 -12.1689 -2.74291e-14)
(-9.13342 -12.1235 -2.91813e-14)
(-9.19503 -12.0752 -2.88583e-14)
(-9.25369 -12.024 -2.69094e-14)
(-9.30927 -11.9701 -2.902e-14)
(-9.36168 -11.9134 -2.76382e-14)
(-9.41077 -11.8541 -2.58604e-14)
(-9.45644 -11.7923 -2.63008e-14)
(-9.49856 -11.728 -2.76964e-14)
(-9.537 -11.6614 -2.58462e-14)
(-9.57163 -11.5926 -2.58052e-14)
(-9.60233 -11.5218 -2.41457e-14)
(-9.62896 -11.4489 -2.43959e-14)
(-9.6514 -11.3743 -2.16361e-14)
(-9.66951 -11.2981 -2.04969e-14)
(-9.68317 -11.2204 -2.16777e-14)
(-9.69225 -11.1415 -2.15768e-14)
(-9.69663 -11.0615 -2.16152e-14)
(-9.6962 -10.9806 -2.24075e-14)
(-9.69085 -10.8991 -2.09212e-14)
(-9.68049 -10.8172 -1.92655e-14)
(-9.66502 -10.7351 -1.99547e-14)
(-9.64439 -10.6532 -1.87895e-14)
(-9.61853 -10.5716 -1.78739e-14)
(-9.5874 -10.4906 -1.74912e-14)
(-9.55099 -10.4106 -1.69666e-14)
(-9.50929 -10.3318 -1.7638e-14)
(-9.46233 -10.2545 -1.62414e-14)
(-9.41015 -10.179 -1.64029e-14)
(-9.35284 -10.1055 -1.45932e-14)
(-9.29049 -10.0344 -1.4731e-14)
(-9.22326 -9.96597 -1.408e-14)
(-9.15129 -9.9004 -1.49181e-14)
(-9.07479 -9.83797 -1.48394e-14)
(-8.994 -9.77892 -1.47983e-14)
(-8.90917 -9.72347 -1.51819e-14)
(-8.82062 -9.67183 -1.53641e-14)
(-8.72868 -9.62413 -1.52352e-14)
(-8.63371 -9.58055 -1.49333e-14)
(-8.53613 -9.54118 -1.46171e-14)
(-8.43637 -9.50612 -1.3585e-14)
(-8.3349 -9.47539 -1.36917e-14)
(-0.575268 -0.153372 -5.70061e-14)
)
;
    }
    inlet
    {
        type            calculated;
        value           uniform (0 0 0);
    }
    rWedge
    {
        type            wedge;
    }
    lWedge
    {
        type            wedge;
    }
    outlet
    {
        type            calculated;
        value           nonuniform 0();
    }
    procBoundary3to2
    {
        type            processor;
        value           uniform (0 0 0);
    }
}


// ************************************************************************* //
