/*--------------------------------*- C++ -*----------------------------------*\
| =========                 |                                                 |
| \\      /  F ield         | OpenFOAM: The Open Source CFD Toolbox           |
|  \\    /   O peration     | Version:  v1706                                 |
|   \\  /    A nd           | Web:      www.OpenFOAM.com                      |
|    \\/     M anipulation  |                                                 |
\*---------------------------------------------------------------------------*/
FoamFile
{
    version     2.0;
    format      ascii;
    class       volVectorField;
    location    "3.6e-05";
    object      wallShearStress;
}
// * * * * * * * * * * * * * * * * * * * * * * * * * * * * * * * * * * * * * //

dimensions      [1 -1 -2 0 0 0 0];


internalField   uniform (0 0 0);

boundaryField
{
    cone
    {
        type            calculated;
        value           nonuniform List<vector> 
147
(
(-0.643882 -1.97219 -1.04815e-12)
(-0.664374 -3.01237 -1.43894e-12)
(-0.71808 -4.22356 -2.2938e-12)
(-0.770054 -5.37625 -2.85314e-12)
(-0.843223 -6.5778 -3.39417e-12)
(-0.925867 -7.75328 -3.84886e-12)
(-1.02487 -8.94428 -4.27474e-12)
(-1.13601 -10.1249 -4.65076e-12)
(-1.26178 -11.3081 -5.00275e-12)
(-1.40071 -12.486 -5.22662e-12)
(-1.55356 -13.662 -5.47156e-12)
(-1.71986 -14.8339 -5.63018e-12)
(-1.89977 -16.0021 -5.76802e-12)
(-2.09312 -17.1661 -5.84944e-12)
(-2.29989 -18.3257 -5.85448e-12)
(-2.51997 -19.4806 -5.86507e-12)
(-2.75329 -20.6305 -5.82546e-12)
(-2.99976 -21.7752 -5.81998e-12)
(-3.25928 -22.9142 -5.75402e-12)
(-3.53175 -24.0474 -5.68107e-12)
(-3.81707 -25.1745 -5.59581e-12)
(-4.1151 -26.2951 -5.47178e-12)
(-4.42575 -27.4088 -5.32852e-12)
(-4.74888 -28.5156 -5.23337e-12)
(-5.08436 -29.6149 -5.08756e-12)
(-5.43205 -30.7065 -4.95483e-12)
(-5.79182 -31.7901 -4.79311e-12)
(-6.16351 -32.8654 -4.64704e-12)
(-6.54697 -33.9321 -4.48981e-12)
(-6.94209 -34.9899 -4.34141e-12)
(-7.34937 -36.038 -4.20088e-12)
(-7.7688 -37.0761 -4.05297e-12)
(-8.19808 -38.1051 -3.89592e-12)
(-8.63816 -39.1242 -3.76089e-12)
(-9.089 -40.133 -3.61772e-12)
(-9.5504 -41.1312 -3.49096e-12)
(-10.0222 -42.1186 -3.35042e-12)
(-10.5042 -43.0948 -3.21158e-12)
(-10.9962 -44.0598 -3.07501e-12)
(-11.498 -45.0131 -2.94247e-12)
(-12.0094 -45.9546 -2.83342e-12)
(-12.5302 -46.884 -2.74578e-12)
(-13.0603 -47.801 -2.6422e-12)
(-13.5997 -48.7049 -2.52029e-12)
(-14.1475 -49.5966 -2.41111e-12)
(-14.7038 -50.4754 -2.32318e-12)
(-15.2684 -51.3411 -2.2446e-12)
(-15.841 -52.1935 -2.15119e-12)
(-16.4214 -53.0323 -2.06462e-12)
(-17.0097 -53.8575 -1.96992e-12)
(-17.6054 -54.6687 -1.90008e-12)
(-18.208 -55.4657 -1.82547e-12)
(-18.8179 -56.2486 -1.75963e-12)
(-19.4339 -57.0175 -1.68185e-12)
(-20.0551 -57.7721 -1.61355e-12)
(-20.6801 -58.5129 -1.55214e-12)
(-21.3082 -59.2405 -1.50375e-12)
(-21.9471 -59.9502 -1.43532e-12)
(-22.593 -60.6432 -1.38781e-12)
(-23.244 -61.3207 -1.33242e-12)
(-23.8997 -61.9829 -1.27813e-12)
(-24.5599 -62.6296 -1.23229e-12)
(-25.2245 -63.2607 -1.20105e-12)
(-25.8932 -63.876 -1.16366e-12)
(-26.5657 -64.4754 -1.11144e-12)
(-27.2419 -65.059 -1.0637e-12)
(-27.9213 -65.6265 -1.02644e-12)
(-28.6038 -66.1779 -9.80249e-13)
(-29.289 -66.713 -9.48947e-13)
(-29.9768 -67.2319 -9.08662e-13)
(-30.6669 -67.7344 -8.94894e-13)
(-31.3588 -68.2206 -8.6961e-13)
(-32.0525 -68.6902 -8.44805e-13)
(-32.7477 -69.1433 -7.94552e-13)
(-33.4441 -69.5798 -7.76908e-13)
(-34.1414 -69.9998 -7.41869e-13)
(-34.8393 -70.4031 -7.13351e-13)
(-35.5377 -70.7898 -6.87782e-13)
(-36.2361 -71.1599 -6.68422e-13)
(-36.9343 -71.5131 -6.40742e-13)
(-37.6322 -71.8497 -6.19072e-13)
(-38.3294 -72.1695 -6.04797e-13)
(-39.0257 -72.4727 -5.82702e-13)
(-39.7208 -72.7592 -5.68832e-13)
(-40.4145 -73.029 -5.40075e-13)
(-41.1065 -73.2823 -5.2808e-13)
(-41.7965 -73.5189 -5.09596e-13)
(-42.4843 -73.739 -4.98065e-13)
(-43.1697 -73.9425 -4.80939e-13)
(-43.8524 -74.1296 -4.7299e-13)
(-44.5319 -74.3 -4.54632e-13)
(-45.2084 -74.4541 -4.40643e-13)
(-45.8815 -74.592 -4.22362e-13)
(-46.5508 -74.7137 -4.07142e-13)
(-47.2162 -74.8193 -3.92191e-13)
(-47.8775 -74.9088 -3.86048e-13)
(-48.5343 -74.9823 -3.70052e-13)
(-49.1867 -75.0398 -3.65713e-13)
(-49.8338 -75.0813 -3.53894e-13)
(-50.476 -75.1071 -3.41149e-13)
(-51.1129 -75.1176 -3.32196e-13)
(-51.7442 -75.1126 -3.1907e-13)
(-52.3697 -75.0922 -3.19625e-13)
(-52.9893 -75.0565 -3.00898e-13)
(-53.6027 -75.0056 -2.89407e-13)
(-54.2098 -74.9397 -2.88195e-13)
(-54.8102 -74.8589 -2.80213e-13)
(-55.404 -74.7633 -2.67114e-13)
(-55.9905 -74.6529 -2.70571e-13)
(-56.5701 -74.5281 -2.59916e-13)
(-57.1423 -74.3893 -2.47403e-13)
(-57.7069 -74.2364 -2.42181e-13)
(-58.2638 -74.0696 -2.42652e-13)
(-58.8129 -73.889 -2.3141e-13)
(-59.354 -73.6947 -2.27846e-13)
(-59.8868 -73.4869 -2.16377e-13)
(-60.4113 -73.2659 -2.16455e-13)
(-60.9273 -73.0316 -2.02615e-13)
(-61.4346 -72.7845 -1.92858e-13)
(-61.9331 -72.5247 -1.92863e-13)
(-62.4227 -72.2523 -1.86447e-13)
(-62.9031 -71.9675 -1.82959e-13)
(-63.3743 -71.6706 -1.83069e-13)
(-63.8362 -71.3617 -1.74962e-13)
(-64.2886 -71.041 -1.65968e-13)
(-64.7313 -70.7089 -1.67548e-13)
(-65.1644 -70.3653 -1.60064e-13)
(-65.5877 -70.0107 -1.53806e-13)
(-66.0009 -69.6451 -1.49112e-13)
(-66.4042 -69.2687 -1.43052e-13)
(-66.7974 -68.8819 -1.42726e-13)
(-67.1803 -68.4849 -1.34659e-13)
(-67.5529 -68.0777 -1.33857e-13)
(-67.9152 -67.6607 -1.25658e-13)
(-68.2669 -67.2342 -1.24197e-13)
(-68.6082 -66.7982 -1.19165e-13)
(-68.9389 -66.353 -1.19494e-13)
(-69.2589 -65.8989 -1.14416e-13)
(-69.5683 -65.4361 -1.11178e-13)
(-69.8671 -64.9648 -1.09359e-13)
(-70.1558 -64.4853 -1.08482e-13)
(-70.4341 -63.9984 -1.06243e-13)
(-70.7021 -63.5045 -1.04264e-13)
(-70.9593 -63.0037 -1.01448e-13)
(-71.2042 -62.4957 -9.64451e-14)
(-71.438 -61.9794 -9.51265e-14)
(-0.702722 -0.960495 -4.4031e-13)
)
;
    }
    inlet
    {
        type            calculated;
        value           uniform (0 0 0);
    }
    rWedge
    {
        type            wedge;
    }
    lWedge
    {
        type            wedge;
    }
    outlet
    {
        type            calculated;
        value           nonuniform 0();
    }
    procBoundary3to2
    {
        type            processor;
        value           uniform (0 0 0);
    }
}


// ************************************************************************* //
