/*--------------------------------*- C++ -*----------------------------------*\
| =========                 |                                                 |
| \\      /  F ield         | OpenFOAM: The Open Source CFD Toolbox           |
|  \\    /   O peration     | Version:  v1706                                 |
|   \\  /    A nd           | Web:      www.OpenFOAM.com                      |
|    \\/     M anipulation  |                                                 |
\*---------------------------------------------------------------------------*/
FoamFile
{
    version     2.0;
    format      ascii;
    class       volVectorField;
    location    "3.4e-05";
    object      wallShearStress;
}
// * * * * * * * * * * * * * * * * * * * * * * * * * * * * * * * * * * * * * //

dimensions      [1 -1 -2 0 0 0 0];


internalField   uniform (0 0 0);

boundaryField
{
    cone
    {
        type            calculated;
        value           nonuniform List<vector> 
119
(
(-6.26962 -3.67831 -2.37074e-11)
(-6.498 -3.44607 -2.74716e-11)
(-6.70407 -3.2017 -3.06061e-11)
(-6.87478 -2.93369 -3.27548e-11)
(-7.01541 -2.65109 -3.37046e-11)
(-7.12275 -2.35828 -3.33632e-11)
(-7.19588 -2.05564 -3.18145e-11)
(-7.23377 -1.74682 -2.9253e-11)
(-7.23587 -1.43502 -2.59676e-11)
(-7.20262 -1.12432 -2.22744e-11)
(-7.13399 -0.818052 -1.84757e-11)
(-7.03125 -0.520519 -1.48266e-11)
(-6.89569 -0.235918 -1.15048e-11)
(-6.72904 0.031476 -8.62566e-12)
(-6.53341 0.277496 -6.23038e-12)
(-6.31134 0.498185 -4.31444e-12)
(-6.06572 0.690021 -2.82264e-12)
(-5.79986 0.850097 -1.71064e-12)
(-5.51742 0.976309 -9.05129e-13)
(-5.2224 1.06755 -3.46322e-13)
(-4.91906 1.12381 2.89114e-14)
(-4.61187 1.14622 2.72363e-13)
(-4.30532 1.13697 4.14985e-13)
(-4.00381 1.09919 4.97468e-13)
(-3.71144 1.03668 5.30053e-13)
(-3.43187 0.953634 5.31477e-13)
(-3.1682 0.854336 5.16758e-13)
(-2.92292 0.742976 4.91985e-13)
(-2.69792 0.623493 4.66381e-13)
(-2.49458 0.499551 4.41689e-13)
(-2.31387 0.374563 4.14726e-13)
(-2.15642 0.251736 3.8843e-13)
(-2.02255 0.133975 3.7314e-13)
(-1.91233 0.0239077 3.50746e-13)
(-1.8258 -0.0771269 3.37147e-13)
(-1.76372 -0.163742 3.22336e-13)
(-1.72266 -0.232799 3.10838e-13)
(-1.70499 -0.28576 2.94883e-13)
(-1.70597 -0.323271 2.82861e-13)
(-1.7244 -0.342246 2.69992e-13)
(-1.75974 -0.34093 2.52928e-13)
(-1.81044 -0.317611 2.43459e-13)
(-1.86983 -0.273669 2.29634e-13)
(-1.94263 -0.212015 2.14266e-13)
(-2.01715 -0.129722 2.02428e-13)
(-2.09241 -0.0304719 1.86301e-13)
(-2.1644 0.0834091 1.78962e-13)
(-2.22952 0.209431 1.71938e-13)
(-2.28265 0.343205 1.52802e-13)
(-2.32013 0.48147 1.40693e-13)
(-2.3383 0.619844 1.2763e-13)
(-2.33381 0.753624 1.14334e-13)
(-2.30392 0.878016 1.03653e-13)
(-2.24667 0.98827 9.35641e-14)
(-2.16102 1.07998 7.91525e-14)
(-2.04705 1.14934 7.49987e-14)
(-1.906 1.19344 6.74227e-14)
(-1.74023 1.21045 5.54647e-14)
(-1.5532 1.19977 4.72333e-14)
(-1.34921 1.16204 4.21969e-14)
(-1.13311 1.09891 3.75864e-14)
(-0.909909 1.01279 3.36847e-14)
(-0.684644 0.906672 2.91726e-14)
(-0.462796 0.784213 2.39505e-14)
(-0.24882 0.645633 2.06611e-14)
(-0.0545456 0.502969 1.57158e-14)
(0.13012 0.364991 1.41833e-14)
(0.286782 0.224668 1.026e-14)
(0.418525 0.0916549 8.4952e-15)
(0.523045 -0.0301707 6.54433e-15)
(0.598224 -0.137699 5.60145e-15)
(0.643499 -0.228249 3.99142e-15)
(0.659122 -0.297654 2.25381e-15)
(0.644177 -0.345414 3.62465e-15)
(0.599278 -0.367533 1.73225e-15)
(0.526245 -0.362097 2.68635e-15)
(0.428973 -0.329412 1.88705e-15)
(0.312668 -0.271229 -6.52317e-17)
(0.183732 -0.190808 1.62221e-15)
(0.0500117 -0.0931107 -2.4431e-15)
(-0.078903 0.016936 9.33282e-16)
(-0.190154 0.12523 2.43737e-16)
(-0.276441 0.221105 -1.91729e-15)
(-0.327143 0.29173 -1.36515e-15)
(-0.340069 0.332087 -8.72836e-16)
(-0.316291 0.338813 2.56896e-15)
(-0.252805 0.298916 3.56629e-16)
(-0.158496 0.213941 -3.97344e-15)
(-0.0433886 0.0867356 -2.14459e-15)
(0.0819829 -0.0783982 -1.96225e-15)
(0.205739 -0.272784 -2.12162e-15)
(0.318351 -0.490666 -2.58931e-15)
(0.410093 -0.722261 -5.38624e-15)
(0.473566 -0.96098 -2.48853e-15)
(0.504018 -1.20045 -2.88654e-15)
(0.498118 -1.43481 -4.64045e-15)
(0.452354 -1.65985 -8.60218e-15)
(0.365646 -1.87094 -2.53167e-16)
(0.236789 -2.06368 -1.63371e-15)
(0.0652565 -2.23363 3.71692e-15)
(-0.148612 -2.37623 2.50707e-15)
(-0.403388 -2.48691 -2.28431e-15)
(-0.69625 -2.56119 -4.11008e-16)
(-1.02276 -2.5949 1.18277e-15)
(-1.37702 -2.58448 -7.93968e-15)
(-1.75219 -2.52755 -4.02343e-15)
(-2.14108 -2.42274 -6.77869e-15)
(-2.5422 -2.26393 -6.5394e-15)
(-2.92275 -2.04518 -5.97238e-15)
(-3.33078 -1.78874 -4.25331e-15)
(-3.71983 -1.46349 -3.39358e-15)
(-4.07989 -1.06995 -5.17037e-15)
(-4.39053 -0.623305 8.19682e-16)
(-4.61664 -0.149186 -4.26541e-15)
(-4.73536 0.313224 7.69434e-17)
(-4.72207 0.7209 -4.02054e-15)
(-4.53919 1.03959 -4.18192e-15)
(-4.07657 1.30703 -1.42385e-15)
(-3.17842 1.43567 -3.56125e-15)
)
;
    }
    inlet
    {
        type            calculated;
        value           uniform (0 0 0);
    }
    rWedge
    {
        type            wedge;
    }
    lWedge
    {
        type            wedge;
    }
    outlet
    {
        type            calculated;
        value           uniform (0 0 0);
    }
    procBoundary0to1
    {
        type            processor;
        value           uniform (0 0 0);
    }
    procBoundary0to2
    {
        type            processor;
        value           uniform (0 0 0);
    }
}


// ************************************************************************* //
