/*--------------------------------*- C++ -*----------------------------------*\
| =========                 |                                                 |
| \\      /  F ield         | OpenFOAM: The Open Source CFD Toolbox           |
|  \\    /   O peration     | Version:  v1706                                 |
|   \\  /    A nd           | Web:      www.OpenFOAM.com                      |
|    \\/     M anipulation  |                                                 |
\*---------------------------------------------------------------------------*/
FoamFile
{
    version     2.0;
    format      ascii;
    class       volVectorField;
    location    "1.3e-05";
    object      wallShearStress;
}
// * * * * * * * * * * * * * * * * * * * * * * * * * * * * * * * * * * * * * //

dimensions      [1 -1 -2 0 0 0 0];


internalField   uniform (0 0 0);

boundaryField
{
    cone
    {
        type            calculated;
        value           nonuniform List<vector> 
147
(
(4.18894 -5.1197 -1.99944e-12)
(4.30019 -7.79439 -2.967e-12)
(4.22111 -10.8529 -4.85449e-12)
(4.10161 -13.8206 -6.09972e-12)
(3.92223 -16.8956 -7.0773e-12)
(3.71292 -19.8982 -7.92386e-12)
(3.45661 -22.9544 -8.82609e-12)
(3.17033 -25.9637 -9.52336e-12)
(2.84155 -28.9962 -1.01766e-11)
(2.48112 -31.999 -1.04413e-11)
(2.08128 -35.007 -1.09588e-11)
(1.64836 -37.9948 -1.12447e-11)
(1.17817 -40.9779 -1.13925e-11)
(0.674124 -43.9449 -1.14314e-11)
(0.134283 -46.9018 -1.14575e-11)
(-0.439627 -49.8437 -1.13888e-11)
(-1.04832 -52.7724 -1.12857e-11)
(-1.69087 -55.6855 -1.12003e-11)
(-2.36739 -58.5833 -1.10012e-11)
(-3.07731 -61.4645 -1.0791e-11)
(-3.82047 -64.3283 -1.05583e-11)
(-4.60273 -67.1712 -1.03399e-11)
(-5.41307 -69.9958 -1.00171e-11)
(-6.25477 -72.8021 -9.77004e-12)
(-7.12811 -75.5878 -9.40651e-12)
(-8.03293 -78.3523 -9.12838e-12)
(-8.96875 -81.0946 -8.7822e-12)
(-9.93516 -83.8139 -8.52977e-12)
(-10.9317 -86.5094 -8.22676e-12)
(-11.958 -89.1804 -7.90749e-12)
(-13.0136 -91.8261 -7.62563e-12)
(-14.0979 -94.4457 -7.31305e-12)
(-15.2105 -97.0384 -6.99214e-12)
(-16.3509 -99.6036 -6.73956e-12)
(-17.5186 -102.141 -6.44356e-12)
(-18.713 -104.648 -6.22251e-12)
(-19.9337 -107.127 -5.97564e-12)
(-21.18 -109.574 -5.69923e-12)
(-22.4517 -111.989 -5.43719e-12)
(-23.7477 -114.373 -5.19385e-12)
(-25.0676 -116.726 -4.9778e-12)
(-26.4109 -119.046 -4.83202e-12)
(-27.7769 -121.332 -4.63728e-12)
(-29.1651 -123.584 -4.40293e-12)
(-30.5747 -125.802 -4.20293e-12)
(-32.0052 -127.984 -4.03437e-12)
(-33.456 -130.13 -3.88405e-12)
(-34.9264 -132.24 -3.72321e-12)
(-36.4157 -134.314 -3.56032e-12)
(-37.9233 -136.349 -3.37735e-12)
(-39.4484 -138.347 -3.2569e-12)
(-40.9905 -140.307 -3.12749e-12)
(-42.5488 -142.228 -2.9994e-12)
(-44.1227 -144.11 -2.86509e-12)
(-45.7113 -145.952 -2.74589e-12)
(-47.3141 -147.754 -2.63121e-12)
(-48.9303 -149.516 -2.53193e-12)
(-50.5587 -151.236 -2.40599e-12)
(-52.1996 -152.915 -2.33339e-12)
(-53.8517 -154.554 -2.22441e-12)
(-55.5145 -156.15 -2.12295e-12)
(-57.187 -157.705 -2.04919e-12)
(-58.8686 -159.217 -1.99749e-12)
(-60.5584 -160.687 -1.92722e-12)
(-62.2558 -162.113 -1.82872e-12)
(-63.9603 -163.497 -1.74212e-12)
(-65.6707 -164.838 -1.6838e-12)
(-67.3864 -166.134 -1.5943e-12)
(-69.1068 -167.387 -1.54159e-12)
(-70.831 -168.597 -1.45605e-12)
(-72.5584 -169.762 -1.44218e-12)
(-74.288 -170.883 -1.40648e-12)
(-76.0193 -171.96 -1.37035e-12)
(-77.7515 -172.993 -1.27154e-12)
(-79.4837 -173.981 -1.24711e-12)
(-81.2153 -174.924 -1.18202e-12)
(-82.9457 -175.823 -1.13406e-12)
(-84.6737 -176.678 -1.08708e-12)
(-86.3991 -177.488 -1.04864e-12)
(-88.121 -178.254 -1.00192e-12)
(-89.8383 -178.974 -9.62372e-13)
(-91.5506 -179.651 -9.38345e-13)
(-93.2573 -180.283 -8.97763e-13)
(-94.9575 -180.871 -8.72564e-13)
(-96.6504 -181.415 -8.16759e-13)
(-98.3359 -181.914 -7.93032e-13)
(-100.012 -182.37 -7.64823e-13)
(-101.679 -182.781 -7.46436e-13)
(-103.336 -183.149 -7.1006e-13)
(-104.983 -183.473 -7.0344e-13)
(-106.618 -183.755 -6.70331e-13)
(-108.242 -183.994 -6.42157e-13)
(-109.852 -184.189 -6.08333e-13)
(-111.45 -184.342 -5.83643e-13)
(-113.033 -184.452 -5.57698e-13)
(-114.602 -184.521 -5.53824e-13)
(-116.155 -184.548 -5.23849e-13)
(-117.693 -184.533 -5.18364e-13)
(-119.214 -184.478 -4.97278e-13)
(-120.718 -184.381 -4.71407e-13)
(-122.204 -184.244 -4.58526e-13)
(-123.672 -184.066 -4.32393e-13)
(-125.122 -183.849 -4.49343e-13)
(-126.549 -183.594 -4.06996e-13)
(-127.959 -183.298 -3.8594e-13)
(-129.348 -182.964 -3.89257e-13)
(-130.718 -182.592 -3.78014e-13)
(-132.065 -182.182 -3.50925e-13)
(-133.39 -181.736 -3.66993e-13)
(-134.692 -181.252 -3.50098e-13)
(-135.972 -180.731 -3.24941e-13)
(-137.229 -180.176 -3.15997e-13)
(-138.461 -179.585 -3.25017e-13)
(-139.67 -178.96 -3.05052e-13)
(-140.852 -178.301 -3.0447e-13)
(-142.008 -177.61 -2.80158e-13)
(-143.141 -176.884 -2.82286e-13)
(-144.247 -176.127 -2.5073e-13)
(-145.317 -175.348 -2.32971e-13)
(-146.371 -174.528 -2.38458e-13)
(-147.4 -173.674 -2.2737e-13)
(-148.401 -172.789 -2.20466e-13)
(-149.375 -171.873 -2.22078e-13)
(-150.321 -170.929 -2.06204e-13)
(-151.238 -169.956 -1.89359e-13)
(-152.127 -168.956 -1.962e-13)
(-152.987 -167.927 -1.84698e-13)
(-153.819 -166.873 -1.71713e-13)
(-154.621 -165.791 -1.6004e-13)
(-155.393 -164.685 -1.47465e-13)
(-156.136 -163.553 -1.54423e-13)
(-156.849 -162.397 -1.35594e-13)
(-157.532 -161.218 -1.36391e-13)
(-158.184 -160.015 -1.20936e-13)
(-158.806 -158.79 -1.215e-13)
(-159.398 -157.543 -1.11229e-13)
(-159.958 -156.274 -1.14687e-13)
(-160.488 -154.985 -1.05573e-13)
(-160.987 -153.677 -1.00216e-13)
(-161.454 -152.349 -9.79843e-14)
(-161.892 -151.002 -9.8387e-14)
(-162.3 -149.639 -9.40566e-14)
(-162.68 -148.262 -9.20296e-14)
(-163.03 -146.871 -8.87404e-14)
(-163.346 -145.463 -7.77876e-14)
(-163.628 -144.037 -7.87493e-14)
(3.73463 -2.6584 -7.52478e-13)
)
;
    }
    inlet
    {
        type            calculated;
        value           uniform (0 0 0);
    }
    rWedge
    {
        type            wedge;
    }
    lWedge
    {
        type            wedge;
    }
    outlet
    {
        type            calculated;
        value           nonuniform 0();
    }
    procBoundary3to2
    {
        type            processor;
        value           uniform (0 0 0);
    }
}


// ************************************************************************* //
