/*--------------------------------*- C++ -*----------------------------------*\
| =========                 |                                                 |
| \\      /  F ield         | OpenFOAM: The Open Source CFD Toolbox           |
|  \\    /   O peration     | Version:  v1706                                 |
|   \\  /    A nd           | Web:      www.OpenFOAM.com                      |
|    \\/     M anipulation  |                                                 |
\*---------------------------------------------------------------------------*/
FoamFile
{
    version     2.0;
    format      ascii;
    class       volVectorField;
    location    "3.9e-05";
    object      wallShearStress;
}
// * * * * * * * * * * * * * * * * * * * * * * * * * * * * * * * * * * * * * //

dimensions      [1 -1 -2 0 0 0 0];


internalField   uniform (0 0 0);

boundaryField
{
    cone
    {
        type            calculated;
        value           nonuniform List<vector> 
119
(
(-5.54737 2.40996 -5.65466e-12)
(-4.63782 2.1171 -6.74827e-12)
(-3.79974 1.78422 -7.86254e-12)
(-3.03812 1.42824 -8.95796e-12)
(-2.35377 1.06217 -9.99169e-12)
(-1.7448 0.694278 -1.09092e-11)
(-1.20321 0.322932 -1.16757e-11)
(-0.745877 -0.0417201 -1.22406e-11)
(-0.329415 -0.376929 -1.25743e-11)
(0.00946967 -0.703622 -1.26566e-11)
(0.288124 -1.01239 -1.24852e-11)
(0.512176 -1.30161 -1.20793e-11)
(0.683333 -1.57178 -1.14685e-11)
(0.803705 -1.82292 -1.06927e-11)
(0.87646 -2.05045 -9.80326e-12)
(0.901883 -2.25708 -8.84232e-12)
(0.882976 -2.44134 -7.84298e-12)
(0.822 -2.60197 -6.8548e-12)
(0.721641 -2.73844 -5.90114e-12)
(0.585252 -2.85057 -5.00818e-12)
(0.416852 -2.93857 -4.18586e-12)
(0.221127 -3.0032 -3.43975e-12)
(0.00336994 -3.04574 -2.78072e-12)
(-0.230631 -3.0681 -2.1978e-12)
(-0.474817 -3.07268 -1.70017e-12)
(-0.723128 -3.06229 -1.28009e-12)
(-0.969805 -3.03994 -9.27733e-13)
(-1.20969 -3.00864 -6.37321e-13)
(-1.43843 -2.97118 -3.96523e-13)
(-1.6526 -2.93004 -1.99799e-13)
(-1.84975 -2.88724 -4.5053e-14)
(-2.02836 -2.8444 7.54028e-14)
(-2.18778 -2.80267 1.79511e-13)
(-2.32817 -2.76272 2.50922e-13)
(-2.45036 -2.72478 3.13764e-13)
(-2.55572 -2.68866 3.59123e-13)
(-2.64599 -2.65385 3.96803e-13)
(-2.72317 -2.6196 4.19576e-13)
(-2.7893 -2.58502 4.40655e-13)
(-2.84647 -2.54914 4.55515e-13)
(-2.89667 -2.51101 4.60988e-13)
(-2.94179 -2.46969 4.72782e-13)
(-2.98356 -2.4243 4.7681e-13)
(-3.02354 -2.37403 4.77203e-13)
(-3.06307 -2.31819 4.80523e-13)
(-3.10328 -2.25622 4.76561e-13)
(-3.14502 -2.18766 4.81676e-13)
(-3.18887 -2.11224 4.86227e-13)
(-3.23521 -2.02971 4.74244e-13)
(-3.28423 -1.93988 4.69308e-13)
(-3.33559 -1.84172 4.60999e-13)
(-3.3872 -1.73724 4.50065e-13)
(-3.44201 -1.62813 4.40064e-13)
(-3.49456 -1.51224 4.29068e-13)
(-3.54529 -1.39189 4.10043e-13)
(-3.5924 -1.2683 4.01919e-13)
(-3.63399 -1.14289 3.88049e-13)
(-3.66818 -1.01734 3.66622e-13)
(-3.69332 -0.893616 3.47866e-13)
(-3.70753 -0.773504 3.31762e-13)
(-3.70964 -0.659 3.14961e-13)
(-3.69874 -0.55195 2.97859e-13)
(-3.67437 -0.454008 2.79689e-13)
(-3.63663 -0.366501 2.59828e-13)
(-3.5862 -0.290281 2.42196e-13)
(-3.52431 -0.225626 2.22364e-13)
(-3.45261 -0.172293 2.06922e-13)
(-3.37297 -0.129618 1.88578e-13)
(-3.28727 -0.0966555 1.73198e-13)
(-3.1973 -0.0722584 1.58345e-13)
(-3.10458 -0.0551135 1.45076e-13)
(-3.01041 -0.0437936 1.31332e-13)
(-2.91577 -0.0367709 1.18093e-13)
(-2.82139 -0.0324816 1.09281e-13)
(-2.72778 -0.0293657 9.70954e-14)
(-2.63524 -0.0259536 8.90424e-14)
(-2.54384 -0.0209323 7.94653e-14)
(-2.4534 -0.0132478 6.91291e-14)
(-2.36347 -0.00217056 6.38656e-14)
(-2.27326 0.0126318 5.25482e-14)
(-2.18169 0.0310711 5.02082e-14)
(-2.08739 0.0525979 4.40463e-14)
(-1.98877 0.0762008 3.66219e-14)
(-1.88406 0.10038 3.25628e-14)
(-1.77149 0.123159 2.8851e-14)
(-1.64942 0.142171 2.84701e-14)
(-1.51663 0.154824 2.29263e-14)
(-1.37254 0.158518 1.57818e-14)
(-1.21735 0.150844 1.49949e-14)
(-1.05232 0.129821 1.28584e-14)
(-0.880082 0.0942569 1.07493e-14)
(-0.704285 0.0438142 8.7987e-15)
(-0.528639 -0.0217069 4.5868e-15)
(-0.362179 -0.1047 5.98029e-15)
(-0.201617 -0.193217 4.46916e-15)
(-0.0521656 -0.288931 1.70317e-15)
(0.0756715 -0.395806 -2.39113e-15)
(0.181181 -0.507186 4.36531e-15)
(0.259205 -0.62195 2.55046e-15)
(0.304663 -0.737236 6.98542e-15)
(0.315439 -0.849127 5.3609e-15)
(0.288327 -0.955564 5.65975e-16)
(0.223047 -1.05231 1.90816e-15)
(0.121421 -1.13503 2.89333e-15)
(-0.0131475 -1.1998 -5.73108e-15)
(-0.176019 -1.24325 -2.51814e-15)
(-0.362205 -1.26312 -5.20927e-15)
(-0.56729 -1.25864 -5.10641e-15)
(-0.788197 -1.23084 -4.88443e-15)
(-1.02346 -1.18254 -3.16493e-15)
(-1.2729 -1.11793 -2.54922e-15)
(-1.53731 -1.0409 -4.36815e-15)
(-1.81782 -0.954056 1.2433e-15)
(-2.10283 -0.857062 -3.94903e-15)
(-2.36875 -0.754968 2.20259e-16)
(-2.60113 -0.645448 -4.11296e-15)
(-2.81434 -0.50123 -3.22126e-15)
(-2.78775 -0.408115 -1.89448e-15)
(-2.87052 -0.344225 -3.30827e-15)
)
;
    }
    inlet
    {
        type            calculated;
        value           uniform (0 0 0);
    }
    rWedge
    {
        type            wedge;
    }
    lWedge
    {
        type            wedge;
    }
    outlet
    {
        type            calculated;
        value           uniform (0 0 0);
    }
    procBoundary0to1
    {
        type            processor;
        value           uniform (0 0 0);
    }
    procBoundary0to2
    {
        type            processor;
        value           uniform (0 0 0);
    }
}


// ************************************************************************* //
