/*--------------------------------*- C++ -*----------------------------------*\
| =========                 |                                                 |
| \\      /  F ield         | OpenFOAM: The Open Source CFD Toolbox           |
|  \\    /   O peration     | Version:  v1706                                 |
|   \\  /    A nd           | Web:      www.OpenFOAM.com                      |
|    \\/     M anipulation  |                                                 |
\*---------------------------------------------------------------------------*/
FoamFile
{
    version     2.0;
    format      ascii;
    class       volVectorField;
    location    "2e-05";
    object      wallShearStress;
}
// * * * * * * * * * * * * * * * * * * * * * * * * * * * * * * * * * * * * * //

dimensions      [1 -1 -2 0 0 0 0];


internalField   uniform (0 0 0);

boundaryField
{
    cone
    {
        type            calculated;
        value           nonuniform List<vector> 
147
(
(4.30658 -5.40948 -2.94407e-12)
(4.43567 -8.23487 -3.86659e-12)
(4.35506 -11.4736 -6.07236e-12)
(4.23041 -14.6045 -7.39838e-12)
(4.04044 -17.8608 -8.66055e-12)
(3.82 -21.0319 -9.66065e-12)
(3.54837 -24.2668 -1.06585e-11)
(3.24598 -27.4478 -1.15483e-11)
(2.89775 -30.6568 -1.22099e-11)
(2.51653 -33.8328 -1.25563e-11)
(2.09315 -37.0162 -1.30822e-11)
(1.63493 -40.1779 -1.33699e-11)
(1.13703 -43.3356 -1.34739e-11)
(0.603303 -46.4766 -1.34145e-11)
(0.0315439 -49.6077 -1.34471e-11)
(-0.576355 -52.7234 -1.32837e-11)
(-1.22119 -55.8258 -1.31543e-11)
(-1.902 -58.9123 -1.29016e-11)
(-2.61891 -61.9832 -1.27046e-11)
(-3.37132 -65.0371 -1.24298e-11)
(-4.15909 -68.0733 -1.21426e-11)
(-4.98457 -71.0896 -1.17588e-11)
(-5.847 -74.085 -1.13212e-11)
(-6.73958 -77.0615 -1.10009e-11)
(-7.66595 -80.0177 -1.05585e-11)
(-8.62575 -82.9518 -1.01824e-11)
(-9.61865 -85.8633 -9.77834e-12)
(-10.6442 -88.7511 -9.44117e-12)
(-11.7019 -91.6145 -9.03911e-12)
(-12.7914 -94.4526 -8.67461e-12)
(-13.9122 -97.2646 -8.33504e-12)
(-15.0637 -100.05 -7.95043e-12)
(-16.2456 -102.807 -7.57738e-12)
(-17.4572 -105.537 -7.30066e-12)
(-18.6981 -108.237 -6.95595e-12)
(-19.9678 -110.907 -6.67157e-12)
(-21.2656 -113.546 -6.38052e-12)
(-22.591 -116.155 -6.05497e-12)
(-23.9436 -118.73 -5.77223e-12)
(-25.3228 -121.272 -5.48338e-12)
(-26.7276 -123.782 -5.23412e-12)
(-28.1577 -126.258 -5.04455e-12)
(-29.6125 -128.7 -4.82235e-12)
(-31.0912 -131.107 -4.56406e-12)
(-32.5933 -133.478 -4.33922e-12)
(-34.1181 -135.812 -4.16636e-12)
(-35.6651 -138.11 -4.00288e-12)
(-37.2335 -140.37 -3.82576e-12)
(-38.8226 -142.592 -3.63148e-12)
(-40.4318 -144.776 -3.42815e-12)
(-42.0604 -146.921 -3.30086e-12)
(-43.7078 -149.026 -3.15524e-12)
(-45.3731 -151.091 -3.0206e-12)
(-47.0556 -153.116 -2.87502e-12)
(-48.7548 -155.1 -2.7555e-12)
(-50.4699 -157.043 -2.62168e-12)
(-52.2001 -158.944 -2.5227e-12)
(-53.9446 -160.803 -2.37943e-12)
(-55.7024 -162.618 -2.30143e-12)
(-57.4734 -164.391 -2.18638e-12)
(-59.2568 -166.122 -2.08798e-12)
(-61.0515 -167.809 -2.0117e-12)
(-62.857 -169.452 -1.95333e-12)
(-64.6726 -171.052 -1.87975e-12)
(-66.4972 -172.607 -1.77974e-12)
(-68.3302 -174.117 -1.68947e-12)
(-70.1709 -175.583 -1.63262e-12)
(-72.0185 -177.003 -1.54289e-12)
(-73.8723 -178.379 -1.49002e-12)
(-75.7314 -179.709 -1.39864e-12)
(-77.5951 -180.994 -1.38711e-12)
(-79.4625 -182.233 -1.35307e-12)
(-81.3332 -183.426 -1.31577e-12)
(-83.2063 -184.573 -1.21586e-12)
(-85.0807 -185.674 -1.19114e-12)
(-86.956 -186.729 -1.12212e-12)
(-88.8314 -187.739 -1.07046e-12)
(-90.7058 -188.701 -1.02318e-12)
(-92.5789 -189.618 -9.86019e-13)
(-94.4499 -190.488 -9.38003e-13)
(-96.318 -191.313 -9.00202e-13)
(-98.1819 -192.091 -8.752e-13)
(-100.042 -192.823 -8.35993e-13)
(-101.897 -193.51 -8.09086e-13)
(-103.745 -194.15 -7.51984e-13)
(-105.587 -194.744 -7.29972e-13)
(-107.422 -195.292 -7.01698e-13)
(-109.248 -195.795 -6.82809e-13)
(-111.066 -196.253 -6.46905e-13)
(-112.874 -196.665 -6.40313e-13)
(-114.673 -197.033 -6.0728e-13)
(-116.461 -197.356 -5.82558e-13)
(-118.236 -197.634 -5.50949e-13)
(-120 -197.867 -5.2811e-13)
(-121.751 -198.056 -5.00333e-13)
(-123.488 -198.202 -5.01155e-13)
(-125.211 -198.305 -4.70154e-13)
(-126.919 -198.363 -4.69979e-13)
(-128.613 -198.379 -4.47629e-13)
(-130.29 -198.353 -4.23247e-13)
(-131.951 -198.284 -4.10485e-13)
(-133.593 -198.173 -3.85435e-13)
(-135.218 -198.019 -4.03663e-13)
(-136.826 -197.825 -3.62208e-13)
(-138.413 -197.591 -3.4167e-13)
(-139.98 -197.316 -3.46462e-13)
(-141.528 -197.001 -3.36847e-13)
(-143.056 -196.646 -3.10698e-13)
(-144.563 -196.253 -3.26241e-13)
(-146.049 -195.821 -3.11439e-13)
(-147.512 -195.351 -2.87023e-13)
(-148.951 -194.843 -2.78326e-13)
(-150.366 -194.301 -2.87923e-13)
(-151.76 -193.721 -2.68934e-13)
(-153.13 -193.103 -2.68138e-13)
(-154.468 -192.459 -2.44959e-13)
(-155.785 -191.779 -2.4761e-13)
(-157.082 -191.057 -2.17337e-13)
(-158.355 -190.299 -2.01388e-13)
(-159.602 -189.507 -2.05896e-13)
(-160.823 -188.684 -1.96471e-13)
(-162.018 -187.828 -1.89067e-13)
(-163.186 -186.94 -1.92332e-13)
(-164.327 -186.021 -1.76897e-13)
(-165.44 -185.072 -1.60167e-13)
(-166.526 -184.092 -1.68724e-13)
(-167.583 -183.084 -1.56688e-13)
(-168.613 -182.046 -1.44118e-13)
(-169.613 -180.981 -1.33894e-13)
(-170.586 -179.888 -1.22896e-13)
(-171.529 -178.768 -1.30611e-13)
(-172.443 -177.622 -1.11512e-13)
(-173.328 -176.45 -1.13239e-13)
(-174.183 -175.253 -9.85325e-14)
(-175.008 -174.032 -1e-13)
(-175.804 -172.787 -8.8526e-14)
(-176.569 -171.519 -9.42437e-14)
(-177.304 -170.228 -8.5785e-14)
(-178.009 -168.916 -8.14089e-14)
(-178.683 -167.581 -7.9786e-14)
(-179.328 -166.226 -8.07311e-14)
(-179.947 -164.854 -7.8351e-14)
(-180.543 -163.468 -7.62716e-14)
(-181.113 -162.071 -7.42662e-14)
(-181.65 -160.659 -6.40081e-14)
(-182.154 -159.225 -6.63966e-14)
(3.82883 -2.78465 -9.38383e-13)
)
;
    }
    inlet
    {
        type            calculated;
        value           uniform (0 0 0);
    }
    rWedge
    {
        type            wedge;
    }
    lWedge
    {
        type            wedge;
    }
    outlet
    {
        type            calculated;
        value           nonuniform 0();
    }
    procBoundary3to2
    {
        type            processor;
        value           uniform (0 0 0);
    }
}


// ************************************************************************* //
