/*--------------------------------*- C++ -*----------------------------------*\
| =========                 |                                                 |
| \\      /  F ield         | OpenFOAM: The Open Source CFD Toolbox           |
|  \\    /   O peration     | Version:  v1706                                 |
|   \\  /    A nd           | Web:      www.OpenFOAM.com                      |
|    \\/     M anipulation  |                                                 |
\*---------------------------------------------------------------------------*/
FoamFile
{
    version     2.0;
    format      ascii;
    class       volScalarField;
    location    "4e-05";
    object      frictionCoefficient;
}
// * * * * * * * * * * * * * * * * * * * * * * * * * * * * * * * * * * * * * //

dimensions      [0 0 0 0 0 0 0];


internalField   uniform 0;

boundaryField
{
    cone
    {
        type            calculated;
        value           nonuniform List<scalar> 
600
(
0.00250415
0.00382618
0.00536526
0.00683062
0.00835868
0.00985447
0.011371
0.0128755
0.0143845
0.0158885
0.0173915
0.0188911
0.020388
0.0218817
0.0233719
0.0248585
0.0263413
0.0278201
0.0292947
0.0307646
0.0322299
0.0336902
0.0351452
0.0365946
0.0380383
0.0394759
0.0409072
0.042332
0.04375
0.0451608
0.046564
0.0479591
0.0493468
0.0507264
0.052098
0.0534609
0.054815
0.0561601
0.0574958
0.0588222
0.0601388
0.0614455
0.0627417
0.0640272
0.0653026
0.0665674
0.0678212
0.0690639
0.0702951
0.0715151
0.0727235
0.0739196
0.075104
0.0762763
0.0774362
0.0785836
0.0797192
0.0808404
0.0819475
0.083041
0.0841212
0.0851879
0.0862411
0.0872804
0.0883058
0.0893172
0.0903145
0.0912974
0.0922658
0.0932196
0.0941588
0.0950832
0.0959928
0.0968871
0.0977665
0.0986307
0.0994795
0.100313
0.101131
0.101933
0.10272
0.103491
0.104246
0.104986
0.105709
0.106417
0.107108
0.107783
0.108443
0.109086
0.109713
0.110323
0.110917
0.111496
0.112058
0.112603
0.113133
0.113646
0.114142
0.114622
0.115086
0.115533
0.115964
0.116379
0.116778
0.11716
0.117526
0.117875
0.118208
0.118526
0.118827
0.119112
0.119382
0.119635
0.119872
0.120094
0.1203
0.12049
0.120665
0.120824
0.120967
0.121096
0.121209
0.121307
0.121389
0.121457
0.12151
0.121548
0.121572
0.121581
0.121575
0.121555
0.121521
0.121473
0.121411
0.121335
0.121246
0.121142
0.121026
0.120896
0.120754
0.1206
0.120434
0.120257
0.120066
0.119861
0.11964
0.119407
0.119163
0.118907
0.118641
0.118363
0.118073
0.117773
0.117462
0.11714
0.116807
0.116463
0.116109
0.115745
0.115371
0.114986
0.114591
0.114187
0.113772
0.113348
0.112914
0.11247
0.112015
0.111551
0.111076
0.110591
0.110095
0.109587
0.109067
0.108535
0.107989
0.107428
0.106851
0.106257
0.105642
0.105006
0.104344
0.103654
0.102931
0.102171
0.101366
0.100511
0.0995948
0.0986085
0.0975369
0.0963569
0.095052
0.0935778
0.0919516
0.090414
0.0890602
0.0878506
0.0867455
0.0857228
0.0847677
0.0838698
0.0830207
0.0822144
0.0814458
0.0807104
0.080005
0.0793264
0.0786722
0.0780402
0.0774282
0.0768348
0.0762583
0.0756973
0.0751506
0.0746171
0.0740959
0.0735858
0.0730861
0.0725961
0.0721149
0.0716418
0.0711764
0.0707179
0.0702659
0.0698198
0.0693792
0.0689436
0.0685124
0.0680855
0.0676623
0.0672424
0.0668258
0.066412
0.0660008
0.0655918
0.0651845
0.0647789
0.0643746
0.0639715
0.0635694
0.0631683
0.0627682
0.0623673
0.0619671
0.0615672
0.0611672
0.0607669
0.0603663
0.0599651
0.0595634
0.0591611
0.0587579
0.0583538
0.0579488
0.0575429
0.0571357
0.0567275
0.0563181
0.0559075
0.0554955
0.0550824
0.054668
0.0542523
0.0538351
0.0534168
0.0529972
0.0525764
0.0521542
0.0517309
0.0513065
0.0508809
0.0504543
0.0500267
0.0495982
0.0491689
0.0487388
0.0483079
0.0478767
0.0474447
0.0470126
0.04658
0.0461473
0.0457146
0.0452819
0.0448494
0.0444172
0.0439854
0.0435543
0.0431238
0.0426941
0.0422654
0.0418376
0.0414112
0.0409861
0.0405624
0.0401405
0.0397207
0.0393032
0.0388868
0.0384717
0.0380593
0.0376492
0.0372416
0.0368366
0.0364342
0.0360345
0.0356376
0.0352436
0.0348528
0.0344649
0.0340802
0.0336988
0.0333207
0.0329461
0.0325749
0.0322073
0.0318433
0.031483
0.0311264
0.0307736
0.0304246
0.0300795
0.0297384
0.0294012
0.029068
0.0287388
0.0284137
0.0280927
0.0277758
0.027463
0.0271544
0.0268501
0.0265498
0.0262537
0.0259619
0.0256743
0.0253909
0.0251116
0.0248365
0.0245657
0.0242991
0.0240366
0.0237781
0.0235238
0.0232737
0.0230276
0.0227854
0.0225472
0.0223129
0.0220825
0.0218561
0.0216334
0.0214145
0.0211993
0.0209879
0.0207801
0.0205759
0.0203753
0.0201784
0.0199848
0.0197948
0.0196083
0.0194252
0.0192454
0.0190691
0.018896
0.0187262
0.0185597
0.0183964
0.0182361
0.018079
0.0179249
0.0177738
0.0176257
0.0174806
0.0173383
0.0171988
0.017062
0.0169281
0.0167966
0.0166677
0.0165411
0.0164168
0.0162946
0.0161745
0.0160562
0.0159398
0.0158257
0.0157137
0.0156045
0.0154987
0.0153968
0.0152997
0.0152083
0.0151234
0.0150456
0.0149754
0.0149127
0.0148569
0.0148067
0.0147598
0.0147135
0.0146648
0.0146099
0.0145348
0.0144491
0.0143448
0.0142136
0.0140535
0.0138633
0.013643
0.0133951
0.0131256
0.0128444
0.0125753
0.0123077
0.0120723
0.0118749
0.0117231
0.0116337
0.011619
0.0116919
0.0118703
0.0121567
0.0125493
0.0130402
0.0136144
0.0142489
0.0149149
0.0155777
0.0161703
0.0166924
0.0171078
0.0172921
0.0172634
0.0170045
0.0164892
0.015736
0.0147756
0.0136492
0.0124076
0.011107
0.00980342
0.00854726
0.00737901
0.00632575
0.00539932
0.00465629
0.00399164
0.00348571
0.00315269
0.00296248
0.00291671
0.00301662
0.00327568
0.00369314
0.00427034
0.00500577
0.00589351
0.00692185
0.00807196
0.00931712
0.0106226
0.0119468
0.0132437
0.0144666
0.0155749
0.0165411
0.0172992
0.0179213
0.0183592
0.0185697
0.0185995
0.0184477
0.0181088
0.0175925
0.016907
0.0160686
0.0150982
0.0140214
0.0128678
0.0116689
0.010456
0.00925837
0.00810151
0.00700619
0.00598795
0.00505715
0.00421944
0.00347635
0.00282602
0.00226396
0.00178458
0.00138007
0.00106612
0.000783446
0.000579408
0.000434476
0.000339866
0.000293977
0.000294349
0.000335188
0.000416873
0.000535397
0.000687148
0.000868456
0.00107505
0.0013021
0.00154435
0.00179616
0.00205175
0.00230544
0.00255187
0.00278625
0.00300462
0.00320391
0.00338205
0.00353795
0.00367138
0.00378294
0.00387389
0.00394607
0.00400168
0.0040432
0.00407319
0.00409427
0.00410896
0.00411967
0.00412861
0.00413772
0.00414865
0.00416275
0.00418095
0.0042038
0.00423141
0.00426344
0.00429919
0.00433749
0.00437689
0.00441564
0.00445195
0.00447945
0.00450759
0.0045226
0.00452702
0.0045196
0.0044997
0.00446629
0.00441933
0.00435932
0.0042871
0.004204
0.00411176
0.00401236
0.00390785
0.00380018
0.00369103
0.00358169
0.00347296
0.00336507
0.00325773
0.00315012
0.00304105
0.00292903
0.00281231
0.0026891
0.00255758
0.00241619
0.00226375
0.00209973
0.00192442
0.00173932
0.00154746
0.00135328
0.00116204
0.000978848
0.000808591
0.000655911
0.000532937
0.000419741
0.000342987
0.000293242
0.000269052
0.000271056
0.000297726
0.00035478
0.000444671
0.000571533
0.000739562
0.000950835
0.00120296
0.001485
0.00177559
0.00205907
0.00234839
0.00265655
0.00275855
0.00339469
0.00121859
)
;
    }
    inlet
    {
        type            calculated;
        value           uniform 0;
    }
    rWedge
    {
        type            wedge;
    }
    lWedge
    {
        type            wedge;
    }
    outlet
    {
        type            calculated;
        value           uniform 0;
    }
}


// ************************************************************************* //
