/*--------------------------------*- C++ -*----------------------------------*\
| =========                 |                                                 |
| \\      /  F ield         | OpenFOAM: The Open Source CFD Toolbox           |
|  \\    /   O peration     | Version:  v1706                                 |
|   \\  /    A nd           | Web:      www.OpenFOAM.com                      |
|    \\/     M anipulation  |                                                 |
\*---------------------------------------------------------------------------*/
FoamFile
{
    version     2.0;
    format      ascii;
    class       volScalarField;
    location    "4e-05";
    object      pressureCoefficient;
}
// * * * * * * * * * * * * * * * * * * * * * * * * * * * * * * * * * * * * * //

dimensions      [0 0 0 0 0 0 0];


internalField   uniform 0;

boundaryField
{
    cone
    {
        type            calculated;
        value           nonuniform List<scalar> 
600
(
1.85962
1.85969
1.85901
1.85852
1.8577
1.85688
1.85584
1.8547
1.8534
1.85199
1.85041
1.84871
1.84688
1.84489
1.84277
1.84051
1.83812
1.8356
1.83293
1.83014
1.8272
1.82415
1.82094
1.8176
1.81414
1.81055
1.80681
1.80296
1.79897
1.79485
1.79059
1.78621
1.78172
1.77708
1.77233
1.76746
1.76246
1.75733
1.75209
1.74674
1.74126
1.73565
1.72994
1.72411
1.71816
1.7121
1.70594
1.69965
1.69326
1.68677
1.68017
1.67345
1.66664
1.65972
1.65271
1.64559
1.63839
1.63107
1.62366
1.61616
1.60857
1.60088
1.5931
1.58523
1.57729
1.56924
1.56114
1.55293
1.54466
1.5363
1.52786
1.51937
1.51078
1.50213
1.4934
1.48461
1.47576
1.46685
1.45786
1.44882
1.43971
1.43056
1.42134
1.41207
1.40275
1.39338
1.38396
1.3745
1.36498
1.35543
1.34584
1.3362
1.32653
1.31682
1.30708
1.29731
1.28751
1.27767
1.26781
1.25793
1.24802
1.2381
1.22815
1.21818
1.2082
1.1982
1.18819
1.17817
1.16814
1.1581
1.14806
1.13801
1.12796
1.11791
1.10786
1.09782
1.08777
1.07774
1.06771
1.05769
1.04768
1.03768
1.0277
1.01774
1.00779
0.997856
0.987946
0.978057
0.968192
0.958352
0.948536
0.93875
0.928991
0.919263
0.909566
0.899904
0.890275
0.880682
0.871125
0.861607
0.852127
0.842687
0.833287
0.82393
0.814616
0.805352
0.796133
0.78696
0.777838
0.768765
0.759741
0.750769
0.741849
0.732983
0.724172
0.715414
0.706714
0.69807
0.689486
0.680959
0.672492
0.664087
0.655743
0.64746
0.639242
0.631088
0.623002
0.614981
0.607029
0.599147
0.591336
0.583599
0.575936
0.568351
0.560845
0.553424
0.546087
0.538843
0.531693
0.524643
0.517701
0.510875
0.504173
0.497606
0.491186
0.48493
0.478854
0.472978
0.46733
0.461937
0.456838
0.452069
0.447702
0.443696
0.44047
0.438039
0.435835
0.433782
0.431854
0.430036
0.428312
0.426674
0.425113
0.423621
0.422191
0.420819
0.4195
0.418233
0.41701
0.415831
0.414694
0.413596
0.412535
0.41151
0.410518
0.409559
0.408632
0.407734
0.406866
0.406027
0.405215
0.404429
0.403672
0.402938
0.402231
0.401548
0.400889
0.400255
0.399643
0.399055
0.398491
0.397949
0.39743
0.396932
0.396457
0.396004
0.395572
0.395163
0.394775
0.394409
0.394065
0.393743
0.393439
0.393157
0.392898
0.392659
0.392441
0.392244
0.392067
0.391912
0.391776
0.391662
0.391567
0.391492
0.391438
0.391404
0.39139
0.391395
0.39142
0.391466
0.39153
0.391614
0.391716
0.391837
0.391977
0.392136
0.392313
0.392509
0.392722
0.392953
0.393201
0.393467
0.393749
0.394048
0.394364
0.394696
0.395043
0.395406
0.395784
0.396177
0.396585
0.397007
0.397441
0.397891
0.398353
0.398826
0.399314
0.399811
0.400322
0.400843
0.401375
0.401916
0.402467
0.403028
0.403597
0.404175
0.40476
0.405354
0.405952
0.406557
0.407169
0.407787
0.408411
0.409038
0.409671
0.410307
0.410948
0.41159
0.412237
0.412885
0.413534
0.414185
0.414837
0.41549
0.416143
0.416796
0.417448
0.4181
0.41875
0.419399
0.420046
0.420691
0.421334
0.421973
0.422611
0.423243
0.423873
0.4245
0.425122
0.42574
0.426353
0.426962
0.427567
0.428165
0.428759
0.429349
0.429932
0.430509
0.431081
0.431648
0.432208
0.432763
0.433311
0.433853
0.43439
0.434919
0.435441
0.435958
0.436468
0.436972
0.437469
0.437959
0.438444
0.438922
0.439394
0.439859
0.440318
0.440772
0.441219
0.441661
0.442097
0.442529
0.442955
0.443377
0.443792
0.444204
0.444612
0.445013
0.445412
0.445806
0.446196
0.446583
0.446964
0.447343
0.447718
0.448089
0.448458
0.448822
0.449183
0.44954
0.449894
0.450245
0.450591
0.450933
0.451273
0.451609
0.451943
0.452279
0.452616
0.452957
0.453308
0.453669
0.454046
0.454438
0.454851
0.455282
0.455729
0.456186
0.456643
0.457088
0.457502
0.457864
0.458152
0.45834
0.458401
0.458328
0.458105
0.457717
0.457165
0.456465
0.455648
0.454759
0.453863
0.453041
0.452398
0.45201
0.451966
0.452352
0.453215
0.454616
0.456615
0.459257
0.462529
0.466408
0.470797
0.475552
0.480482
0.485352
0.489893
0.493806
0.496789
0.498572
0.498908
0.497448
0.494022
0.488706
0.481569
0.472789
0.462698
0.451711
0.440293
0.428931
0.418099
0.408216
0.399626
0.392566
0.387185
0.383572
0.381687
0.381535
0.383221
0.386648
0.391718
0.398406
0.406638
0.416356
0.427451
0.43978
0.453157
0.467344
0.48205
0.496934
0.511602
0.525633
0.538593
0.550067
0.559697
0.567207
0.572416
0.575273
0.575768
0.57381
0.569523
0.56308
0.554607
0.544229
0.532147
0.518606
0.503889
0.48833
0.472279
0.456101
0.440152
0.424755
0.410193
0.396694
0.384426
0.373502
0.363977
0.355862
0.349131
0.343725
0.33957
0.336588
0.334702
0.333801
0.333825
0.334745
0.336447
0.338857
0.341916
0.345562
0.349724
0.354342
0.359344
0.364657
0.370203
0.375906
0.381682
0.387453
0.393141
0.398675
0.403992
0.40904
0.413779
0.418181
0.422234
0.425938
0.429299
0.432341
0.435087
0.43757
0.439824
0.441887
0.443792
0.445573
0.447258
0.448875
0.450444
0.45198
0.453494
0.45499
0.456466
0.457914
0.459321
0.46067
0.461937
0.463096
0.464117
0.464974
0.465632
0.466062
0.466248
0.466156
0.465762
0.465065
0.464066
0.462766
0.461184
0.459338
0.457259
0.454978
0.452532
0.449952
0.447272
0.444516
0.441703
0.438848
0.435955
0.433028
0.430066
0.427064
0.424019
0.420927
0.417789
0.414605
0.411381
0.408129
0.404867
0.401622
0.39843
0.395332
0.392385
0.389647
0.387183
0.385048
0.383296
0.381967
0.381109
0.380734
0.380886
0.381615
0.382914
0.3848
0.38728
0.390339
0.393945
0.398028
0.402495
0.407229
0.412103
0.417001
0.421836
0.426586
0.431252
0.435739
0.43984
0.443364
0.446843
1.8612
)
;
    }
    inlet
    {
        type            calculated;
        value           uniform 0;
    }
    rWedge
    {
        type            wedge;
    }
    lWedge
    {
        type            wedge;
    }
    outlet
    {
        type            calculated;
        value           uniform 0;
    }
}


// ************************************************************************* //
