/*--------------------------------*- C++ -*----------------------------------*\
| =========                 |                                                 |
| \\      /  F ield         | OpenFOAM: The Open Source CFD Toolbox           |
|  \\    /   O peration     | Version:  v1706                                 |
|   \\  /    A nd           | Web:      www.OpenFOAM.com                      |
|    \\/     M anipulation  |                                                 |
\*---------------------------------------------------------------------------*/
FoamFile
{
    version     2.0;
    format      ascii;
    class       volScalarField;
    location    "4e-05";
    object      StantonNo;
}
// * * * * * * * * * * * * * * * * * * * * * * * * * * * * * * * * * * * * * //

dimensions      [0 0 0 0 0 0 0];


internalField   uniform 0;

boundaryField
{
    cone
    {
        type            calculated;
        value           nonuniform List<scalar> 
600
(
0.175645
0.175608
0.175555
0.175509
0.175447
0.17538
0.1753
0.175211
0.175109
0.174997
0.174874
0.17474
0.174595
0.17444
0.174273
0.174096
0.173907
0.173708
0.173497
0.173276
0.173043
0.172799
0.172544
0.172279
0.172002
0.171714
0.171415
0.171105
0.170784
0.170453
0.17011
0.169758
0.169394
0.16902
0.168635
0.168241
0.167835
0.167419
0.166994
0.166557
0.166112
0.165656
0.165191
0.164716
0.164231
0.163736
0.163233
0.16272
0.162197
0.161666
0.161126
0.160576
0.160018
0.159451
0.158875
0.158291
0.157699
0.1571
0.156492
0.155877
0.155254
0.154624
0.153985
0.153339
0.152686
0.152026
0.151358
0.150682
0.150001
0.149311
0.148615
0.147913
0.147204
0.146488
0.145766
0.145038
0.144303
0.143563
0.142816
0.142064
0.141306
0.140543
0.139774
0.139
0.138221
0.137436
0.136647
0.135853
0.135054
0.134252
0.133444
0.132632
0.131816
0.130996
0.130173
0.129345
0.128514
0.127679
0.126841
0.126
0.125156
0.124309
0.123459
0.122607
0.121752
0.120894
0.120035
0.119173
0.118309
0.117444
0.116576
0.115708
0.114838
0.113967
0.113095
0.112221
0.111347
0.110471
0.109596
0.10872
0.107844
0.106967
0.106091
0.105214
0.104338
0.103462
0.102586
0.101711
0.100836
0.0999625
0.0990901
0.0982184
0.0973481
0.0964792
0.095611
0.0947451
0.0938805
0.0930174
0.0921564
0.0912976
0.0904416
0.0895885
0.0887405
0.0878953
0.0870523
0.0862099
0.0853648
0.084521
0.0836815
0.0828464
0.0820148
0.0811869
0.0803625
0.079541
0.0787238
0.0779102
0.0771001
0.0762937
0.0754908
0.0746923
0.073898
0.0731074
0.0723217
0.0715395
0.0707619
0.0699887
0.0692201
0.0684562
0.0676969
0.0669425
0.0661931
0.0654487
0.0647094
0.0639756
0.0632472
0.0625245
0.0618077
0.0610971
0.0603928
0.0596953
0.0590048
0.058322
0.0576472
0.0569811
0.0563243
0.0556779
0.0550425
0.0544194
0.0538097
0.0532143
0.0526342
0.0520683
0.051516
0.0509538
0.050421
0.0499602
0.049533
0.0491349
0.0487601
0.048405
0.0480667
0.0477428
0.0474317
0.047132
0.0468425
0.0465621
0.0462902
0.046026
0.0457688
0.0455181
0.0452735
0.0450344
0.0448005
0.0445714
0.0443468
0.0441264
0.0439098
0.043697
0.0434875
0.0432812
0.0430778
0.0428773
0.0426793
0.0424838
0.0422904
0.0420991
0.0419099
0.0417223
0.0415364
0.0413521
0.0411691
0.0409874
0.0408068
0.0406272
0.0404485
0.0402706
0.0400936
0.0399172
0.0397414
0.0395659
0.0393909
0.0392162
0.0390415
0.0388669
0.0386924
0.0385178
0.0383431
0.0381681
0.0379929
0.0378173
0.0376413
0.0374648
0.0372878
0.0371102
0.036932
0.0367531
0.0365733
0.0363928
0.0362115
0.0360293
0.0358461
0.035662
0.0354769
0.0352908
0.0351035
0.0349153
0.0347258
0.0345353
0.0343436
0.0341508
0.0339568
0.0337616
0.0335652
0.0333677
0.033169
0.032969
0.032768
0.0325657
0.0323623
0.0321578
0.0319521
0.0317453
0.0315374
0.0313286
0.0311186
0.0309077
0.0306958
0.0304831
0.0302694
0.0300548
0.0298395
0.0296234
0.0294066
0.0291891
0.028971
0.0287524
0.0285337
0.0283152
0.0280953
0.0278739
0.027652
0.0274301
0.0272081
0.026986
0.0267637
0.0265413
0.0263188
0.0260962
0.0258737
0.0256512
0.0254287
0.0252063
0.024984
0.0247619
0.02454
0.0243184
0.0240971
0.023876
0.0236553
0.023435
0.0232151
0.0229957
0.0227768
0.0225584
0.0223405
0.0221233
0.0219067
0.0216909
0.0214757
0.0212613
0.0210478
0.0208351
0.0206234
0.0204127
0.020203
0.0199944
0.019787
0.0195808
0.0193759
0.0191724
0.0189703
0.0187697
0.0185707
0.0183733
0.0181776
0.0179836
0.0177916
0.0176014
0.0174132
0.0172271
0.0170431
0.0168612
0.0166817
0.0165045
0.0163296
0.0161572
0.0159873
0.01582
0.0156554
0.0154934
0.0153341
0.0151775
0.0150238
0.0148729
0.0147249
0.0145797
0.0144374
0.0142981
0.0141617
0.0140283
0.0138977
0.01377
0.0136453
0.0135234
0.0134045
0.0132885
0.0131752
0.0130648
0.0129571
0.0128522
0.0127501
0.0126505
0.0125535
0.0124591
0.0123671
0.0122775
0.0121904
0.0121059
0.0120238
0.0119445
0.0118681
0.0117948
0.0117249
0.0116589
0.0115969
0.0115393
0.0114861
0.0114372
0.0113925
0.0113514
0.0113128
0.0112755
0.0112381
0.0111986
0.0111548
0.0111044
0.0110454
0.0109767
0.0108968
0.0108043
0.0106997
0.0105837
0.0104589
0.0103292
0.010201
0.0100813
0.00997652
0.00989186
0.0098321
0.00980289
0.00981079
0.00986295
0.00996519
0.0101217
0.0103322
0.0105939
0.0109001
0.0112405
0.0116009
0.0119634
0.0123084
0.0126114
0.0128501
0.0129985
0.0130315
0.0129374
0.0127057
0.0123345
0.0118365
0.0112307
0.0105425
0.00980239
0.00904294
0.00829583
0.00758883
0.00694341
0.00637422
0.0058897
0.00549555
0.00519159
0.00498097
0.00486541
0.00484235
0.00491407
0.00508391
0.00535399
0.00572519
0.00619831
0.00677187
0.00744146
0.00819883
0.0090311
0.00992035
0.0108434
0.0117729
0.0126788
0.0135305
0.014301
0.0149698
0.015519
0.0159395
0.0162245
0.0163712
0.0163814
0.0162561
0.0159948
0.0156015
0.0150837
0.0144533
0.0137255
0.0129194
0.0120569
0.0111616
0.0102565
0.00936337
0.00850125
0.0076854
0.00692747
0.00623509
0.00561241
0.00506052
0.00457804
0.00416179
0.00380752
0.00351142
0.00326947
0.00307724
0.00293184
0.00282975
0.00276765
0.00274294
0.00275286
0.00279559
0.00286928
0.00297095
0.00309802
0.0032476
0.00341638
0.00360071
0.00379661
0.00399992
0.00420639
0.00441191
0.00461267
0.00480533
0.00498718
0.00515622
0.00531121
0.00545159
0.00557747
0.00568952
0.00578889
0.00587708
0.00595583
0.00602702
0.00609252
0.00615416
0.00621364
0.00627249
0.006332
0.0063932
0.00645687
0.00652343
0.00659299
0.00666532
0.00673985
0.00681566
0.00689149
0.00696582
0.00703687
0.00710276
0.00716146
0.00721094
0.00724903
0.00727379
0.00728376
0.00727816
0.00725621
0.00721775
0.00716344
0.00709421
0.00701146
0.00691691
0.00681243
0.00669988
0.00658093
0.00645696
0.00632907
0.00619802
0.00606432
0.00592821
0.00578975
0.00564879
0.0055051
0.00535834
0.00520815
0.00505415
0.00489602
0.00473359
0.00456693
0.00439643
0.00422291
0.00404779
0.00387306
0.00370127
0.00353518
0.0033774
0.00323036
0.00309707
0.0029802
0.00288232
0.00280665
0.0027557
0.00273141
0.00273512
0.00276837
0.00283117
0.0029212
0.00303569
0.00317116
0.00332374
0.00349008
0.00366901
0.00386255
0.00407361
0.00430397
0.00457519
0.00491623
0.00537594
0.175837
)
;
    }
    inlet
    {
        type            calculated;
        value           uniform 0;
    }
    rWedge
    {
        type            wedge;
    }
    lWedge
    {
        type            wedge;
    }
    outlet
    {
        type            calculated;
        value           uniform 0;
    }
}


// ************************************************************************* //
