/*--------------------------------*- C++ -*----------------------------------*\
| =========                 |                                                 |
| \\      /  F ield         | OpenFOAM: The Open Source CFD Toolbox           |
|  \\    /   O peration     | Version:  v1706                                 |
|   \\  /    A nd           | Web:      www.OpenFOAM.com                      |
|    \\/     M anipulation  |                                                 |
\*---------------------------------------------------------------------------*/
FoamFile
{
    version     2.0;
    format      ascii;
    class       volScalarField;
    location    "4e-05";
    object      wallHeatFlux;
}
// * * * * * * * * * * * * * * * * * * * * * * * * * * * * * * * * * * * * * //

dimensions      [1 0 -3 0 0 0 0];


internalField   uniform 0;

boundaryField
{
    cone
    {
        type            calculated;
        value           nonuniform List<scalar> 
600
(
244809
244758
244684
244620
244533
244440
244328
244204
244062
243906
243735
243548
243346
243129
242897
242650
242387
242109
241815
241507
241182
240843
240487
240117
239731
239330
238913
238481
238034
237572
237095
236604
236097
235575
235039
234489
233924
233344
232751
232143
231522
230887
230238
229576
228900
228211
227509
226794
226066
225326
224573
223807
223029
222239
221436
220622
219797
218961
218114
217257
216389
215510
214620
213720
212810
211889
210958
210017
209067
208106
207136
206157
205169
204171
203165
202150
201126
200094
199053
198005
196949
195885
194813
193734
192648
191555
190455
189348
188235
187116
185990
184859
183722
182579
181431
180277
179119
177956
176788
175615
174439
173258
172074
170886
169694
168499
167301
166100
164896
163690
162481
161271
160058
158844
157628
156410
155192
153972
152752
151531
150310
149088
147866
146644
145423
144202
142981
141762
140543
139325
138109
136894
135681
134470
133260
132053
130848
129645
128445
127248
126055
124866
123684
122506
121331
120157
118979
117803
116633
115469
114310
113156
112007
110862
109723
108589
107460
106336
105217
104104
102997
101895
100800
99709.7
98625.9
97548.3
96477.1
95412.3
94354.1
93302.6
92258.1
91220.5
90190.2
89167.4
88152.2
87144.9
86145.9
85155.4
84173.8
83201.6
82239.3
81287.6
80347.1
79418.7
78503.3
77602.3
76716.7
75848.3
74998.4
74168.6
73360.1
72571.4
71801.6
71018
70275.4
69633.1
69037.7
68482.8
67960.5
67465.5
66994
66542.6
66109
65691.2
65287.7
64897
64518
64149.7
63791.3
63441.9
63100.9
62767.7
62441.7
62122.4
61809.3
61502.1
61200.3
60903.6
60611.6
60324.1
60040.7
59761.2
59485.2
59212.7
58943.2
58676.6
58412.8
58151.4
57892.3
57635.4
57380.3
57127.1
56875.4
56625.1
56376
56128.1
55881.4
55635.5
55390.4
55145.9
54901.9
54658.4
54415
54171.6
53928.4
53685
53441.5
53197.6
52953.4
52708.7
52463.4
52217.4
51970.7
51723.2
51474.8
51225.4
50974.9
50723.3
50470.6
50216.6
49961.3
49704.7
49446.7
49187.3
48926.3
48663.9
48399.9
48134.3
47867.2
47598.4
47328
47056
46782.3
46507
46230
45951.3
45671.1
45389.2
45105.7
44820.6
44533.9
44245.7
43956
43664.9
43372.3
43078.3
42783
42486.5
42188.6
41889.6
41589.5
41288.3
40986.1
40682.9
40378.9
40074.3
39769.5
39465
39158.5
38849.8
38540.6
38231.3
37921.9
37612.3
37302.5
36992.5
36682.4
36372.2
36062
35751.9
35441.8
35131.8
34822
34512.5
34203.2
33894.3
33585.8
33277.7
32970.1
32663.1
32356.6
32050.8
31745.6
31441.2
31137.6
30834.8
30533
30232.1
29932.2
29633.4
29335.8
29039.4
28744.3
28450.6
28158.4
27867.7
27578.6
27291.2
27005.6
26722
26440.3
26160.7
25883.3
25608.2
25335.4
25065.1
24797.4
24532.3
24270.1
24010.6
23754.2
23500.7
23250.5
23003.5
22759.8
22519.5
22282.7
22049.5
21820
21594.2
21372.2
21154
20939.7
20729.4
20523.1
20320.8
20122.5
19928.3
19738.2
19552.2
19370.2
19192.3
19018.4
18848.6
18682.8
18521.1
18363.2
18209.3
18059.3
17913.1
17770.7
17631.9
17496.7
17365.1
17236.9
17112.1
16990.7
16872.8
16758.5
16647.9
16541.4
16439.2
16341.9
16249.9
16163.5
16083.1
16009
15940.9
15878.6
15821.2
15767.4
15715.5
15663.3
15608.3
15547.3
15477
15394.7
15299
15187.6
15058.8
14912.9
14751.3
14577.3
14396.5
14217.9
14051.1
13905
13787
13703.7
13663
13674
13746.7
13889.2
14107.3
14400.8
14765.5
15192.3
15666.7
16169
16674.3
17155.1
17577.4
17910.1
18116.9
18162.9
18031.8
17708.8
17191.5
16497.4
15653
14693.8
13662.3
12603.8
11562.5
10577.1
9677.53
8884.21
8208.9
7659.54
7235.89
6942.33
6781.27
6749.13
6849.1
7085.81
7462.24
7979.61
8639.03
9438.44
10371.7
11427.3
12587.3
13826.7
15113.2
16408.8
17671.4
18858.5
19932.4
20864.5
21629.9
22216
22613.3
22817.7
22831.9
22657.3
22293.1
21744.9
21023.3
20144.6
19130.2
18006.7
16804.6
15556.7
14295.2
13050.4
11848.8
10711.7
9655.31
8690.29
7822.42
7053.21
6380.74
5800.59
5306.81
4894.12
4556.89
4288.97
4086.32
3944.02
3857.48
3823.03
3836.86
3896.41
3999.12
4140.83
4317.94
4526.42
4761.66
5018.57
5291.61
5574.97
5862.75
6149.2
6429.01
6697.53
6950.99
7186.6
7402.62
7598.28
7773.72
7929.89
8068.39
8191.31
8301.07
8400.29
8491.58
8577.49
8660.4
8742.42
8825.36
8910.67
8999.4
9092.17
9189.12
9289.94
9393.82
9499.48
9605.17
9708.76
9807.79
9899.63
9981.44
10050.4
10103.5
10138
10151.9
10144.1
10113.5
10059.9
9984.2
9887.71
9772.37
9640.59
9494.98
9338.11
9172.32
8999.53
8821.28
8638.63
8452.28
8262.58
8069.59
7873.13
7672.85
7468.31
7258.97
7044.33
6823.93
6597.55
6365.26
6127.62
5885.78
5641.69
5398.16
5158.73
4927.23
4707.33
4502.39
4316.61
4153.72
4017.3
3911.83
3840.82
3806.96
3812.13
3858.47
3946.01
4071.48
4231.06
4419.87
4632.53
4864.38
5113.77
5383.52
5677.68
5998.75
6376.77
6852.1
7492.83
245076
)
;
    }
    inlet
    {
        type            calculated;
        value           uniform 0;
    }
    rWedge
    {
        type            wedge;
    }
    lWedge
    {
        type            wedge;
    }
    outlet
    {
        type            calculated;
        value           uniform 0;
    }
}


// ************************************************************************* //
