/*--------------------------------*- C++ -*----------------------------------*\
| =========                 |                                                 |
| \\      /  F ield         | OpenFOAM: The Open Source CFD Toolbox           |
|  \\    /   O peration     | Version:  v1706                                 |
|   \\  /    A nd           | Web:      www.OpenFOAM.com                      |
|    \\/     M anipulation  |                                                 |
\*---------------------------------------------------------------------------*/
FoamFile
{
    version     2.0;
    format      ascii;
    class       volVectorField;
    location    "4e-05";
    object      wallShearStress;
}
// * * * * * * * * * * * * * * * * * * * * * * * * * * * * * * * * * * * * * //

dimensions      [1 -1 -2 0 0 0 0];


internalField   uniform (0 0 0);

boundaryField
{
    cone
    {
        type            calculated;
        value           nonuniform List<vector> 
600
(
(-0.646397 -1.97751 -1.00496e-12)
(-0.666921 -3.02063 -1.39438e-12)
(-0.720759 -4.23503 -2.36322e-12)
(-0.772874 -5.39088 -2.8842e-12)
(-0.846241 -6.59566 -3.3589e-12)
(-0.929108 -7.77433 -3.83023e-12)
(-1.02838 -8.96854 -4.24835e-12)
(-1.13982 -10.1524 -4.62377e-12)
(-1.26593 -11.3387 -5.00744e-12)
(-1.40525 -12.5199 -5.22913e-12)
(-1.55851 -13.699 -5.46712e-12)
(-1.72527 -14.8741 -5.66825e-12)
(-1.90568 -16.0455 -5.82262e-12)
(-2.09956 -17.2127 -5.87003e-12)
(-2.30689 -18.3755 -5.89416e-12)
(-2.52758 -19.5335 -5.89695e-12)
(-2.76154 -20.6865 -5.88831e-12)
(-3.00869 -21.8343 -5.8874e-12)
(-3.26893 -22.9765 -5.78351e-12)
(-3.54215 -24.1128 -5.71599e-12)
(-3.82825 -25.2429 -5.62442e-12)
(-4.12711 -26.3666 -5.51234e-12)
(-4.43862 -27.4835 -5.37594e-12)
(-4.76264 -28.5932 -5.27572e-12)
(-5.09906 -29.6956 -5.11249e-12)
(-5.44772 -30.7902 -4.97889e-12)
(-5.80849 -31.8768 -4.82215e-12)
(-6.18121 -32.9551 -4.67451e-12)
(-6.56574 -34.0248 -4.5213e-12)
(-6.96197 -35.0855 -4.36834e-12)
(-7.37035 -36.1367 -4.21503e-12)
(-7.791 -37.1777 -4.07365e-12)
(-8.22149 -38.2096 -3.91222e-12)
(-8.66281 -39.2315 -3.77882e-12)
(-9.11494 -40.2432 -3.6343e-12)
(-9.57765 -41.2443 -3.51039e-12)
(-10.0508 -42.2345 -3.37535e-12)
(-10.5342 -43.2136 -3.23393e-12)
(-11.0276 -44.1813 -3.09221e-12)
(-11.5308 -45.1375 -2.95416e-12)
(-12.0437 -46.0817 -2.84503e-12)
(-12.566 -47.0139 -2.75364e-12)
(-13.0976 -47.9335 -2.64941e-12)
(-13.6385 -48.8401 -2.52933e-12)
(-14.188 -49.7344 -2.42735e-12)
(-14.7459 -50.6159 -2.33526e-12)
(-15.3121 -51.4842 -2.2496e-12)
(-15.8864 -52.3391 -2.15729e-12)
(-16.4685 -53.1804 -2.07234e-12)
(-17.0585 -54.0081 -1.9755e-12)
(-17.6559 -54.8219 -1.90495e-12)
(-18.2604 -55.6213 -1.83013e-12)
(-18.8721 -56.4066 -1.76278e-12)
(-19.4899 -57.1778 -1.68271e-12)
(-20.1131 -57.9347 -1.61437e-12)
(-20.7402 -58.6777 -1.55706e-12)
(-21.3699 -59.4078 -1.50541e-12)
(-22.0106 -60.1198 -1.43854e-12)
(-22.6585 -60.815 -1.39443e-12)
(-23.3114 -61.4947 -1.33505e-12)
(-23.9691 -62.159 -1.28081e-12)
(-24.6314 -62.8078 -1.23378e-12)
(-25.298 -63.441 -1.20264e-12)
(-25.9688 -64.0583 -1.16543e-12)
(-26.6434 -64.6598 -1.11345e-12)
(-27.3216 -65.2453 -1.06564e-12)
(-28.0032 -65.8148 -1.02871e-12)
(-28.6878 -66.3681 -9.8329e-13)
(-29.3752 -66.9051 -9.50727e-13)
(-30.0651 -67.4258 -9.08849e-13)
(-30.7574 -67.9301 -8.93409e-13)
(-31.4516 -68.418 -8.69814e-13)
(-32.1475 -68.8894 -8.44597e-13)
(-32.8449 -69.3441 -7.95418e-13)
(-33.5435 -69.7823 -7.76495e-13)
(-34.2431 -70.2039 -7.41552e-13)
(-34.9433 -70.6088 -7.1345e-13)
(-35.644 -70.9971 -6.86892e-13)
(-36.3448 -71.3686 -6.68327e-13)
(-37.0453 -71.7233 -6.42396e-13)
(-37.7455 -72.0612 -6.20161e-13)
(-38.445 -72.3824 -6.04932e-13)
(-39.1437 -72.687 -5.83354e-13)
(-39.8412 -72.9748 -5.68824e-13)
(-40.5372 -73.2459 -5.39437e-13)
(-41.2316 -73.5004 -5.28744e-13)
(-41.924 -73.7382 -5.09487e-13)
(-42.6142 -73.9594 -4.9899e-13)
(-43.302 -74.164 -4.81481e-13)
(-43.9871 -74.3521 -4.71544e-13)
(-44.669 -74.5236 -4.53999e-13)
(-45.348 -74.6786 -4.39986e-13)
(-46.0234 -74.8174 -4.21404e-13)
(-46.6952 -74.9401 -4.07688e-13)
(-47.363 -75.0465 -3.9201e-13)
(-48.0267 -75.1368 -3.86337e-13)
(-48.686 -75.2111 -3.70097e-13)
(-49.3408 -75.2693 -3.656e-13)
(-49.9904 -75.3115 -3.53764e-13)
(-50.6351 -75.3379 -3.40885e-13)
(-51.2744 -75.349 -3.31727e-13)
(-51.9081 -75.3445 -3.19121e-13)
(-52.5361 -75.3246 -3.19762e-13)
(-53.1581 -75.2894 -2.99926e-13)
(-53.774 -75.239 -2.88837e-13)
(-54.3834 -75.1734 -2.87824e-13)
(-54.9863 -75.093 -2.80938e-13)
(-55.5825 -74.9978 -2.6736e-13)
(-56.1715 -74.8876 -2.70192e-13)
(-56.7535 -74.763 -2.59602e-13)
(-57.3281 -74.6244 -2.46338e-13)
(-57.8951 -74.4717 -2.42305e-13)
(-58.4544 -74.305 -2.41587e-13)
(-59.0059 -74.1244 -2.3148e-13)
(-59.5493 -73.9301 -2.2718e-13)
(-60.0846 -73.7223 -2.1667e-13)
(-60.6115 -73.5012 -2.15895e-13)
(-61.1298 -73.2669 -2.01595e-13)
(-61.6395 -73.0197 -1.93105e-13)
(-62.1403 -72.7596 -1.92423e-13)
(-62.6322 -72.487 -1.85949e-13)
(-63.115 -72.202 -1.82336e-13)
(-63.5885 -71.9048 -1.82999e-13)
(-64.0527 -71.5956 -1.74434e-13)
(-64.5074 -71.2745 -1.66153e-13)
(-64.9525 -70.9419 -1.67371e-13)
(-65.3878 -70.598 -1.59848e-13)
(-65.8133 -70.2428 -1.53678e-13)
(-66.2289 -69.8767 -1.49067e-13)
(-66.6344 -69.4998 -1.42742e-13)
(-67.0298 -69.1124 -1.42593e-13)
(-67.4149 -68.7147 -1.34325e-13)
(-67.7898 -68.307 -1.33515e-13)
(-68.1542 -67.8893 -1.25361e-13)
(-68.5082 -67.462 -1.23961e-13)
(-68.8517 -67.0252 -1.18668e-13)
(-69.1846 -66.5793 -1.19347e-13)
(-69.5067 -66.1244 -1.14183e-13)
(-69.8183 -65.6607 -1.11045e-13)
(-70.1192 -65.1885 -1.08965e-13)
(-70.41 -64.7081 -1.08248e-13)
(-70.6905 -64.2202 -1.05878e-13)
(-70.9606 -63.7254 -1.04546e-13)
(-71.22 -63.2237 -1.0142e-13)
(-71.4671 -62.7147 -9.6075e-14)
(-71.7029 -62.1974 -9.47667e-14)
(-71.9261 -61.6717 -9.13745e-14)
(-72.138 -61.1381 -8.62492e-14)
(-72.3394 -60.5988 -8.45091e-14)
(-72.5301 -60.0538 -8.55373e-14)
(-72.7099 -59.503 -8.08735e-14)
(-72.8788 -58.9466 -7.74568e-14)
(-73.0366 -58.3847 -7.97456e-14)
(-73.1835 -57.8176 -7.55921e-14)
(-73.3193 -57.2455 -7.35254e-14)
(-73.4441 -56.6686 -7.20743e-14)
(-73.5579 -56.0871 -7.16792e-14)
(-73.6606 -55.5012 -6.99207e-14)
(-73.7524 -54.9112 -7.05578e-14)
(-73.8331 -54.3172 -6.68494e-14)
(-73.9028 -53.7195 -6.39659e-14)
(-73.9614 -53.1182 -6.26658e-14)
(-74.0091 -52.5136 -6.39404e-14)
(-74.0457 -51.9058 -5.86414e-14)
(-74.0713 -51.2949 -5.83181e-14)
(-74.0857 -50.6813 -5.85193e-14)
(-74.0887 -50.0651 -5.54719e-14)
(-74.0804 -49.4465 -5.51038e-14)
(-74.0606 -48.8256 -5.07144e-14)
(-74.0292 -48.2025 -4.89937e-14)
(-73.9859 -47.5774 -4.93939e-14)
(-73.9304 -46.9503 -4.66728e-14)
(-73.8626 -46.3215 -4.9014e-14)
(-73.7818 -45.6908 -4.82373e-14)
(-73.6876 -45.0585 -4.49011e-14)
(-73.5795 -44.4245 -4.44824e-14)
(-73.4565 -43.7889 -4.63983e-14)
(-73.3179 -43.1516 -4.30266e-14)
(-73.1624 -42.5126 -4.4006e-14)
(-72.9887 -41.8718 -3.99767e-14)
(-72.7952 -41.2289 -3.90388e-14)
(-72.5798 -40.584 -3.84891e-14)
(-72.3403 -39.9366 -3.80227e-14)
(-72.0736 -39.2866 -3.8748e-14)
(-71.7764 -38.6335 -3.91441e-14)
(-71.4447 -37.9768 -3.69676e-14)
(-71.0734 -37.3162 -3.47693e-14)
(-70.6567 -36.651 -3.56638e-14)
(-70.187 -35.9801 -3.32252e-14)
(-69.6556 -35.3041 -3.2376e-14)
(-69.0496 -34.6228 -3.18494e-14)
(-68.35 -33.9349 -3.09431e-14)
(-67.5409 -33.2441 -3.08162e-14)
(-66.555 -32.613 -2.89317e-14)
(-65.491 -31.8566 -2.81062e-14)
(-64.497 -31.107 -2.64492e-14)
(-63.5813 -30.5338 -2.81102e-14)
(-62.7505 -30.0488 -2.80942e-14)
(-61.9867 -29.6161 -2.69597e-14)
(-61.2764 -29.2229 -2.64832e-14)
(-60.6105 -28.8612 -2.5583e-14)
(-59.9825 -28.5254 -2.50385e-14)
(-59.3871 -28.2112 -2.58675e-14)
(-58.8205 -27.9154 -2.51409e-14)
(-58.2793 -27.6356 -2.39208e-14)
(-57.7607 -27.3698 -2.48734e-14)
(-57.2625 -27.1164 -2.30882e-14)
(-56.7826 -26.874 -2.23169e-14)
(-56.3193 -26.6416 -2.29477e-14)
(-55.8712 -26.4182 -2.32435e-14)
(-55.4369 -26.2029 -2.30741e-14)
(-55.0153 -25.995 -2.10143e-14)
(-54.6053 -25.794 -2.02014e-14)
(-54.206 -25.5991 -1.94441e-14)
(-53.8165 -25.41 -2.11829e-14)
(-53.4361 -25.2261 -2.09471e-14)
(-53.0641 -25.0471 -1.89499e-14)
(-52.6998 -24.8726 -1.83826e-14)
(-52.3426 -24.7023 -1.73685e-14)
(-51.992 -24.5358 -1.69515e-14)
(-51.6475 -24.3729 -1.78617e-14)
(-51.3086 -24.2133 -1.81565e-14)
(-50.9749 -24.0567 -1.76674e-14)
(-50.646 -23.903 -1.69441e-14)
(-50.3215 -23.7519 -1.77918e-14)
(-50.001 -23.6033 -1.82831e-14)
(-49.6843 -23.4569 -1.69663e-14)
(-49.3709 -23.3126 -1.68145e-14)
(-49.0606 -23.1702 -1.58563e-14)
(-48.7531 -23.0296 -1.53753e-14)
(-48.4481 -22.8907 -1.6833e-14)
(-48.1453 -22.7532 -1.53629e-14)
(-47.8448 -22.617 -1.47488e-14)
(-47.5462 -22.4819 -1.55207e-14)
(-47.2493 -22.3481 -1.55584e-14)
(-46.9538 -22.2154 -1.48372e-14)
(-46.6594 -22.0836 -1.53719e-14)
(-46.3661 -21.9525 -1.33231e-14)
(-46.0737 -21.8221 -1.19579e-14)
(-45.782 -21.6923 -1.32375e-14)
(-45.4906 -21.5637 -1.26807e-14)
(-45.1997 -21.4359 -1.32848e-14)
(-44.91 -21.3075 -1.4443e-14)
(-44.62 -21.1782 -1.27537e-14)
(-44.3299 -21.0504 -1.2346e-14)
(-44.0399 -20.923 -9.17976e-15)
(-43.7497 -20.7957 -1.1552e-14)
(-43.4594 -20.6683 -9.30801e-15)
(-43.1687 -20.5409 -1.04072e-14)
(-42.8776 -20.4135 -1.17016e-14)
(-42.5861 -20.2859 -9.56904e-15)
(-42.2941 -20.1583 -1.09399e-14)
(-42.0014 -20.0304 -1.21282e-14)
(-41.7081 -19.9022 -1.25679e-14)
(-41.4141 -19.7738 -9.77453e-15)
(-41.1194 -19.6451 -9.84171e-15)
(-40.8238 -19.516 -8.99997e-15)
(-40.5275 -19.3866 -1.14433e-14)
(-40.2303 -19.2568 -7.85056e-15)
(-39.9323 -19.1265 -7.81288e-15)
(-39.6333 -18.9957 -7.98374e-15)
(-39.3335 -18.8645 -7.81097e-15)
(-39.0328 -18.7328 -8.85901e-15)
(-38.7312 -18.6006 -8.54835e-15)
(-38.4286 -18.4679 -7.5433e-15)
(-38.1252 -18.3346 -8.41112e-15)
(-37.821 -18.2008 -8.37125e-15)
(-37.5159 -18.0665 -6.65965e-15)
(-37.2099 -17.9316 -8.33326e-15)
(-36.9032 -17.7961 -9.39332e-15)
(-36.5958 -17.6602 -7.71729e-15)
(-36.2876 -17.5236 -6.92014e-15)
(-35.9787 -17.3866 -8.5319e-15)
(-35.6693 -17.249 -7.05559e-15)
(-35.3592 -17.111 -7.23861e-15)
(-35.0487 -16.9724 -8.03362e-15)
(-34.7377 -16.8334 -7.44153e-15)
(-34.4263 -16.6939 -6.96311e-15)
(-34.1147 -16.554 -4.79295e-15)
(-33.8027 -16.4137 -5.31878e-15)
(-33.4907 -16.273 -4.11641e-15)
(-33.1785 -16.132 -2.60845e-15)
(-32.8663 -15.9907 -4.82006e-15)
(-32.5542 -15.8491 -3.57144e-15)
(-32.2423 -15.7072 -3.83925e-15)
(-31.9306 -15.5652 -5.46129e-15)
(-31.6193 -15.423 -7.10201e-15)
(-31.3084 -15.2806 -7.1064e-15)
(-30.9981 -15.1382 -5.40419e-15)
(-30.6883 -14.9958 -3.48245e-15)
(-30.3793 -14.8533 -3.3316e-15)
(-30.0711 -14.7109 -4.91093e-15)
(-29.7637 -14.5686 -4.07082e-15)
(-29.4574 -14.4264 -3.15983e-15)
(-29.1522 -14.2844 -4.3063e-15)
(-28.8481 -14.1426 -5.28511e-15)
(-28.5454 -14.0011 -4.33967e-15)
(-28.2445 -13.8598 -5.51428e-15)
(-27.9451 -13.7196 -2.41505e-15)
(-27.6464 -13.5798 -2.77339e-15)
(-27.3491 -13.4396 -2.42667e-15)
(-27.0538 -13.3 -1.20343e-15)
(-26.7603 -13.161 -2.58617e-15)
(-26.4686 -13.0227 -1.97509e-15)
(-26.1789 -12.8851 -2.19764e-15)
(-25.8912 -12.7481 -2.64253e-15)
(-25.6055 -12.6118 -3.59406e-15)
(-25.3219 -12.4763 -3.63378e-15)
(-25.0405 -12.3415 -2.35428e-15)
(-24.7614 -12.2076 -3.28775e-15)
(-24.4845 -12.0746 -3.02091e-15)
(-24.21 -11.9424 -3.8165e-15)
(-23.9379 -11.8112 -3.06205e-15)
(-23.6683 -11.6809 -2.73219e-15)
(-23.4013 -11.5516 -2.31656e-15)
(-23.1367 -11.4234 -3.07222e-15)
(-22.8748 -11.2962 -2.8899e-15)
(-22.6156 -11.1701 -3.35234e-15)
(-22.359 -11.0452 -2.688e-16)
(-22.1052 -10.9213 4.67596e-16)
(-21.8541 -10.7986 -2.22372e-17)
(-21.6058 -10.6771 -9.89237e-16)
(-21.3604 -10.5568 -5.39541e-16)
(-21.1178 -10.4378 -1.23206e-15)
(-20.8781 -10.3199 -4.11429e-16)
(-20.6413 -10.2034 -1.09317e-15)
(-20.4074 -10.0881 -1.18852e-15)
(-20.1765 -9.97412 -2.24962e-15)
(-19.9486 -9.86145 -3.16423e-15)
(-19.7236 -9.75011 -1.95949e-15)
(-19.5016 -9.6401 9.91949e-17)
(-19.2826 -9.53144 -9.93396e-16)
(-19.0667 -9.42413 -2.40035e-15)
(-18.8537 -9.31818 1.67301e-15)
(-18.6438 -9.2136 6.89324e-16)
(-18.4369 -9.11039 2.99757e-15)
(-18.2331 -9.00855 3.85194e-17)
(-18.0323 -8.90808 -8.89813e-16)
(-17.8345 -8.80899 -2.45577e-15)
(-17.6397 -8.71127 7.3568e-16)
(-17.448 -8.61491 8.89597e-16)
(-17.2593 -8.51992 1.25224e-15)
(-17.0736 -8.42629 -2.50168e-15)
(-16.8908 -8.33401 -3.22492e-15)
(-16.711 -8.24307 -8.03224e-16)
(-16.5342 -8.15348 -1.24015e-15)
(-16.3603 -8.06523 1.55239e-15)
(-16.1892 -7.9783 -9.3117e-16)
(-16.021 -7.8927 1.37478e-15)
(-15.8556 -7.80842 2.58771e-15)
(-15.693 -7.72546 1.89831e-15)
(-15.5332 -7.6438 -4.12695e-16)
(-15.3761 -7.56345 -1.24767e-15)
(-15.2217 -7.48441 -3.05096e-15)
(-15.0699 -7.40666 -2.66311e-15)
(-14.9208 -7.3302 8.491e-16)
(-14.7743 -7.25502 6.09387e-16)
(-14.6303 -7.18113 5.25987e-16)
(-14.4889 -7.1085 7.19149e-18)
(-14.3501 -7.03714 -1.25694e-15)
(-14.2137 -6.96703 -1.00222e-15)
(-14.0798 -6.89817 -9.54318e-16)
(-13.9483 -6.83055 -5.28956e-16)
(-13.8193 -6.76415 -1.64976e-15)
(-13.6926 -6.69897 7.21095e-17)
(-13.5684 -6.63499 -4.29059e-16)
(-13.4464 -6.5722 -3.67201e-15)
(-13.3268 -6.51058 1.68858e-16)
(-13.2095 -6.45013 -5.51079e-16)
(-13.0944 -6.39082 -3.10454e-15)
(-12.9815 -6.33264 -1.88745e-15)
(-12.8708 -6.27558 -2.3065e-15)
(-12.7623 -6.21962 -1.35595e-15)
(-12.6558 -6.16474 -1.35026e-15)
(-12.5515 -6.11092 -2.34423e-16)
(-12.4493 -6.05815 -6.39935e-16)
(-12.3491 -6.00641 -4.19467e-16)
(-12.2509 -5.95566 1.10842e-15)
(-12.1546 -5.90589 -3.58525e-15)
(-12.0603 -5.85707 -4.30072e-15)
(-11.9678 -5.80918 -1.88726e-15)
(-11.877 -5.76221 -3.08816e-15)
(-11.7879 -5.71616 -3.20411e-15)
(-11.7003 -5.67106 -2.74335e-15)
(-11.6141 -5.62695 -2.11098e-15)
(-11.5292 -5.58391 -1.40804e-15)
(-11.4454 -5.54203 -2.92812e-15)
(-11.3626 -5.50146 -3.10047e-15)
(-11.2811 -5.46233 -1.81968e-15)
(-11.2008 -5.42479 -4.20579e-15)
(-11.1221 -5.38896 -4.01195e-15)
(-11.0455 -5.35492 -5.65163e-15)
(-10.9715 -5.32265 -4.49401e-15)
(-10.9009 -5.29205 -5.59013e-15)
(-10.8347 -5.26282 -5.63514e-15)
(-10.7737 -5.23453 -4.8493e-15)
(-10.7188 -5.20651 -5.90927e-15)
(-10.6708 -5.17795 -3.60571e-15)
(-10.63 -5.14782 -2.76049e-15)
(-10.5966 -5.11504 -4.7433e-15)
(-10.5697 -5.07851 -5.43787e-15)
(-10.548 -5.0372 -4.21985e-15)
(-10.5296 -4.98992 -5.20074e-15)
(-10.5124 -4.93545 -2.73138e-15)
(-10.4935 -4.87317 -4.69691e-15)
(-10.4588 -4.80684 -1.33685e-15)
(-10.4157 -4.73855 -2.85177e-15)
(-10.3603 -4.66188 -2.66009e-15)
(-10.282 -4.58396 -3.31433e-15)
(-10.1777 -4.50762 -2.57466e-15)
(-10.0446 -4.43659 -3.09445e-15)
(-9.88057 -4.37558 -1.61496e-15)
(-9.68518 -4.33011 1.88268e-16)
(-9.46098 -4.30601 -7.02032e-17)
(-9.21371 -4.30936 1.29218e-16)
(-8.96492 -4.3387 -3.02395e-15)
(-8.71103 -4.3819 7.54412e-16)
(-8.47343 -4.45037 -4.99356e-15)
(-8.25652 -4.54583 -4.36916e-15)
(-8.06768 -4.66641 -4.33678e-15)
(-7.92279 -4.80962 -5.03959e-15)
(-7.83315 -4.97442 -3.01238e-15)
(-7.81821 -5.14318 -4.35553e-15)
(-7.89443 -5.31407 -2.9622e-15)
(-8.07095 -5.47232 -6.80805e-15)
(-8.35165 -5.606 -9.74874e-16)
(-8.73515 -5.70342 -6.52434e-15)
(-9.21367 -5.75308 -2.16118e-15)
(-9.77193 -5.74465 -8.38524e-15)
(-10.3888 -5.66952 -7.49006e-15)
(-11.0373 -5.5206 -3.83157e-15)
(-11.6736 -5.26632 -1.25718e-15)
(-12.2836 -4.93615 -5.05091e-15)
(-12.8321 -4.53787 -4.26077e-15)
(-13.2243 -4.04192 -4.59191e-15)
(-13.4571 -3.48856 -6.62302e-15)
(-13.5029 -2.90478 -6.82764e-15)
(-13.33 -2.30973 -7.80147e-15)
(-12.9373 -1.74036 -3.87779e-15)
(-12.3351 -1.23197 -1.80123e-15)
(-11.5445 -0.816744 -6.5253e-15)
(-10.5976 -0.520954 -7.15296e-15)
(-9.53604 -0.360543 -6.78151e-15)
(-8.40747 -0.338303 -4.09058e-15)
(-7.26073 -0.443985 -3.75818e-15)
(-6.14032 -0.657962 -3.6943e-15)
(-5.08011 -0.958353 -4.57496e-15)
(-4.09779 -1.32939 -8.03308e-15)
(-3.24158 -1.77365 -6.29709e-15)
(-2.45038 -2.22536 -5.31569e-15)
(-1.786 -2.70248 -3.53521e-15)
(-1.26122 -3.20422 -2.45382e-15)
(-0.858843 -3.71106 -5.71087e-15)
(-0.580172 -4.22323 -4.7881e-15)
(-0.436642 -4.71851 -3.78477e-15)
(-0.436404 -5.2047 -5.42985e-15)
(-0.584828 -5.66885 -7.6665e-15)
(-0.887808 -6.10083 -8.6253e-15)
(-1.34833 -6.4914 -7.06519e-15)
(-1.96578 -6.83079 -7.42715e-15)
(-2.7345 -7.10915 -5.61648e-15)
(-3.64248 -7.31699 -9.21939e-15)
(-4.67026 -7.44596 -1.03154e-14)
(-5.79051 -7.48959 -2.21759e-15)
(-6.96856 -7.44436 -8.76105e-17)
(-8.16379 -7.31102 -9.44239e-15)
(-9.33238 -7.09602 -9.3508e-15)
(-10.4341 -6.80976 -1.9164e-14)
(-11.4428 -6.45672 -2.76141e-14)
(-12.3111 -6.0147 -4.66196e-14)
(-13.0734 -5.54531 -8.8991e-14)
(-13.6928 -5.03705 -1.66194e-13)
(-14.1454 -4.46056 -2.88788e-13)
(-14.4641 -3.83258 -4.8018e-13)
(-14.6415 -3.16735 -7.68668e-13)
(-14.6745 -2.46111 -1.19043e-12)
(-14.5634 -1.73165 -1.7618e-12)
(-14.3073 -0.99591 -2.48796e-12)
(-13.9104 -0.275753 -3.37245e-12)
(-13.3798 0.404871 -4.38919e-12)
(-12.7266 1.02206 -5.50442e-12)
(-11.9667 1.5542 -6.66793e-12)
(-11.1194 1.98367 -7.83609e-12)
(-10.2066 2.29885 -8.95725e-12)
(-9.25163 2.49496 -9.98426e-12)
(-8.27785 2.57425 -1.08652e-11)
(-7.30739 2.54529 -1.15715e-11)
(-6.36018 2.42172 -1.2069e-11)
(-5.45319 2.22053 -1.234e-11)
(-4.59995 1.96015 -1.23755e-11)
(-3.81022 1.65867 -1.21828e-11)
(-3.08989 1.33219 -1.17842e-11)
(-2.44096 0.993444 -1.12072e-11)
(-1.86245 0.650793 -1.04947e-11)
(-1.3476 0.30438 -9.68318e-12)
(-0.913468 -0.0385914 -8.81494e-12)
(-0.519293 -0.354475 -7.9177e-12)
(-0.197453 -0.66256 -7.02349e-12)
(0.0652129 -0.954477 -6.16053e-12)
(0.274921 -1.2271 -5.34621e-12)
(0.433495 -1.48134 -4.59056e-12)
(0.542816 -1.71662 -3.89284e-12)
(0.606222 -1.92924 -3.26831e-12)
(0.62421 -2.12098 -2.70462e-12)
(0.599592 -2.29036 -2.21135e-12)
(0.53489 -2.43602 -1.78314e-12)
(0.433022 -2.55734 -1.41218e-12)
(0.297623 -2.65411 -1.09506e-12)
(0.13304 -2.72662 -8.21952e-13)
(-0.0557015 -2.77577 -5.89133e-13)
(-0.262996 -2.80304 -3.96056e-13)
(-0.4828 -2.81057 -2.36698e-13)
(-0.708897 -2.80102 -9.56382e-14)
(-0.935173 -2.77746 1.18877e-14)
(-1.15595 -2.74313 1.07417e-13)
(-1.36625 -2.70125 1.82703e-13)
(-1.56201 -2.65481 2.46855e-13)
(-1.7402 -2.60643 2.93598e-13)
(-1.89881 -2.55835 3.35147e-13)
(-2.03683 -2.51233 3.67884e-13)
(-2.15418 -2.46968 3.88938e-13)
(-2.25157 -2.43121 4.14057e-13)
(-2.33044 -2.39728 4.29744e-13)
(-2.39275 -2.36784 4.40361e-13)
(-2.44085 -2.34246 4.52728e-13)
(-2.47731 -2.32045 4.56928e-13)
(-2.50485 -2.30088 4.69321e-13)
(-2.52616 -2.28269 4.8091e-13)
(-2.5439 -2.26471 4.75799e-13)
(-2.56056 -2.24571 4.77252e-13)
(-2.57845 -2.2244 4.75359e-13)
(-2.5996 -2.19951 4.70748e-13)
(-2.62577 -2.16979 4.67102e-13)
(-2.65833 -2.13405 4.62066e-13)
(-2.69825 -2.09121 4.48751e-13)
(-2.74608 -2.04034 4.46286e-13)
(-2.80185 -1.98073 4.37714e-13)
(-2.86514 -1.91194 4.21265e-13)
(-2.93496 -1.83392 4.06923e-13)
(-3.00991 -1.74695 3.94851e-13)
(-3.08819 -1.65164 3.81331e-13)
(-3.16871 -1.54692 3.66846e-13)
(-3.2452 -1.43435 3.50774e-13)
(-3.32341 -1.31927 3.32218e-13)
(-3.39241 -1.19935 3.15083e-13)
(-3.45285 -1.07795 2.94982e-13)
(-3.50237 -0.95778 2.78806e-13)
(-3.53951 -0.840781 2.58834e-13)
(-3.56249 -0.728837 2.41444e-13)
(-3.57051 -0.623582 2.24193e-13)
(-3.56331 -0.526534 2.08203e-13)
(-3.54112 -0.438738 1.91656e-13)
(-3.50489 -0.36069 1.75089e-13)
(-3.45616 -0.292336 1.62921e-13)
(-3.39688 -0.233175 1.47322e-13)
(-3.32921 -0.18245 1.35975e-13)
(-3.25527 -0.139261 1.23038e-13)
(-3.17697 -0.10265 1.09272e-13)
(-3.0959 -0.0716224 1.00922e-13)
(-3.01323 -0.0451779 8.63553e-14)
(-2.92962 -0.0223132 8.13062e-14)
(-2.84527 -0.00206999 7.25445e-14)
(-2.75988 0.016445 6.23029e-14)
(-2.67277 0.0339932 5.58583e-14)
(-2.58289 0.051137 4.98185e-14)
(-2.48885 0.0681712 4.74703e-14)
(-2.38905 0.0850136 3.98839e-14)
(-2.28165 0.101128 3.06091e-14)
(-2.1648 0.115462 2.82885e-14)
(-2.03673 0.126432 2.45114e-14)
(-1.89601 0.131965 2.10031e-14)
(-1.74172 0.12957 1.7643e-14)
(-1.57392 0.11651 1.2323e-14)
(-1.39406 0.0902651 1.28322e-14)
(-1.20523 0.0491034 1.08743e-14)
(-1.01168 -0.00768575 7.29361e-15)
(-0.817857 -0.0801466 2.35531e-15)
(-0.628049 -0.168247 8.62534e-15)
(-0.444533 -0.275797 6.32812e-15)
(-0.28151 -0.395067 1.00656e-14)
(-0.125588 -0.517429 7.98608e-15)
(0.00380114 -0.651178 3.22425e-15)
(0.11041 -0.786681 4.0355e-15)
(0.193568 -0.919772 4.74316e-15)
(0.250983 -1.04673 -3.66929e-15)
(0.281973 -1.16323 -8.43248e-16)
(0.281431 -1.26903 -3.654e-15)
(0.24699 -1.36365 -3.69212e-15)
(0.175116 -1.44726 -3.87329e-15)
(0.0624011 -1.52041 -2.12611e-15)
(-0.0931851 -1.58264 -1.70537e-15)
(-0.290903 -1.63106 -3.4492e-15)
(-0.524383 -1.6588 1.75409e-15)
(-0.779635 -1.65587 -3.38729e-15)
(-1.04446 -1.61907 6.28081e-16)
(-1.32419 -1.56123 -3.72826e-15)
(-1.61688 -1.51089 -3.70975e-15)
(-1.763 -1.38858 -5.25093e-16)
(-2.32998 -1.36457 -3.00349e-15)
(-0.705392 -0.962973 -3.6522e-13)
)
;
    }
    inlet
    {
        type            calculated;
        value           uniform (0 0 0);
    }
    rWedge
    {
        type            wedge;
    }
    lWedge
    {
        type            wedge;
    }
    outlet
    {
        type            calculated;
        value           uniform (0 0 0);
    }
}


// ************************************************************************* //
