0.00600857 	1760 	-2.31353e-07 	5.77907e-13
0.00605194 	1760 	-2.31353e-07 	5.91563e-13
0.00612086 	1760 	-2.31353e-07 	6.03805e-13
0.00618845 	1760 	-2.31353e-07 	6.04427e-13
0.00625472 	1760 	-2.31353e-07 	6.04945e-13
0.0063197 	1760 	-2.31353e-07 	6.05503e-13
0.00638343 	1760 	-2.31354e-07 	6.062e-13
0.00644591 	1760 	-2.31354e-07 	6.06869e-13
0.00650718 	1760 	-2.31354e-07 	6.07364e-13
0.00656726 	1760 	-2.31354e-07 	6.08007e-13
0.00662618 	1760 	-2.31354e-07 	6.08412e-13
0.00668395 	1760 	-2.31354e-07 	6.08804e-13
0.0067406 	1760 	-2.31354e-07 	6.09358e-13
0.00679615 	1760 	-2.31354e-07 	6.101e-13
0.00685062 	1760 	-2.31354e-07 	6.1047e-13
0.00690403 	1760 	-2.31354e-07 	6.1082e-13
0.0069564 	1760 	-2.31354e-07 	6.11237e-13
0.00700776 	1760 	-2.31355e-07 	6.11873e-13
0.00705812 	1760 	-2.31355e-07 	6.12296e-13
0.0071075 	1760 	-2.31355e-07 	6.12429e-13
0.00715593 	1760 	-2.31355e-07 	6.12919e-13
0.00720341 	1760 	-2.31355e-07 	6.13236e-13
0.00724997 	1760 	-2.31355e-07 	6.13759e-13
0.00729563 	1760 	-2.31355e-07 	6.14207e-13
0.0073404 	1760 	-2.31355e-07 	6.1432e-13
0.0073843 	1760 	-2.31355e-07 	6.14598e-13
0.00742735 	1760 	-2.31355e-07 	6.15267e-13
0.00746956 	1760 	-2.31355e-07 	6.15492e-13
0.00751095 	1760 	-2.31355e-07 	6.15633e-13
0.00755154 	1760 	-2.31355e-07 	6.15888e-13
0.00759134 	1760 	-2.31355e-07 	6.16328e-13
0.00763037 	1760 	-2.31355e-07 	6.17083e-13
0.00766863 	1760 	-2.31355e-07 	6.17225e-13
0.00770616 	1760 	-2.31355e-07 	6.17419e-13
0.00774296 	1760 	-2.31355e-07 	6.17714e-13
0.00777904 	1760 	-2.31355e-07 	6.17939e-13
0.00781442 	1760 	-2.31355e-07 	6.18205e-13
0.00784912 	1760 	-2.31354e-07 	6.17986e-13
0.00788314 	1760 	-2.31351e-07 	6.16286e-13
0.0079165 	1760 	-2.31341e-07 	6.10275e-13
0.00794921 	1760 	-2.31308e-07 	5.91242e-13
0.00798129 	1760 	-2.31205e-07 	5.32347e-13
0.00801274 	1760 	-2.30882e-07 	3.54177e-13
0.00804359 	1760 	-2.29893e-07 	-1.7455e-13
0.00807383 	1759.99 	-2.26912e-07 	-1.71705e-12
0.00810349 	1759.97 	-2.18079e-07 	-6.13876e-12
0.00813257 	1759.93 	-1.92346e-07 	-1.85911e-11
0.00816109 	1759.81 	-1.18691e-07 	-5.3028e-11
0.00818905 	1759.48 	8.83285e-08 	-1.46397e-10
0.00821647 	1758.57 	6.59068e-07 	-3.93739e-10
0.00824336 	1756.19 	2.1986e-06 	-1.02833e-09
0.00826972 	1750.31 	6.22912e-06 	-2.57013e-09
0.00829558 	1736.99 	1.62116e-05 	-5.961e-09
0.00832093 	1710.58 	3.83185e-05 	-1.23642e-08
0.00834579 	1665.69 	7.94104e-05 	-2.25068e-08
0.00837016 	1599.91 	0.000142588 	-3.62531e-08
0.00839406 	1514.45 	0.000226382 	-5.28909e-08
0.0084175 	1412.52 	0.000327509 	-7.16049e-08
0.00844049 	1313.28 	0.813061 	0.0175111
0.00846302 	1189.43 	1.05353 	0.0228353
0.00848512 	1058.57 	1.31042 	0.0285374
0.00850679 	924.139 	1.5779 	0.0344809
0.00852804 	790.383 	1.84811 	0.040493
0.00854888 	662.974 	2.11668 	0.0464348
0.00856931 	549.401 	2.36947 	0.0520503
0.00858934 	457.464 	2.57334 	0.0567123
0.00860899 	391.079 	2.71801 	0.060038
0.00862826 	347.675 	2.8123 	0.0621968
0.00864715 	320.67 	2.86785 	0.0634655
0.00866567 	303.547 	2.89829 	0.0641297
0.00868383 	291.783 	2.91353 	0.0644426
0.00870164 	282.767 	2.91956 	0.064558
0.00871911 	275.14 	2.92028 	0.064563
0.00873624 	268.231 	2.91804 	0.0645075
0.00875303 	258.53 	4.75287 	1.58113e-11
0.0087695 	252.356 	4.74459 	1.5197e-11
0.00878564 	246.331 	4.73581 	1.47114e-11
0.00880148 	240.434 	4.72672 	1.41913e-11
0.008817 	234.655 	4.71744 	1.35938e-11
0.00883223 	228.983 	4.70802 	1.31247e-11
0.00884716 	223.412 	4.69847 	1.27219e-11
0.0088618 	217.939 	4.68882 	1.23747e-11
0.00887615 	212.559 	4.67904 	1.19912e-11
0.00889023 	207.27 	4.66909 	1.16194e-11
0.00890403 	202.068 	4.65895 	1.12715e-11
0.00891757 	196.951 	4.64861 	1.09822e-11
0.00893084 	191.915 	4.63802 	1.05621e-11
0.00894385 	186.958 	4.62716 	1.02247e-11
0.00895661 	182.079 	4.61598 	9.92904e-12
0.00896913 	177.276 	4.60443 	9.63803e-12
0.0089814 	172.548 	4.59245 	9.349e-12
0.00899343 	167.892 	4.58004 	9.04971e-12
0.00900523 	163.309 	4.56715 	8.81018e-12
0.0090168 	158.797 	4.55378 	8.57727e-12
0.00902814 	154.356 	4.53987 	8.26465e-12
0.00903927 	149.984 	4.52541 	7.96093e-12
0.00905018 	145.682 	4.51036 	7.72598e-12
0.00906087 	141.449 	4.4947 	7.46244e-12
0.00907136 	137.285 	4.47839 	7.20372e-12
0.00908165 	133.19 	4.46142 	6.96694e-12
0.00909173 	129.164 	4.44375 	6.72445e-12
0.00910162 	125.207 	4.42535 	6.52008e-12
0.00911132 	121.319 	4.40615 	6.33257e-12
0.00912083 	117.499 	4.38613 	6.13153e-12
0.00913015 	113.75 	4.36527 	5.92303e-12
0.0091393 	110.069 	4.34356 	5.72368e-12
0.00914826 	106.458 	4.32097 	5.54196e-12
0.00915706 	102.917 	4.2975 	5.32362e-12
0.00916568 	99.445 	4.27312 	5.06619e-12
0.00917413 	96.0435 	4.24782 	4.89886e-12
0.00918242 	92.7118 	4.22159 	4.72744e-12
0.00919055 	89.45 	4.19442 	4.56638e-12
0.00919852 	86.2583 	4.1663 	4.39355e-12
0.00920634 	83.1367 	4.13724 	4.22932e-12
0.009214 	80.0849 	4.10723 	4.07709e-12
0.00922151 	77.103 	4.07627 	3.93913e-12
0.00922888 	74.1907 	4.0444 	3.8342e-12
0.00923611 	71.3477 	4.01164 	3.67469e-12
0.0092432 	68.5738 	3.97806 	3.50184e-12
0.00925014 	65.8687 	3.94375 	3.31428e-12
0.00925696 	63.2322 	3.90878 	3.20323e-12
0.00926364 	60.6642 	3.87307 	3.1132e-12
0.00927019 	58.1641 	3.83659 	3.00659e-12
0.00927661 	55.7315 	3.79929 	2.86524e-12
0.00928291 	53.3658 	3.76117 	2.72873e-12
0.00928909 	51.0664 	3.72223 	2.60061e-12
0.00929515 	48.8325 	3.68248 	2.47709e-12
0.00930109 	46.6635 	3.64191 	2.35553e-12
0.00930691 	44.5586 	3.60052 	2.23093e-12
0.00931262 	42.5172 	3.5583 	2.09721e-12
0.00931822 	40.5386 	3.51525 	1.96643e-12
0.00932371 	38.6222 	3.4714 	1.84538e-12
0.0093291 	36.7669 	3.42676 	1.72444e-12
0.00933438 	34.972 	3.38132 	1.63292e-12
0.00933956 	33.2366 	3.3351 	1.54606e-12
0.00934463 	31.5596 	3.28808 	1.47189e-12
0.00934961 	29.9401 	3.24027 	1.37614e-12
0.00935449 	28.3771 	3.19166 	1.30566e-12
0.00935928 	26.8696 	3.14226 	1.23565e-12
0.00936397 	25.4164 	3.09209 	1.16442e-12
0.00936858 	24.0165 	3.04119 	1.10707e-12
0.00937309 	22.6687 	2.98957 	1.05257e-12
0.00937752 	21.3721 	2.93728 	1.00069e-12
0.00938186 	20.1257 	2.88433 	9.54868e-13
0.00938611 	18.9285 	2.83073 	9.1302e-13
0.00939028 	17.7794 	2.7765 	8.60784e-13
0.00939438 	16.6774 	2.72165 	8.11885e-13
0.00939839 	15.6215 	2.66618 	7.53834e-13
0.00940232 	14.6106 	2.61011 	6.97532e-13
0.00940618 	13.6436 	2.55343 	6.44214e-13
0.00940996 	12.7195 	2.49616 	5.91333e-13
0.00941367 	11.8373 	2.43829 	5.53078e-13
0.00941731 	10.9958 	2.37983 	5.17322e-13
0.00942088 	10.194 	2.32078 	4.83193e-13
0.00942438 	9.43097 	2.26114 	4.509e-13
0.00942781 	8.70562 	2.2009 	4.20063e-13
0.00943117 	8.01693 	2.14007 	3.90656e-13
0.00943447 	7.36392 	2.07864 	3.62464e-13
0.0094377 	6.74559 	2.0166 	3.51264e-13
0.00944087 	6.16095 	1.95394 	3.43812e-13
0.00944398 	5.60904 	1.89066 	3.20088e-13
0.00944703 	5.08891 	1.82672 	3.05079e-13
0.00945002 	4.59961 	1.76212 	2.84214e-13
0.00945295 	4.14022 	1.69683 	2.6899e-13
0.00945583 	3.70983 	1.63081 	2.46771e-13
0.00945865 	3.30755 	1.56403 	2.29219e-13
0.00946141 	2.9325 	1.49644 	2.15428e-13
0.00946412 	2.58383 	1.428 	1.91288e-13
0.00946678 	2.26071 	1.35864 	1.68858e-13
0.00946938 	1.96231 	1.2883 	1.47889e-13
0.00947194 	1.68782 	1.2169 	1.27461e-13
0.00947445 	1.43648 	1.14435 	1.04219e-13
0.0094769 	1.20753 	1.07056 	9.38485e-14
0.00947931 	1.00022 	0.995427 	8.65263e-14
0.00948168 	0.813796 	0.918823 	8.07375e-14
0.00948399 	0.647538 	0.840625 	7.60399e-14
0.00948627 	0.50075 	0.760699 	7.20656e-14
0.00948849 	0.37294 	0.678906 	6.81243e-14
0.00949068 	0.264224 	0.595102 	5.98219e-14
0.00949282 	0.175768 	0.50911 	5.10945e-14
0.00949492 	0.10901 	0.420599 	4.22344e-14
0.00949698 	0.0538748 	0.329658 	3.19259e-14
