/*--------------------------------*- C++ -*----------------------------------*\
| =========                 |                                                 |
| \\      /  F ield         | OpenFOAM: The Open Source CFD Toolbox           |
|  \\    /   O peration     | Version:  v1706                                 |
|   \\  /    A nd           | Web:      www.OpenFOAM.com                      |
|    \\/     M anipulation  |                                                 |
\*---------------------------------------------------------------------------*/
FoamFile
{
    version     2.0;
    format      ascii;
    class       volVectorField;
    location    "1.5e-05";
    object      wallShearStress;
}
// * * * * * * * * * * * * * * * * * * * * * * * * * * * * * * * * * * * * * //

dimensions      [1 -1 -2 0 0 0 0];


internalField   uniform (0 0 0);

boundaryField
{
    cone
    {
        type            calculated;
        value           nonuniform List<vector> 
153
(
(-13.2827 -11.1464 -2.15909e-14)
(-13.2175 -10.9806 -2.04409e-14)
(-13.1432 -10.8153 -2.0593e-14)
(-13.0597 -10.6507 -2.14825e-14)
(-12.9669 -10.4873 -1.98743e-14)
(-12.8649 -10.3252 -1.97633e-14)
(-12.7536 -10.165 -2.11276e-14)
(-12.6331 -10.0068 -1.96004e-14)
(-12.5034 -9.85102 -1.95454e-14)
(-12.3646 -9.69793 -1.97487e-14)
(-12.2168 -9.54777 -2.05782e-14)
(-12.0602 -9.4008 -2.02455e-14)
(-11.8949 -9.25723 -2.10381e-14)
(-11.7212 -9.11725 -2.01439e-14)
(-11.5393 -8.98101 -1.90745e-14)
(-11.3494 -8.84868 -1.87975e-14)
(-11.1519 -8.72036 -1.97062e-14)
(-10.9472 -8.59615 -1.80087e-14)
(-10.7355 -8.47614 -1.86159e-14)
(-10.5173 -8.36035 -1.89963e-14)
(-10.293 -8.24884 -1.82019e-14)
(-10.0632 -8.1416 -1.82508e-14)
(-9.82836 -8.03864 -1.63642e-14)
(-9.589 -7.93991 -1.6328e-14)
(-9.34575 -7.84538 -1.6612e-14)
(-9.09922 -7.75499 -1.59721e-14)
(-8.85007 -7.66866 -1.77485e-14)
(-8.59896 -7.58631 -1.76182e-14)
(-8.34656 -7.50785 -1.64726e-14)
(-8.09355 -7.43319 -1.65233e-14)
(-7.84055 -7.36226 -1.77627e-14)
(-7.58819 -7.29501 -1.64345e-14)
(-7.33705 -7.23143 -1.70698e-14)
(-7.08774 -7.17147 -1.48914e-14)
(-6.84115 -7.11502 -1.51544e-14)
(-6.59855 -7.06196 -1.54593e-14)
(-6.36119 -7.01166 -1.53696e-14)
(-6.13111 -6.9632 -1.59944e-14)
(-5.91038 -6.92407 -1.60706e-14)
(-5.68499 -6.88109 -1.52952e-14)
(-5.46815 -6.84046 -1.47469e-14)
(-5.26115 -6.80492 -1.54514e-14)
(-5.06143 -6.77273 -1.39995e-14)
(-4.8687 -6.74341 -1.41775e-14)
(-4.68331 -6.71709 -1.44441e-14)
(-4.5055 -6.69378 -1.41623e-14)
(-4.33446 -6.67464 -1.44693e-14)
(-4.16858 -6.66169 -1.37473e-14)
(-4.00754 -6.63223 -1.39391e-14)
(-3.86197 -6.60928 -1.35848e-14)
(-3.74642 -6.61489 -1.52567e-14)
(-3.66117 -6.63327 -1.53807e-14)
(-3.60183 -6.66142 -1.4916e-14)
(-3.56345 -6.69918 -1.49614e-14)
(-3.54424 -6.74213 -1.46087e-14)
(-3.5455 -6.78697 -1.47275e-14)
(-3.56761 -6.83625 -1.56184e-14)
(-3.61 -6.88919 -1.54465e-14)
(-3.67178 -6.94503 -1.52247e-14)
(-3.75215 -7.00325 -1.61909e-14)
(-3.85046 -7.06343 -1.50264e-14)
(-3.96611 -7.12521 -1.48021e-14)
(-4.09848 -7.18823 -1.54849e-14)
(-4.2469 -7.25211 -1.57504e-14)
(-4.41068 -7.31648 -1.60575e-14)
(-4.58907 -7.38096 -1.45262e-14)
(-4.78126 -7.44518 -1.40985e-14)
(-4.98639 -7.50872 -1.40874e-14)
(-5.20354 -7.57119 -1.57078e-14)
(-5.43174 -7.63219 -1.56113e-14)
(-5.66997 -7.69131 -1.38715e-14)
(-5.91717 -7.74815 -1.38748e-14)
(-6.17225 -7.80231 -1.34304e-14)
(-6.43407 -7.85343 -1.32373e-14)
(-6.70147 -7.90112 -1.44549e-14)
(-6.97329 -7.94505 -1.4914e-14)
(-7.24834 -7.98486 -1.46816e-14)
(-7.52547 -8.02026 -1.44909e-14)
(-7.8035 -8.05092 -1.57554e-14)
(-8.08129 -8.07656 -1.62914e-14)
(-8.3577 -8.09687 -1.5748e-14)
(-8.6316 -8.11162 -1.56718e-14)
(-8.90179 -8.12055 -1.5155e-14)
(-9.16704 -8.12351 -1.4703e-14)
(-9.42598 -8.12046 -1.6234e-14)
(-9.67724 -8.11147 -1.53331e-14)
(-9.91956 -8.09676 -1.51359e-14)
(-10.1521 -8.07653 -1.62512e-14)
(-10.3745 -8.05093 -1.67025e-14)
(-10.5875 -8.01983 -1.61228e-14)
(-10.7923 -7.98281 -1.66819e-14)
(-10.9902 -7.93918 -1.47054e-14)
(-11.1825 -7.88801 -1.37771e-14)
(-11.3697 -7.828 -1.53045e-14)
(-11.5489 -7.75796 -1.46328e-14)
(-11.7237 -7.68311 -1.50135e-14)
(-11.8938 -7.60387 -1.66192e-14)
(-12.0529 -7.50923 -1.50029e-14)
(-12.2026 -7.40363 -1.43647e-14)
(-12.3409 -7.28709 -1.20131e-14)
(-12.4643 -7.15865 -1.46948e-14)
(-12.5689 -7.01649 -1.25628e-14)
(-12.6513 -6.86067 -1.40591e-14)
(-12.7054 -6.69511 -1.57428e-14)
(-12.7266 -6.51639 -1.35859e-14)
(-12.71 -6.32682 -1.53966e-14)
(-12.6519 -6.12826 -1.65671e-14)
(-12.5495 -5.92256 -1.68509e-14)
(-12.4018 -5.71217 -1.38977e-14)
(-12.2088 -5.49854 -1.42379e-14)
(-11.9735 -5.28464 -1.35153e-14)
(-11.6987 -5.07141 -1.54323e-14)
(-11.3898 -4.86014 -1.15827e-14)
(-11.0521 -4.65218 -1.2385e-14)
(-10.6911 -4.44845 -1.28672e-14)
(-10.3123 -4.24972 -1.30419e-14)
(-9.92044 -4.05666 -1.36892e-14)
(-9.52004 -3.86988 -1.33846e-14)
(-9.11497 -3.68999 -1.25432e-14)
(-8.70862 -3.51755 -1.30163e-14)
(-8.3039 -3.35308 -1.31224e-14)
(-7.9033 -3.19705 -1.19008e-14)
(-7.50897 -3.04988 -1.36402e-14)
(-7.1227 -2.91191 -1.43733e-14)
(-6.74601 -2.78337 -1.26394e-14)
(-6.3801 -2.66445 -1.19883e-14)
(-6.02595 -2.55523 -1.29909e-14)
(-5.68431 -2.45571 -1.15842e-14)
(-5.35573 -2.36582 -1.18632e-14)
(-5.04057 -2.2854 -1.22025e-14)
(-4.7391 -2.21426 -1.17194e-14)
(-4.45142 -2.15214 -1.12069e-14)
(-4.17758 -2.09871 -9.70708e-15)
(-3.91754 -2.05365 -1.05532e-14)
(-3.6712 -2.01659 -9.86855e-15)
(-3.43841 -1.98713 -8.95539e-15)
(-3.21901 -1.96489 -1.07191e-14)
(-3.01279 -1.94946 -9.92903e-15)
(-2.81957 -1.94047 -1.08854e-14)
(-2.63916 -1.93751 -1.23954e-14)
(-2.47148 -1.94017 -1.33891e-14)
(-2.31655 -1.9479 -1.27829e-14)
(-2.17479 -1.96004 -1.11632e-14)
(-2.04681 -1.97592 -1.0128e-14)
(-1.93236 -1.9927 -1.07466e-14)
(-1.83482 -2.0176 -1.23164e-14)
(-1.73697 -2.03955 -1.1296e-14)
(-1.6529 -2.06634 -1.07121e-14)
(-1.58243 -2.09575 -1.17745e-14)
(-1.52331 -2.12643 -1.24758e-14)
(-1.47515 -2.1584 -1.1482e-14)
(-1.43747 -2.19135 -1.16851e-14)
(-1.41027 -2.22524 -9.51488e-15)
)
;
    }
    inlet
    {
        type            calculated;
        value           uniform (0 0 0);
    }
    rWedge
    {
        type            wedge;
    }
    lWedge
    {
        type            wedge;
    }
    outlet
    {
        type            calculated;
        value           nonuniform 0();
    }
    procBoundary2to0
    {
        type            processor;
        value           uniform (0 0 0);
    }
    procBoundary2to1
    {
        type            processor;
        value           uniform (0 0 0);
    }
    procBoundary2to3
    {
        type            processor;
        value           uniform (0 0 0);
    }
}


// ************************************************************************* //
