/*--------------------------------*- C++ -*----------------------------------*\
| =========                 |                                                 |
| \\      /  F ield         | OpenFOAM: The Open Source CFD Toolbox           |
|  \\    /   O peration     | Version:  v1706                                 |
|   \\  /    A nd           | Web:      www.OpenFOAM.com                      |
|    \\/     M anipulation  |                                                 |
\*---------------------------------------------------------------------------*/
FoamFile
{
    version     2.0;
    format      ascii;
    class       volVectorField;
    location    "3.8e-05";
    object      wallShearStress;
}
// * * * * * * * * * * * * * * * * * * * * * * * * * * * * * * * * * * * * * //

dimensions      [1 -1 -2 0 0 0 0];


internalField   uniform (0 0 0);

boundaryField
{
    cone
    {
        type            calculated;
        value           nonuniform List<vector> 
147
(
(-0.64531 -1.97528 -1.05526e-12)
(-0.665821 -3.01717 -1.4538e-12)
(-0.719603 -4.23022 -2.36525e-12)
(-0.771659 -5.38474 -2.88561e-12)
(-0.844943 -6.58817 -3.43048e-12)
(-0.927717 -7.7655 -3.83508e-12)
(-1.02688 -8.95837 -4.26519e-12)
(-1.13819 -10.1409 -4.62945e-12)
(-1.26416 -11.3259 -5.042e-12)
(-1.40331 -12.5057 -5.24261e-12)
(-1.55641 -13.6835 -5.47234e-12)
(-1.72297 -14.8572 -5.6654e-12)
(-1.90317 -16.0273 -5.80651e-12)
(-2.09683 -17.1932 -5.87529e-12)
(-2.30392 -18.3546 -5.87e-12)
(-2.52436 -19.5113 -5.87144e-12)
(-2.75805 -20.6631 -5.86188e-12)
(-3.00492 -21.8095 -5.85201e-12)
(-3.26485 -22.9504 -5.76239e-12)
(-3.53776 -24.0854 -5.69801e-12)
(-3.82353 -25.2142 -5.6233e-12)
(-4.12205 -26.3366 -5.50502e-12)
(-4.4332 -27.4522 -5.36525e-12)
(-4.75684 -28.5607 -5.24994e-12)
(-5.09286 -29.6617 -5.10195e-12)
(-5.44112 -30.7551 -4.96762e-12)
(-5.80147 -31.8405 -4.81303e-12)
(-6.17376 -32.9175 -4.66737e-12)
(-6.55785 -33.9859 -4.5079e-12)
(-6.95361 -35.0454 -4.34126e-12)
(-7.36153 -36.0954 -4.20479e-12)
(-7.78167 -37.1351 -4.0607e-12)
(-8.21165 -38.1658 -3.90975e-12)
(-8.65245 -39.1866 -3.77362e-12)
(-9.10404 -40.197 -3.62227e-12)
(-9.5662 -41.1969 -3.49809e-12)
(-10.0388 -42.186 -3.36263e-12)
(-10.5216 -43.1639 -3.21676e-12)
(-11.0144 -44.1304 -3.08886e-12)
(-11.517 -45.0854 -2.9507e-12)
(-12.0293 -46.0285 -2.84086e-12)
(-12.551 -46.9595 -2.75668e-12)
(-13.082 -47.878 -2.64982e-12)
(-13.6222 -48.7835 -2.52379e-12)
(-14.171 -49.6767 -2.41873e-12)
(-14.7282 -50.557 -2.32852e-12)
(-15.2937 -51.4243 -2.24736e-12)
(-15.8673 -52.2781 -2.15555e-12)
(-16.4488 -53.1184 -2.06194e-12)
(-17.0381 -53.945 -1.97145e-12)
(-17.6347 -54.7577 -1.90233e-12)
(-18.2384 -55.5561 -1.82757e-12)
(-18.8494 -56.3404 -1.75991e-12)
(-19.4664 -57.1106 -1.68398e-12)
(-20.0888 -57.8666 -1.61577e-12)
(-20.715 -58.6086 -1.55233e-12)
(-21.344 -59.3377 -1.50466e-12)
(-21.984 -60.0487 -1.43695e-12)
(-22.631 -60.743 -1.39416e-12)
(-23.2831 -61.4218 -1.33476e-12)
(-23.94 -62.0852 -1.2809e-12)
(-24.6014 -62.7332 -1.23701e-12)
(-25.2672 -63.3654 -1.20305e-12)
(-25.9371 -63.9819 -1.16727e-12)
(-26.6108 -64.5825 -1.1143e-12)
(-27.2882 -65.1673 -1.06551e-12)
(-27.9689 -65.7359 -1.02828e-12)
(-28.6526 -66.2884 -9.82588e-13)
(-29.3391 -66.8246 -9.52858e-13)
(-30.0281 -67.3446 -9.10264e-13)
(-30.7194 -67.8482 -8.95107e-13)
(-31.4127 -68.3353 -8.70565e-13)
(-32.1077 -68.8059 -8.46248e-13)
(-32.8042 -69.26 -7.98027e-13)
(-33.5018 -69.6975 -7.78504e-13)
(-34.2005 -70.1184 -7.42053e-13)
(-34.8997 -70.5227 -7.14307e-13)
(-35.5994 -70.9103 -6.89505e-13)
(-36.2992 -71.2812 -6.68844e-13)
(-36.9988 -71.6353 -6.42025e-13)
(-37.698 -71.9726 -6.2004e-13)
(-38.3966 -72.2932 -6.05236e-13)
(-39.0942 -72.5972 -5.83269e-13)
(-39.7907 -72.8845 -5.69493e-13)
(-40.4858 -73.1551 -5.40121e-13)
(-41.1792 -73.4091 -5.28105e-13)
(-41.8706 -73.6463 -5.09374e-13)
(-42.5598 -73.8671 -4.98312e-13)
(-43.2465 -74.0712 -4.81169e-13)
(-43.9307 -74.2589 -4.72258e-13)
(-44.6115 -74.43 -4.54358e-13)
(-45.2895 -74.5846 -4.40221e-13)
(-45.964 -74.723 -4.22252e-13)
(-46.6347 -74.8453 -4.07204e-13)
(-47.3015 -74.9514 -3.91155e-13)
(-47.9642 -75.0414 -3.85939e-13)
(-48.6225 -75.1153 -3.69681e-13)
(-49.2762 -75.1733 -3.6614e-13)
(-49.9248 -75.2152 -3.53568e-13)
(-50.5685 -75.2413 -3.40831e-13)
(-51.2067 -75.2521 -3.31947e-13)
(-51.8394 -75.2474 -3.19221e-13)
(-52.4664 -75.2273 -3.20053e-13)
(-53.0874 -75.1919 -3.00653e-13)
(-53.7023 -75.1413 -2.89154e-13)
(-54.3107 -75.0756 -2.88324e-13)
(-54.9126 -74.995 -2.79768e-13)
(-55.5078 -74.8997 -2.67538e-13)
(-56.0958 -74.7894 -2.70236e-13)
(-56.6767 -74.6647 -2.59987e-13)
(-57.2503 -74.526 -2.46261e-13)
(-57.8163 -74.3733 -2.42076e-13)
(-58.3747 -74.2065 -2.41514e-13)
(-58.9251 -74.0259 -2.30783e-13)
(-59.4676 -73.8316 -2.28204e-13)
(-60.0018 -73.6239 -2.16499e-13)
(-60.5277 -73.4028 -2.16059e-13)
(-61.0451 -73.1685 -2.02004e-13)
(-61.5538 -72.9213 -1.93343e-13)
(-62.0536 -72.6613 -1.92501e-13)
(-62.5446 -72.3888 -1.8599e-13)
(-63.0264 -72.1039 -1.82517e-13)
(-63.499 -71.8068 -1.82841e-13)
(-63.9622 -71.4978 -1.74519e-13)
(-64.4159 -71.1769 -1.65674e-13)
(-64.86 -70.8445 -1.67202e-13)
(-65.2944 -70.5007 -1.60249e-13)
(-65.719 -70.1458 -1.53617e-13)
(-66.1336 -69.7799 -1.49168e-13)
(-66.5382 -69.4032 -1.4276e-13)
(-66.9326 -69.0161 -1.42227e-13)
(-67.3169 -68.6187 -1.34245e-13)
(-67.6908 -68.2112 -1.33483e-13)
(-68.0544 -67.7938 -1.2545e-13)
(-68.4074 -67.3668 -1.2453e-13)
(-68.75 -66.9303 -1.18413e-13)
(-69.0819 -66.4848 -1.19312e-13)
(-69.4032 -66.0302 -1.14553e-13)
(-69.7139 -65.5669 -1.11106e-13)
(-70.014 -65.0951 -1.09388e-13)
(-70.3039 -64.6151 -1.084e-13)
(-70.5835 -64.1276 -1.05292e-13)
(-70.8527 -63.6332 -1.0396e-13)
(-71.1112 -63.1318 -1.01152e-13)
(-71.3574 -62.6233 -9.61557e-14)
(-71.5924 -62.1064 -9.46536e-14)
(-0.704239 -0.961934 -4.19517e-13)
)
;
    }
    inlet
    {
        type            calculated;
        value           uniform (0 0 0);
    }
    rWedge
    {
        type            wedge;
    }
    lWedge
    {
        type            wedge;
    }
    outlet
    {
        type            calculated;
        value           nonuniform 0();
    }
    procBoundary3to2
    {
        type            processor;
        value           uniform (0 0 0);
    }
}


// ************************************************************************* //
