/*--------------------------------*- C++ -*----------------------------------*\
| =========                 |                                                 |
| \\      /  F ield         | OpenFOAM: The Open Source CFD Toolbox           |
|  \\    /   O peration     | Version:  v1706                                 |
|   \\  /    A nd           | Web:      www.OpenFOAM.com                      |
|    \\/     M anipulation  |                                                 |
\*---------------------------------------------------------------------------*/
FoamFile
{
    version     2.0;
    format      ascii;
    class       volVectorField;
    location    "1.9e-05";
    object      wallShearStress;
}
// * * * * * * * * * * * * * * * * * * * * * * * * * * * * * * * * * * * * * //

dimensions      [1 -1 -2 0 0 0 0];


internalField   uniform (0 0 0);

boundaryField
{
    cone
    {
        type            calculated;
        value           nonuniform List<vector> 
147
(
(4.29899 -5.3916 -2.95729e-12)
(4.42721 -8.20736 -3.9168e-12)
(4.34674 -11.4352 -6.16877e-12)
(4.22246 -14.5556 -7.40905e-12)
(4.03313 -17.8009 -8.57704e-12)
(3.81341 -20.9614 -9.60248e-12)
(3.54271 -24.1854 -1.0584e-11)
(3.24133 -27.3557 -1.14391e-11)
(2.89429 -30.5539 -1.20738e-11)
(2.51435 -33.7193 -1.24211e-11)
(2.09241 -36.8918 -1.28924e-11)
(1.63575 -40.0428 -1.32505e-11)
(1.13955 -43.1898 -1.337e-11)
(0.607643 -46.3201 -1.333e-11)
(0.0378406 -49.4405 -1.3344e-11)
(-0.567974 -52.5456 -1.32168e-11)
(-1.2106 -55.6373 -1.30836e-11)
(-1.88906 -58.7132 -1.28355e-11)
(-2.6035 -61.7735 -1.26102e-11)
(-3.35331 -64.8168 -1.23238e-11)
(-4.13836 -67.8425 -1.19841e-11)
(-4.96119 -70.8482 -1.1674e-11)
(-5.82045 -73.8332 -1.1236e-11)
(-6.70991 -76.7993 -1.09131e-11)
(-7.63306 -79.7452 -1.05035e-11)
(-8.5895 -82.669 -1.01461e-11)
(-9.57893 -85.5702 -9.74044e-12)
(-10.6009 -88.4478 -9.38346e-12)
(-11.6549 -91.301 -8.99278e-12)
(-12.7406 -94.129 -8.60989e-12)
(-13.8574 -96.931 -8.28683e-12)
(-15.0049 -99.7062 -7.91105e-12)
(-16.1825 -102.454 -7.54089e-12)
(-17.3898 -105.173 -7.2646e-12)
(-18.6263 -107.863 -6.90964e-12)
(-19.8914 -110.524 -6.63717e-12)
(-21.1846 -113.154 -6.34387e-12)
(-22.5052 -115.752 -6.01389e-12)
(-23.8529 -118.319 -5.72358e-12)
(-25.2271 -120.851 -5.4425e-12)
(-26.6269 -123.351 -5.19637e-12)
(-28.0517 -125.818 -5.02768e-12)
(-29.5012 -128.251 -4.8017e-12)
(-30.9745 -130.648 -4.53838e-12)
(-32.471 -133.01 -4.32873e-12)
(-33.9903 -135.336 -4.15422e-12)
(-35.5315 -137.625 -3.9924e-12)
(-37.094 -139.876 -3.817e-12)
(-38.6772 -142.089 -3.62695e-12)
(-40.2804 -144.265 -3.42334e-12)
(-41.9029 -146.401 -3.29164e-12)
(-43.544 -148.498 -3.15615e-12)
(-45.2029 -150.554 -3.02404e-12)
(-46.8791 -152.571 -2.87258e-12)
(-48.5718 -154.547 -2.74561e-12)
(-50.2802 -156.481 -2.62324e-12)
(-52.0037 -158.374 -2.52125e-12)
(-53.7415 -160.225 -2.37815e-12)
(-55.4923 -162.033 -2.29769e-12)
(-57.2564 -163.799 -2.18494e-12)
(-59.0327 -165.521 -2.08665e-12)
(-60.8203 -167.201 -2.01047e-12)
(-62.6186 -168.837 -1.95488e-12)
(-64.4268 -170.429 -1.88081e-12)
(-66.244 -171.977 -1.78152e-12)
(-68.0696 -173.48 -1.69106e-12)
(-69.9028 -174.939 -1.63379e-12)
(-71.7428 -176.353 -1.54145e-12)
(-73.5889 -177.722 -1.49217e-12)
(-75.4403 -179.045 -1.40069e-12)
(-77.2962 -180.323 -1.38708e-12)
(-79.1557 -181.556 -1.35233e-12)
(-81.0184 -182.743 -1.31885e-12)
(-82.8835 -183.884 -1.2159e-12)
(-84.7498 -184.979 -1.19097e-12)
(-86.617 -186.028 -1.12058e-12)
(-88.4842 -187.032 -1.07032e-12)
(-90.3503 -187.989 -1.02053e-12)
(-92.2151 -188.9 -9.83147e-13)
(-94.0778 -189.765 -9.37763e-13)
(-95.9374 -190.584 -8.99722e-13)
(-97.7929 -191.357 -8.77309e-13)
(-99.6443 -192.084 -8.36061e-13)
(-101.49 -192.766 -8.10151e-13)
(-103.33 -193.401 -7.54128e-13)
(-105.164 -193.991 -7.31639e-13)
(-106.989 -194.534 -7.02616e-13)
(-108.807 -195.033 -6.84548e-13)
(-110.616 -195.486 -6.48228e-13)
(-112.416 -195.894 -6.41628e-13)
(-114.205 -196.258 -6.09368e-13)
(-115.984 -196.577 -5.82771e-13)
(-117.751 -196.851 -5.52173e-13)
(-119.506 -197.081 -5.29834e-13)
(-121.247 -197.266 -5.03167e-13)
(-122.976 -197.409 -5.02303e-13)
(-124.69 -197.508 -4.73492e-13)
(-126.389 -197.563 -4.70415e-13)
(-128.073 -197.576 -4.48977e-13)
(-129.742 -197.547 -4.24445e-13)
(-131.393 -197.475 -4.12934e-13)
(-133.026 -197.362 -3.87525e-13)
(-134.642 -197.206 -4.04433e-13)
(-136.241 -197.009 -3.62813e-13)
(-137.818 -196.773 -3.42261e-13)
(-139.376 -196.496 -3.47772e-13)
(-140.915 -196.179 -3.38254e-13)
(-142.433 -195.822 -3.12203e-13)
(-143.932 -195.427 -3.27687e-13)
(-145.408 -194.994 -3.11597e-13)
(-146.862 -194.522 -2.88287e-13)
(-148.292 -194.012 -2.7913e-13)
(-149.697 -193.469 -2.88744e-13)
(-151.082 -192.888 -2.69371e-13)
(-152.443 -192.269 -2.68699e-13)
(-153.773 -191.623 -2.45655e-13)
(-155.079 -190.943 -2.48372e-13)
(-156.366 -190.221 -2.18468e-13)
(-157.63 -189.463 -2.01944e-13)
(-158.868 -188.671 -2.07518e-13)
(-160.079 -187.847 -1.96794e-13)
(-161.265 -186.991 -1.89988e-13)
(-162.424 -186.103 -1.93269e-13)
(-163.555 -185.185 -1.77232e-13)
(-164.659 -184.235 -1.61675e-13)
(-165.735 -183.256 -1.68809e-13)
(-166.784 -182.248 -1.57637e-13)
(-167.804 -181.211 -1.45672e-13)
(-168.795 -180.147 -1.34685e-13)
(-169.758 -179.054 -1.23255e-13)
(-170.692 -177.936 -1.31315e-13)
(-171.597 -176.791 -1.11355e-13)
(-172.472 -175.62 -1.13596e-13)
(-173.318 -174.425 -9.92781e-14)
(-174.134 -173.205 -1.01122e-13)
(-174.92 -171.961 -8.96394e-14)
(-175.676 -170.695 -9.55367e-14)
(-176.402 -169.406 -8.60495e-14)
(-177.097 -168.095 -8.21289e-14)
(-177.762 -166.763 -7.99925e-14)
(-178.399 -165.41 -8.17274e-14)
(-179.007 -164.04 -7.86598e-14)
(-179.594 -162.656 -7.64095e-14)
(-180.155 -161.261 -7.42235e-14)
(-180.682 -159.851 -6.43013e-14)
(-181.176 -158.419 -6.68088e-14)
(3.82263 -2.77672 -1.36496e-12)
)
;
    }
    inlet
    {
        type            calculated;
        value           uniform (0 0 0);
    }
    rWedge
    {
        type            wedge;
    }
    lWedge
    {
        type            wedge;
    }
    outlet
    {
        type            calculated;
        value           nonuniform 0();
    }
    procBoundary3to2
    {
        type            processor;
        value           uniform (0 0 0);
    }
}


// ************************************************************************* //
