/*--------------------------------*- C++ -*----------------------------------*\
| =========                 |                                                 |
| \\      /  F ield         | OpenFOAM: The Open Source CFD Toolbox           |
|  \\    /   O peration     | Version:  v1706                                 |
|   \\  /    A nd           | Web:      www.OpenFOAM.com                      |
|    \\/     M anipulation  |                                                 |
\*---------------------------------------------------------------------------*/
FoamFile
{
    version     2.0;
    format      ascii;
    class       volVectorField;
    location    "2e-05";
    object      wallShearStress;
}
// * * * * * * * * * * * * * * * * * * * * * * * * * * * * * * * * * * * * * //

dimensions      [1 -1 -2 0 0 0 0];


internalField   uniform (0 0 0);

boundaryField
{
    cone
    {
        type            calculated;
        value           nonuniform List<vector> 
153
(
(-12.7753 -10.5367 -1.11256e-14)
(-12.7381 -10.3852 -1.00467e-14)
(-12.6952 -10.2315 -1.03898e-14)
(-12.6465 -10.0756 -1.08388e-14)
(-12.5917 -9.91764 -1.00456e-14)
(-12.5308 -9.75764 -9.70492e-15)
(-12.4637 -9.59578 -1.0845e-14)
(-12.3902 -9.4322 -9.56276e-15)
(-12.3102 -9.26705 -9.55447e-15)
(-12.2236 -9.1005 -9.64503e-15)
(-12.1304 -8.93276 -1.01609e-14)
(-12.0305 -8.76401 -1.00816e-14)
(-11.9237 -8.59449 -1.05869e-14)
(-11.81 -8.42444 -1.01166e-14)
(-11.6895 -8.25411 -9.37858e-15)
(-11.5619 -8.08378 -9.48806e-15)
(-11.4274 -7.91373 -9.96807e-15)
(-11.2859 -7.74427 -9.05246e-15)
(-11.1373 -7.57572 -9.24873e-15)
(-10.9818 -7.40837 -9.65999e-15)
(-10.8195 -7.24252 -8.96346e-15)
(-10.6503 -7.07844 -8.84995e-15)
(-10.4746 -6.91626 -7.75516e-15)
(-10.2926 -6.75599 -7.60527e-15)
(-10.1032 -6.59841 -7.75216e-15)
(-9.90267 -6.44443 -7.46847e-15)
(-9.69962 -6.2938 -8.86828e-15)
(-9.49168 -6.1503 -8.79878e-15)
(-9.27795 -6.01238 -8.16333e-15)
(-9.05884 -5.87931 -8.33555e-15)
(-8.83481 -5.751 -9.03844e-15)
(-8.60655 -5.62715 -8.21893e-15)
(-8.37342 -5.50976 -8.65925e-15)
(-8.13613 -5.39883 -7.44135e-15)
(-7.89524 -5.29449 -7.83358e-15)
(-7.65135 -5.19696 -7.93273e-15)
(-7.40509 -5.10645 -7.80148e-15)
(-7.15719 -5.02316 -8.21001e-15)
(-6.90846 -4.94722 -8.26253e-15)
(-6.65978 -4.87871 -7.8e-15)
(-6.41212 -4.81771 -7.52813e-15)
(-6.16646 -4.76417 -8.1222e-15)
(-5.92379 -4.71795 -7.24417e-15)
(-5.68516 -4.67941 -7.35727e-15)
(-5.45037 -4.64853 -7.44744e-15)
(-5.2217 -4.62954 -7.3855e-15)
(-4.98886 -4.61289 -7.60914e-15)
(-4.7656 -4.61111 -7.15992e-15)
(-4.55222 -4.59454 -7.17664e-15)
(-4.351 -4.58026 -6.89805e-15)
(-4.1698 -4.59579 -8.00626e-15)
(-4.01345 -4.62637 -8.14336e-15)
(-3.8831 -4.66523 -7.91588e-15)
(-3.78013 -4.70915 -7.80837e-15)
(-3.70499 -4.75721 -7.61125e-15)
(-3.65459 -4.80916 -7.67865e-15)
(-3.62819 -4.864 -8.2282e-15)
(-3.62597 -4.91565 -8.02481e-15)
(-3.64916 -4.96639 -7.92638e-15)
(-3.69858 -5.01417 -8.56377e-15)
(-3.77404 -5.0575 -7.82132e-15)
(-3.87508 -5.09509 -7.62554e-15)
(-4.00124 -5.12572 -7.92217e-15)
(-4.15221 -5.14808 -8.10471e-15)
(-4.32752 -5.16099 -8.18184e-15)
(-4.52253 -5.16561 -7.3312e-15)
(-4.7364 -5.15798 -7.18458e-15)
(-4.96869 -5.13513 -7.20036e-15)
(-5.21707 -5.0966 -8.01284e-15)
(-5.4788 -5.04168 -7.86364e-15)
(-5.75069 -4.9695 -6.96179e-15)
(-6.02962 -4.87955 -6.82498e-15)
(-6.31057 -4.77293 -6.54396e-15)
(-6.58698 -4.64106 -6.37865e-15)
(-6.86355 -4.49529 -7.18293e-15)
(-7.13274 -4.33785 -7.61809e-15)
(-7.37835 -4.16 -7.52261e-15)
(-7.60105 -3.96685 -7.30526e-15)
(-7.79647 -3.76215 -7.79458e-15)
(-7.95836 -3.54831 -8.0749e-15)
(-8.08295 -3.31811 -7.39069e-15)
(-8.1689 -3.09562 -7.24878e-15)
(-8.20922 -2.87854 -6.71023e-15)
(-8.19868 -2.66634 -6.49323e-15)
(-8.13701 -2.46093 -7.08598e-15)
(-8.02584 -2.2632 -6.70555e-15)
(-7.86481 -2.08044 -6.49453e-15)
(-7.65478 -1.91774 -6.8736e-15)
(-7.39878 -1.77699 -6.90826e-15)
(-7.10069 -1.65973 -6.50628e-15)
(-6.76525 -1.56688 -6.46449e-15)
(-6.39764 -1.49895 -5.64593e-15)
(-6.00355 -1.45561 -5.22439e-15)
(-5.58879 -1.43597 -5.72089e-15)
(-5.15917 -1.43868 -5.44713e-15)
(-4.72027 -1.46196 -5.83387e-15)
(-4.27737 -1.50378 -6.29766e-15)
(-3.83527 -1.56193 -5.64408e-15)
(-3.39827 -1.63414 -5.19132e-15)
(-2.97011 -1.71815 -4.2756e-15)
(-2.55397 -1.81181 -5.30416e-15)
(-2.15251 -1.91306 -4.48251e-15)
(-1.76789 -2.02001 -5.00284e-15)
(-1.40172 -2.13097 -5.34316e-15)
(-1.05515 -2.24408 -4.45285e-15)
(-0.729831 -2.35826 -5.13479e-15)
(-0.424761 -2.47377 -5.64977e-15)
(-0.142846 -2.59329 -5.79494e-15)
(0.127787 -2.70126 -5.01551e-15)
(0.370476 -2.81086 -5.24034e-15)
(0.59138 -2.91945 -5.07569e-15)
(0.792079 -3.02492 -5.77748e-15)
(0.972652 -3.12715 -4.28734e-15)
(1.13312 -3.22574 -4.59027e-15)
(1.27319 -3.32278 -5.03903e-15)
(1.39527 -3.41514 -5.24261e-15)
(1.49788 -3.5047 -5.74505e-15)
(1.58126 -3.59114 -5.78611e-15)
(1.64589 -3.6747 -5.43823e-15)
(1.69276 -3.7565 -5.79301e-15)
(1.72114 -3.83382 -6.03271e-15)
(1.73144 -3.90854 -5.55746e-15)
(1.72343 -3.98081 -6.79193e-15)
(1.69679 -4.05011 -7.21844e-15)
(1.6513 -4.1163 -6.55014e-15)
(1.58663 -4.17904 -6.21789e-15)
(1.50229 -4.23699 -7.06888e-15)
(1.39776 -4.2873 -6.42225e-15)
(1.27252 -4.33239 -6.80506e-15)
(1.12582 -4.37289 -7.11722e-15)
(0.956946 -4.40852 -7.11182e-15)
(0.765146 -4.43888 -6.97926e-15)
(0.549591 -4.46349 -5.99156e-15)
(0.309328 -4.48175 -6.64727e-15)
(0.0426673 -4.49261 -6.33113e-15)
(-0.251659 -4.4923 -5.68855e-15)
(-0.571068 -4.4828 -6.95056e-15)
(-0.915577 -4.46259 -6.42552e-15)
(-1.28443 -4.43073 -7.1706e-15)
(-1.67601 -4.38725 -8.4744e-15)
(-2.08416 -4.33382 -9.3695e-15)
(-2.50072 -4.26605 -8.95634e-15)
(-2.92137 -4.17929 -7.97646e-15)
(-3.33724 -4.0756 -7.18408e-15)
(-3.73472 -3.95749 -7.71296e-15)
(-4.10231 -3.81722 -8.83949e-15)
(-4.43322 -3.66408 -8.1129e-15)
(-4.73053 -3.51881 -7.74409e-15)
(-4.94713 -3.36256 -8.46459e-15)
(-5.08806 -3.2031 -8.97487e-15)
(-5.1585 -3.04706 -8.29641e-15)
(-5.15722 -2.90342 -8.39733e-15)
(-5.08161 -2.77393 -6.65162e-15)
)
;
    }
    inlet
    {
        type            calculated;
        value           uniform (0 0 0);
    }
    rWedge
    {
        type            wedge;
    }
    lWedge
    {
        type            wedge;
    }
    outlet
    {
        type            calculated;
        value           nonuniform 0();
    }
    procBoundary2to0
    {
        type            processor;
        value           uniform (0 0 0);
    }
    procBoundary2to1
    {
        type            processor;
        value           uniform (0 0 0);
    }
    procBoundary2to3
    {
        type            processor;
        value           uniform (0 0 0);
    }
}


// ************************************************************************* //
