/*--------------------------------*- C++ -*----------------------------------*\
| =========                 |                                                 |
| \\      /  F ield         | OpenFOAM: The Open Source CFD Toolbox           |
|  \\    /   O peration     | Version:  v1706                                 |
|   \\  /    A nd           | Web:      www.OpenFOAM.com                      |
|    \\/     M anipulation  |                                                 |
\*---------------------------------------------------------------------------*/
FoamFile
{
    version     2.0;
    format      ascii;
    class       volVectorField;
    location    "3.4e-05";
    object      wallShearStress;
}
// * * * * * * * * * * * * * * * * * * * * * * * * * * * * * * * * * * * * * //

dimensions      [1 -1 -2 0 0 0 0];


internalField   uniform (0 0 0);

boundaryField
{
    cone
    {
        type            calculated;
        value           nonuniform List<vector> 
181
(
(-5.0569 -2.62054 -3.12194e-15)
(-5.1656 -2.61675 -2.82999e-15)
(-5.27652 -2.60817 -2.60232e-15)
(-5.38774 -2.59443 -3.42806e-15)
(-5.49798 -2.57492 -3.29928e-15)
(-5.60261 -2.54938 -3.50041e-15)
(-5.70594 -2.52409 -3.80707e-15)
(-5.79978 -2.49286 -4.21169e-15)
(-5.88439 -2.45683 -4.10009e-15)
(-5.95947 -2.41807 -3.57855e-15)
(-6.02415 -2.37729 -4.04445e-15)
(-6.0779 -2.33518 -3.92141e-15)
(-6.1207 -2.29263 -4.31396e-15)
(-6.15295 -2.25034 -3.90605e-15)
(-6.17588 -2.20901 -3.77865e-15)
(-6.1901 -2.17112 -3.64663e-15)
(-6.19729 -2.13625 -4.07905e-15)
(-6.19937 -2.10573 -4.03287e-15)
(-6.19861 -2.08054 -4.26143e-15)
(-6.19739 -2.06132 -2.8706e-15)
(-6.19873 -2.05112 -2.54404e-15)
(-6.21054 -2.04114 -2.81e-15)
(-6.23009 -2.04058 -3.12914e-15)
(-6.26201 -2.04534 -3.06631e-15)
(-6.31027 -2.05501 -3.43028e-15)
(-6.37859 -2.0682 -3.18436e-15)
(-6.47037 -2.08291 -3.54374e-15)
(-6.58854 -2.09663 -3.77516e-15)
(-6.73546 -2.10632 -4.31833e-15)
(-6.91269 -2.10835 -4.70644e-15)
(-7.12067 -2.09857 -4.21301e-15)
(-7.35824 -2.0723 -3.28757e-15)
(-7.62214 -2.02457 -3.71881e-15)
(-7.9064 -1.95036 -4.24792e-15)
(-8.20174 -1.84508 -2.45093e-15)
(-8.49509 -1.70525 -2.84521e-15)
(-8.76912 -1.52945 -1.71115e-15)
(-9.00262 -1.31797 -2.62317e-15)
(-9.18125 -1.06136 -2.82683e-15)
(-9.27903 -0.779423 -3.43908e-15)
(-9.27764 -0.480176 -2.32115e-15)
(-9.14778 -0.170425 -2.02541e-15)
(-8.8786 0.125196 -1.91472e-15)
(-8.46881 0.389649 -3.26645e-15)
(-7.9336 0.619904 -3.5996e-15)
(-7.29488 0.808713 -2.81051e-15)
(-6.57949 0.952002 -2.96893e-15)
(-5.82386 1.05407 -2.20001e-15)
(-5.06419 1.12146 -2.58513e-15)
(-4.3198 1.14886 -1.88121e-15)
(-3.61023 1.14431 -1.4635e-15)
(-2.94883 1.11564 -1.69135e-15)
(-2.34247 1.06801 -2.28023e-15)
(-1.79466 1.00775 -2.50519e-15)
(-1.30498 0.938846 -2.87527e-15)
(-0.871177 0.864773 -2.70756e-15)
(-0.489832 0.788202 -1.82399e-15)
(-0.156944 0.710851 -1.82054e-15)
(0.132178 0.63349 -1.80871e-15)
(0.382479 0.556896 -2.10663e-15)
(0.598417 0.48198 -2.32455e-15)
(0.784298 0.410174 -2.20658e-15)
(0.939836 0.3358 -2.18209e-15)
(1.07979 0.271132 -1.96405e-15)
(1.19497 0.208761 -2.185e-15)
(1.28961 0.146863 -1.82861e-15)
(1.36839 0.0876129 -1.97522e-15)
(1.43346 0.0311522 -2.67981e-15)
(1.48655 -0.0228615 -1.7908e-15)
(1.52929 -0.0745845 -2.04533e-15)
(1.56304 -0.124033 -2.63843e-15)
(1.58909 -0.172248 -2.28653e-15)
(1.60883 -0.217674 -2.25988e-15)
(1.62287 -0.261217 -2.00533e-15)
(1.6319 -0.303127 -1.89268e-15)
(1.63666 -0.343258 -1.55083e-15)
(1.63765 -0.381575 -1.74729e-15)
(1.63527 -0.418083 -1.73996e-15)
(1.6298 -0.452773 -1.39505e-15)
(1.62146 -0.485622 -2.5546e-15)
(1.61037 -0.516595 -2.80076e-15)
(1.59665 -0.545649 -2.15864e-15)
(1.58034 -0.572734 -2.39477e-15)
(1.56149 -0.597795 -2.4226e-15)
(1.54014 -0.620773 -2.2786e-15)
(1.51632 -0.64161 -2.15016e-15)
(1.4901 -0.660243 -1.96324e-15)
(1.46157 -0.676619 -2.48471e-15)
(1.43084 -0.690683 -2.56861e-15)
(1.39804 -0.702392 -2.31107e-15)
(1.36337 -0.711714 -3.06241e-15)
(1.32703 -0.718619 -3.0256e-15)
(1.28925 -0.7231 -3.36244e-15)
(1.25032 -0.725158 -2.99875e-15)
(1.2105 -0.724811 -3.28948e-15)
(1.17013 -0.722096 -3.18227e-15)
(1.12951 -0.717061 -2.86702e-15)
(1.08899 -0.709773 -2.9332e-15)
(1.0489 -0.700316 -2.13697e-15)
(1.00958 -0.688786 -1.77545e-15)
(0.971381 -0.675292 -2.43134e-15)
(0.934618 -0.659956 -2.63635e-15)
(0.899604 -0.642906 -2.12604e-15)
(0.866626 -0.624274 -2.18527e-15)
(0.835941 -0.604192 -1.31326e-15)
(0.807767 -0.582781 -1.98139e-15)
(0.78228 -0.560158 -1.02621e-15)
(0.759607 -0.53642 -1.58245e-15)
(0.739831 -0.511654 -1.54597e-15)
(0.722989 -0.485891 -1.82533e-15)
(0.708882 -0.45883 -1.54811e-15)
(0.697634 -0.431144 -1.84874e-15)
(0.689001 -0.402374 -1.38118e-15)
(0.682814 -0.372428 -7.91749e-16)
(0.6789 -0.341321 -9.20791e-16)
(0.677047 -0.308994 -9.92024e-16)
(0.677027 -0.275379 -2.29476e-15)
(0.678623 -0.240434 -1.3097e-15)
(0.681632 -0.204148 -3.36355e-15)
(0.685884 -0.166555 -3.23408e-15)
(0.691239 -0.127757 -3.15781e-15)
(0.697595 -0.0879296 -3.38495e-15)
(0.704909 -0.047349 -2.77506e-15)
(0.713213 -0.00626925 -3.15278e-15)
(0.72246 0.0347736 -2.72225e-15)
(0.732936 0.07535 -3.84109e-15)
(0.744691 0.114873 -2.01384e-15)
(0.75785 0.152675 -3.57862e-15)
(0.772541 0.188064 -2.26794e-15)
(0.788895 0.220334 -4.15212e-15)
(0.807038 0.248786 -3.98347e-15)
(0.827056 0.272749 -2.67174e-15)
(0.848967 0.291605 -1.85829e-15)
(0.872704 0.304826 -3.13825e-15)
(0.898102 0.312004 -2.92819e-15)
(0.924895 0.312868 -3.19817e-15)
(0.952708 0.307313 -3.85641e-15)
(0.981067 0.295393 -3.90288e-15)
(1.0094 0.277331 -4.2273e-15)
(1.03706 0.253506 -2.68254e-15)
(1.06332 0.224446 -1.92268e-15)
(1.08741 0.190812 -3.62838e-15)
(1.10863 0.153035 -3.87047e-15)
(1.12609 0.112341 -3.72536e-15)
(1.13885 0.0695396 -2.64144e-15)
(1.14699 0.0252079 -2.63186e-15)
(1.14903 -0.0196779 -2.59405e-15)
(1.14461 -0.0643901 -2.89021e-15)
(1.13327 -0.108092 -4.32437e-15)
(1.11458 -0.150063 -3.57034e-15)
(1.08822 -0.189657 -2.81069e-15)
(1.05398 -0.226295 -1.83913e-15)
(1.01179 -0.259473 -1.12957e-15)
(0.96168 -0.288769 -2.03739e-15)
(0.903816 -0.313834 -1.0568e-15)
(0.838486 -0.334395 -1.36863e-16)
(0.766099 -0.350247 2.47911e-17)
(0.687196 -0.361252 1.8356e-16)
(0.602442 -0.367334 8.82829e-16)
(0.512644 -0.368481 1.67055e-15)
(0.41875 -0.36475 -1.1843e-15)
(0.321863 -0.356271 -1.10264e-14)
(0.223249 -0.343239 -3.81518e-14)
(0.124341 -0.325877 -9.43792e-14)
(0.0267171 -0.304407 -2.03086e-13)
(-0.0680278 -0.279186 -4.09669e-13)
(-0.158312 -0.250938 -7.73714e-13)
(-0.24248 -0.220678 -1.36866e-12)
(-0.318663 -0.189497 -2.30159e-12)
(-0.384698 -0.15866 -3.68604e-12)
(-0.438525 -0.131684 -5.69179e-12)
(-0.475975 -0.1054 -8.50795e-12)
(-0.509381 -0.085895 -1.19544e-11)
(-0.528748 -0.0685915 -1.62892e-11)
(-0.53635 -0.0547661 -2.14385e-11)
(-0.533403 -0.0461724 -2.69554e-11)
(-0.51966 -0.0429894 -3.27105e-11)
(-0.496566 -0.0453241 -3.79698e-11)
(-0.466175 -0.0525967 -4.2205e-11)
(-0.430256 -0.0642109 -4.4944e-11)
(-0.390473 -0.0794891 -4.58493e-11)
)
;
    }
    inlet
    {
        type            calculated;
        value           uniform (0 0 0);
    }
    rWedge
    {
        type            wedge;
    }
    lWedge
    {
        type            wedge;
    }
    outlet
    {
        type            calculated;
        value           nonuniform 0();
    }
    procBoundary1to0
    {
        type            processor;
        value           uniform (0 0 0);
    }
    procBoundary1to2
    {
        type            processor;
        value           uniform (0 0 0);
    }
}


// ************************************************************************* //
