# Force coefficients
# liftDir    : (0.000000e+00 1.000000e+00 0.000000e+00)
# dragDir    : (1.000000e+00 0.000000e+00 0.000000e+00)
# pitchAxis  : (0.000000e+00 0.000000e+00 1.000000e+00)
# magUInf    : 2.764500e+03
# lRef       : 5.000000e-02
# Aref       : 1.966460e-05
# CofR       : (0.000000e+00 0.000000e+00 0.000000e+00)
#            
# Time       	Cm           	Cd           	Cl           	Cl(f)        	Cl(r)        
2.000075131e-05	-6.900571e-01	4.480837e-01	-8.010198e-01	-1.090567e+00	2.895472e-01
2.000150263e-05	-6.900733e-01	4.480922e-01	-8.010348e-01	-1.090591e+00	2.895559e-01
2.000225394e-05	-6.900860e-01	4.480992e-01	-8.010465e-01	-1.090609e+00	2.895627e-01
2.000300526e-05	-6.900982e-01	4.481061e-01	-8.010577e-01	-1.090627e+00	2.895693e-01
2.000375657e-05	-6.901102e-01	4.481129e-01	-8.010688e-01	-1.090645e+00	2.895758e-01
2.000450789e-05	-6.901222e-01	4.481197e-01	-8.010799e-01	-1.090662e+00	2.895823e-01
2.00052592e-05	-6.901343e-01	4.481265e-01	-8.010909e-01	-1.090680e+00	2.895888e-01
2.000601052e-05	-6.901463e-01	4.481333e-01	-8.011020e-01	-1.090697e+00	2.895953e-01
2.000676183e-05	-6.901583e-01	4.481402e-01	-8.011130e-01	-1.090715e+00	2.896018e-01
2.000751315e-05	-6.901704e-01	4.481470e-01	-8.011241e-01	-1.090732e+00	2.896083e-01
2.000826446e-05	-6.901824e-01	4.481538e-01	-8.011352e-01	-1.090750e+00	2.896148e-01
2.000901578e-05	-6.901945e-01	4.481606e-01	-8.011463e-01	-1.090768e+00	2.896214e-01
2.000976709e-05	-6.902066e-01	4.481675e-01	-8.011573e-01	-1.090785e+00	2.896279e-01
2.001051841e-05	-6.902187e-01	4.481743e-01	-8.011684e-01	-1.090803e+00	2.896344e-01
2.001126972e-05	-6.902308e-01	4.481811e-01	-8.011795e-01	-1.090821e+00	2.896410e-01
2.001202104e-05	-6.902429e-01	4.481880e-01	-8.011907e-01	-1.090838e+00	2.896475e-01
2.001277235e-05	-6.902550e-01	4.481948e-01	-8.012018e-01	-1.090856e+00	2.896541e-01
2.001352367e-05	-6.902671e-01	4.482017e-01	-8.012129e-01	-1.090874e+00	2.896607e-01
2.001427498e-05	-6.902793e-01	4.482085e-01	-8.012240e-01	-1.090891e+00	2.896672e-01
2.00150263e-05	-6.902914e-01	4.482154e-01	-8.012352e-01	-1.090909e+00	2.896738e-01
2.001577761e-05	-6.903036e-01	4.482222e-01	-8.012464e-01	-1.090927e+00	2.896804e-01
2.001652893e-05	-6.903158e-01	4.482291e-01	-8.012575e-01	-1.090945e+00	2.896870e-01
2.001728024e-05	-6.903280e-01	4.482360e-01	-8.012687e-01	-1.090962e+00	2.896936e-01
2.001803156e-05	-6.903402e-01	4.482429e-01	-8.012799e-01	-1.090980e+00	2.897002e-01
2.001878287e-05	-6.903524e-01	4.482497e-01	-8.012911e-01	-1.090998e+00	2.897068e-01
2.001953418e-05	-6.903646e-01	4.482566e-01	-8.013023e-01	-1.091016e+00	2.897135e-01
2.00202855e-05	-6.903768e-01	4.482635e-01	-8.013135e-01	-1.091034e+00	2.897201e-01
2.002103681e-05	-6.903891e-01	4.482704e-01	-8.013247e-01	-1.091051e+00	2.897267e-01
2.002178813e-05	-6.904013e-01	4.482773e-01	-8.013359e-01	-1.091069e+00	2.897334e-01
2.002253944e-05	-6.904136e-01	4.482842e-01	-8.013471e-01	-1.091087e+00	2.897400e-01
2.002329076e-05	-6.904259e-01	4.482911e-01	-8.013584e-01	-1.091105e+00	2.897467e-01
2.002404207e-05	-6.904382e-01	4.482980e-01	-8.013696e-01	-1.091123e+00	2.897533e-01
2.002479339e-05	-6.904505e-01	4.483049e-01	-8.013809e-01	-1.091141e+00	2.897600e-01
2.00255447e-05	-6.904628e-01	4.483118e-01	-8.013921e-01	-1.091159e+00	2.897667e-01
2.002629602e-05	-6.904751e-01	4.483188e-01	-8.014034e-01	-1.091177e+00	2.897734e-01
2.002704733e-05	-6.904874e-01	4.483257e-01	-8.014147e-01	-1.091195e+00	2.897801e-01
2.002779865e-05	-6.904998e-01	4.483326e-01	-8.014260e-01	-1.091213e+00	2.897868e-01
2.002854996e-05	-6.905121e-01	4.483396e-01	-8.014373e-01	-1.091231e+00	2.897935e-01
2.002930128e-05	-6.905245e-01	4.483465e-01	-8.014486e-01	-1.091249e+00	2.898002e-01
2.003005259e-05	-6.905369e-01	4.483534e-01	-8.014599e-01	-1.091267e+00	2.898069e-01
2.003080391e-05	-6.905492e-01	4.483604e-01	-8.014712e-01	-1.091285e+00	2.898136e-01
2.003155522e-05	-6.905616e-01	4.483673e-01	-8.014826e-01	-1.091303e+00	2.898204e-01
2.003230654e-05	-6.905741e-01	4.483743e-01	-8.014939e-01	-1.091321e+00	2.898271e-01
2.003305785e-05	-6.905865e-01	4.483812e-01	-8.015052e-01	-1.091339e+00	2.898339e-01
2.003380917e-05	-6.905989e-01	4.483882e-01	-8.015166e-01	-1.091357e+00	2.898406e-01
2.003456048e-05	-6.906113e-01	4.483951e-01	-8.015280e-01	-1.091375e+00	2.898474e-01
2.00353118e-05	-6.906238e-01	4.484021e-01	-8.015393e-01	-1.091393e+00	2.898541e-01
2.003606311e-05	-6.906363e-01	4.484091e-01	-8.015507e-01	-1.091412e+00	2.898609e-01
2.003681443e-05	-6.906487e-01	4.484161e-01	-8.015621e-01	-1.091430e+00	2.898677e-01
2.003756574e-05	-6.906612e-01	4.484230e-01	-8.015735e-01	-1.091448e+00	2.898745e-01
2.003831705e-05	-6.906737e-01	4.484300e-01	-8.015849e-01	-1.091466e+00	2.898813e-01
2.003906837e-05	-6.906862e-01	4.484370e-01	-8.015963e-01	-1.091484e+00	2.898881e-01
2.003981968e-05	-6.906987e-01	4.484440e-01	-8.016077e-01	-1.091503e+00	2.898949e-01
2.0040571e-05	-6.907113e-01	4.484510e-01	-8.016192e-01	-1.091521e+00	2.899017e-01
2.004132231e-05	-6.907238e-01	4.484580e-01	-8.016306e-01	-1.091539e+00	2.899085e-01
2.004207363e-05	-6.907363e-01	4.484650e-01	-8.016420e-01	-1.091557e+00	2.899153e-01
2.004282494e-05	-6.907489e-01	4.484720e-01	-8.016535e-01	-1.091576e+00	2.899222e-01
2.004357626e-05	-6.907615e-01	4.484790e-01	-8.016650e-01	-1.091594e+00	2.899290e-01
2.004432757e-05	-6.907741e-01	4.484860e-01	-8.016764e-01	-1.091612e+00	2.899358e-01
2.004507889e-05	-6.907866e-01	4.484930e-01	-8.016879e-01	-1.091631e+00	2.899427e-01
2.00458302e-05	-6.907992e-01	4.485000e-01	-8.016994e-01	-1.091649e+00	2.899495e-01
2.004658152e-05	-6.908119e-01	4.485071e-01	-8.017109e-01	-1.091667e+00	2.899564e-01
2.004733283e-05	-6.908245e-01	4.485141e-01	-8.017224e-01	-1.091686e+00	2.899633e-01
2.004808415e-05	-6.908371e-01	4.485211e-01	-8.017339e-01	-1.091704e+00	2.899702e-01
2.004883546e-05	-6.908498e-01	4.485282e-01	-8.017454e-01	-1.091722e+00	2.899770e-01
2.004958678e-05	-6.908624e-01	4.485352e-01	-8.017569e-01	-1.091741e+00	2.899839e-01
2.005033809e-05	-6.908751e-01	4.485422e-01	-8.017685e-01	-1.091759e+00	2.899908e-01
2.005108941e-05	-6.908877e-01	4.485493e-01	-8.017800e-01	-1.091778e+00	2.899977e-01
2.005184072e-05	-6.909004e-01	4.485563e-01	-8.017916e-01	-1.091796e+00	2.900047e-01
2.005259204e-05	-6.909131e-01	4.485634e-01	-8.018031e-01	-1.091815e+00	2.900116e-01
2.005334335e-05	-6.909258e-01	4.485705e-01	-8.018147e-01	-1.091833e+00	2.900185e-01
2.005409467e-05	-6.909385e-01	4.485775e-01	-8.018262e-01	-1.091852e+00	2.900254e-01
2.005484598e-05	-6.909513e-01	4.485846e-01	-8.018378e-01	-1.091870e+00	2.900324e-01
2.00555973e-05	-6.909640e-01	4.485916e-01	-8.018494e-01	-1.091889e+00	2.900393e-01
2.005634861e-05	-6.909768e-01	4.485987e-01	-8.018610e-01	-1.091907e+00	2.900463e-01
2.005709992e-05	-6.909895e-01	4.486058e-01	-8.018726e-01	-1.091926e+00	2.900532e-01
2.005785124e-05	-6.910023e-01	4.486129e-01	-8.018842e-01	-1.091944e+00	2.900602e-01
2.005860255e-05	-6.910151e-01	4.486200e-01	-8.018958e-01	-1.091963e+00	2.900671e-01
2.005935387e-05	-6.910278e-01	4.486270e-01	-8.019075e-01	-1.091982e+00	2.900741e-01
2.006010518e-05	-6.910406e-01	4.486341e-01	-8.019191e-01	-1.092000e+00	2.900811e-01
2.00608565e-05	-6.910535e-01	4.486412e-01	-8.019307e-01	-1.092019e+00	2.900881e-01
2.006160781e-05	-6.910663e-01	4.486483e-01	-8.019424e-01	-1.092037e+00	2.900951e-01
2.006235913e-05	-6.910791e-01	4.486554e-01	-8.019540e-01	-1.092056e+00	2.901021e-01
2.006311044e-05	-6.910919e-01	4.486625e-01	-8.019657e-01	-1.092075e+00	2.901091e-01
2.006386176e-05	-6.911048e-01	4.486696e-01	-8.019774e-01	-1.092093e+00	2.901161e-01
2.006461307e-05	-6.911177e-01	4.486767e-01	-8.019891e-01	-1.092112e+00	2.901231e-01
2.006536439e-05	-6.911305e-01	4.486839e-01	-8.020008e-01	-1.092131e+00	2.901302e-01
2.00661157e-05	-6.911434e-01	4.486910e-01	-8.020125e-01	-1.092150e+00	2.901372e-01
2.006686702e-05	-6.911563e-01	4.486981e-01	-8.020242e-01	-1.092168e+00	2.901442e-01
2.006761833e-05	-6.911692e-01	4.487052e-01	-8.020359e-01	-1.092187e+00	2.901513e-01
2.006836965e-05	-6.911821e-01	4.487124e-01	-8.020476e-01	-1.092206e+00	2.901583e-01
2.006912096e-05	-6.911950e-01	4.487195e-01	-8.020593e-01	-1.092225e+00	2.901654e-01
2.006987228e-05	-6.912080e-01	4.487266e-01	-8.020710e-01	-1.092243e+00	2.901724e-01
2.007062359e-05	-6.912209e-01	4.487338e-01	-8.020828e-01	-1.092262e+00	2.901795e-01
2.007137491e-05	-6.912339e-01	4.487409e-01	-8.020945e-01	-1.092281e+00	2.901866e-01
2.007212622e-05	-6.912468e-01	4.487481e-01	-8.021063e-01	-1.092300e+00	2.901937e-01
2.007287754e-05	-6.912598e-01	4.487552e-01	-8.021181e-01	-1.092319e+00	2.902008e-01
2.007362885e-05	-6.912728e-01	4.487624e-01	-8.021298e-01	-1.092338e+00	2.902079e-01
2.007438017e-05	-6.912858e-01	4.487695e-01	-8.021416e-01	-1.092357e+00	2.902150e-01
2.007513148e-05	-6.912988e-01	4.487767e-01	-8.021534e-01	-1.092375e+00	2.902221e-01
2.007588279e-05	-6.913118e-01	4.487839e-01	-8.021652e-01	-1.092394e+00	2.902292e-01
2.007663411e-05	-6.913248e-01	4.487910e-01	-8.021770e-01	-1.092413e+00	2.902363e-01
2.007738542e-05	-6.913378e-01	4.487982e-01	-8.021888e-01	-1.092432e+00	2.902434e-01
2.007813674e-05	-6.913509e-01	4.488054e-01	-8.022006e-01	-1.092451e+00	2.902506e-01
2.007888805e-05	-6.913639e-01	4.488126e-01	-8.022124e-01	-1.092470e+00	2.902577e-01
2.007963937e-05	-6.913770e-01	4.488197e-01	-8.022243e-01	-1.092489e+00	2.902648e-01
2.008039068e-05	-6.913901e-01	4.488269e-01	-8.022361e-01	-1.092508e+00	2.902720e-01
2.0081142e-05	-6.914031e-01	4.488341e-01	-8.022480e-01	-1.092527e+00	2.902792e-01
2.008189331e-05	-6.914162e-01	4.488413e-01	-8.022598e-01	-1.092546e+00	2.902863e-01
2.008264463e-05	-6.914293e-01	4.488485e-01	-8.022717e-01	-1.092565e+00	2.902935e-01
2.008339594e-05	-6.914424e-01	4.488557e-01	-8.022835e-01	-1.092584e+00	2.903007e-01
2.008414726e-05	-6.914556e-01	4.488629e-01	-8.022954e-01	-1.092603e+00	2.903078e-01
2.008489857e-05	-6.914687e-01	4.488701e-01	-8.023073e-01	-1.092622e+00	2.903150e-01
2.008564989e-05	-6.914818e-01	4.488773e-01	-8.023192e-01	-1.092641e+00	2.903222e-01
2.00864012e-05	-6.914950e-01	4.488845e-01	-8.023311e-01	-1.092661e+00	2.903294e-01
2.008715252e-05	-6.915081e-01	4.488918e-01	-8.023430e-01	-1.092680e+00	2.903366e-01
2.008790383e-05	-6.915213e-01	4.488990e-01	-8.023549e-01	-1.092699e+00	2.903438e-01
2.008865515e-05	-6.915345e-01	4.489062e-01	-8.023668e-01	-1.092718e+00	2.903511e-01
2.008940646e-05	-6.915477e-01	4.489134e-01	-8.023788e-01	-1.092737e+00	2.903583e-01
2.009015778e-05	-6.915609e-01	4.489207e-01	-8.023907e-01	-1.092756e+00	2.903655e-01
2.009090909e-05	-6.915741e-01	4.489279e-01	-8.024026e-01	-1.092775e+00	2.903728e-01
2.009166041e-05	-6.915873e-01	4.489351e-01	-8.024146e-01	-1.092795e+00	2.903800e-01
2.009241172e-05	-6.916005e-01	4.489424e-01	-8.024265e-01	-1.092814e+00	2.903872e-01
2.009316304e-05	-6.916138e-01	4.489496e-01	-8.024385e-01	-1.092833e+00	2.903945e-01
2.009391435e-05	-6.916270e-01	4.489569e-01	-8.024505e-01	-1.092852e+00	2.904018e-01
2.009466566e-05	-6.916403e-01	4.489641e-01	-8.024625e-01	-1.092871e+00	2.904090e-01
2.009541698e-05	-6.916535e-01	4.489714e-01	-8.024744e-01	-1.092891e+00	2.904163e-01
2.009616829e-05	-6.916668e-01	4.489786e-01	-8.024864e-01	-1.092910e+00	2.904236e-01
2.009691961e-05	-6.916801e-01	4.489859e-01	-8.024984e-01	-1.092929e+00	2.904309e-01
2.009767092e-05	-6.916934e-01	4.489932e-01	-8.025104e-01	-1.092949e+00	2.904382e-01
2.009842224e-05	-6.917067e-01	4.490004e-01	-8.025225e-01	-1.092968e+00	2.904455e-01
2.009917355e-05	-6.917200e-01	4.490077e-01	-8.025345e-01	-1.092987e+00	2.904528e-01
2.009992487e-05	-6.917333e-01	4.490150e-01	-8.025465e-01	-1.093007e+00	2.904601e-01
2.010067618e-05	-6.917467e-01	4.490223e-01	-8.025585e-01	-1.093026e+00	2.904674e-01
2.01014275e-05	-6.917600e-01	4.490295e-01	-8.025706e-01	-1.093045e+00	2.904747e-01
2.010217881e-05	-6.917734e-01	4.490368e-01	-8.025826e-01	-1.093065e+00	2.904820e-01
2.010293013e-05	-6.917867e-01	4.490441e-01	-8.025947e-01	-1.093084e+00	2.904894e-01
2.010368144e-05	-6.918001e-01	4.490514e-01	-8.026068e-01	-1.093103e+00	2.904967e-01
2.010443276e-05	-6.918135e-01	4.490587e-01	-8.026188e-01	-1.093123e+00	2.905040e-01
2.010518407e-05	-6.918269e-01	4.490660e-01	-8.026309e-01	-1.093142e+00	2.905114e-01
2.010593539e-05	-6.918403e-01	4.490733e-01	-8.026430e-01	-1.093162e+00	2.905188e-01
2.01066867e-05	-6.918537e-01	4.490806e-01	-8.026551e-01	-1.093181e+00	2.905261e-01
2.010743802e-05	-6.918671e-01	4.490879e-01	-8.026672e-01	-1.093201e+00	2.905335e-01
2.010818933e-05	-6.918805e-01	4.490952e-01	-8.026793e-01	-1.093220e+00	2.905409e-01
2.010894065e-05	-6.918939e-01	4.491025e-01	-8.026914e-01	-1.093240e+00	2.905482e-01
2.010969196e-05	-6.919074e-01	4.491099e-01	-8.027035e-01	-1.093259e+00	2.905556e-01
2.011044328e-05	-6.919208e-01	4.491172e-01	-8.027157e-01	-1.093279e+00	2.905630e-01
2.011119459e-05	-6.919343e-01	4.491245e-01	-8.027278e-01	-1.093298e+00	2.905704e-01
2.011194591e-05	-6.919478e-01	4.491318e-01	-8.027399e-01	-1.093318e+00	2.905778e-01
2.011269722e-05	-6.919613e-01	4.491392e-01	-8.027521e-01	-1.093337e+00	2.905852e-01
2.011344853e-05	-6.919748e-01	4.491465e-01	-8.027642e-01	-1.093357e+00	2.905926e-01
2.011419985e-05	-6.919883e-01	4.491538e-01	-8.027764e-01	-1.093376e+00	2.906001e-01
2.011495116e-05	-6.920018e-01	4.491612e-01	-8.027886e-01	-1.093396e+00	2.906075e-01
2.011570248e-05	-6.920153e-01	4.491685e-01	-8.028007e-01	-1.093416e+00	2.906149e-01
2.011645379e-05	-6.920288e-01	4.491759e-01	-8.028129e-01	-1.093435e+00	2.906224e-01
2.011720511e-05	-6.920424e-01	4.491832e-01	-8.028251e-01	-1.093455e+00	2.906298e-01
2.011795642e-05	-6.920559e-01	4.491906e-01	-8.028373e-01	-1.093475e+00	2.906372e-01
2.011870774e-05	-6.920695e-01	4.491979e-01	-8.028495e-01	-1.093494e+00	2.906447e-01
2.011945905e-05	-6.920830e-01	4.492053e-01	-8.028617e-01	-1.093514e+00	2.906522e-01
2.012021037e-05	-6.920966e-01	4.492127e-01	-8.028739e-01	-1.093534e+00	2.906596e-01
2.012096168e-05	-6.921102e-01	4.492200e-01	-8.028862e-01	-1.093553e+00	2.906671e-01
2.0121713e-05	-6.921238e-01	4.492274e-01	-8.028984e-01	-1.093573e+00	2.906746e-01
2.012246431e-05	-6.921374e-01	4.492348e-01	-8.029106e-01	-1.093593e+00	2.906821e-01
2.012321563e-05	-6.921510e-01	4.492422e-01	-8.029229e-01	-1.093612e+00	2.906896e-01
2.012396694e-05	-6.921646e-01	4.492495e-01	-8.029351e-01	-1.093632e+00	2.906970e-01
2.012471826e-05	-6.921782e-01	4.492569e-01	-8.029474e-01	-1.093652e+00	2.907045e-01
2.012546957e-05	-6.921919e-01	4.492643e-01	-8.029597e-01	-1.093672e+00	2.907121e-01
2.012622089e-05	-6.922055e-01	4.492717e-01	-8.029719e-01	-1.093691e+00	2.907196e-01
2.01269722e-05	-6.922192e-01	4.492791e-01	-8.029842e-01	-1.093711e+00	2.907271e-01
2.012772352e-05	-6.922328e-01	4.492865e-01	-8.029965e-01	-1.093731e+00	2.907346e-01
2.012847483e-05	-6.922465e-01	4.492939e-01	-8.030088e-01	-1.093751e+00	2.907421e-01
2.012922615e-05	-6.922602e-01	4.493013e-01	-8.030211e-01	-1.093771e+00	2.907497e-01
2.012997746e-05	-6.922739e-01	4.493087e-01	-8.030334e-01	-1.093791e+00	2.907572e-01
2.013072878e-05	-6.922876e-01	4.493161e-01	-8.030457e-01	-1.093810e+00	2.907648e-01
2.013148009e-05	-6.923013e-01	4.493235e-01	-8.030580e-01	-1.093830e+00	2.907723e-01
2.01322314e-05	-6.923150e-01	4.493309e-01	-8.030703e-01	-1.093850e+00	2.907799e-01
2.013298272e-05	-6.923288e-01	4.493383e-01	-8.030827e-01	-1.093870e+00	2.907874e-01
2.013373403e-05	-6.923425e-01	4.493458e-01	-8.030950e-01	-1.093890e+00	2.907950e-01
2.013448535e-05	-6.923562e-01	4.493532e-01	-8.031074e-01	-1.093910e+00	2.908026e-01
2.013523666e-05	-6.923700e-01	4.493606e-01	-8.031197e-01	-1.093930e+00	2.908101e-01
2.013598798e-05	-6.923838e-01	4.493680e-01	-8.031321e-01	-1.093950e+00	2.908177e-01
2.013673929e-05	-6.923975e-01	4.493755e-01	-8.031444e-01	-1.093970e+00	2.908253e-01
2.013749061e-05	-6.924113e-01	4.493829e-01	-8.031568e-01	-1.093990e+00	2.908329e-01
2.013824192e-05	-6.924251e-01	4.493903e-01	-8.031692e-01	-1.094010e+00	2.908405e-01
2.013899324e-05	-6.924389e-01	4.493978e-01	-8.031816e-01	-1.094030e+00	2.908481e-01
2.013974455e-05	-6.924527e-01	4.494052e-01	-8.031940e-01	-1.094050e+00	2.908557e-01
2.014049587e-05	-6.924665e-01	4.494127e-01	-8.032063e-01	-1.094070e+00	2.908634e-01
2.014124718e-05	-6.924804e-01	4.494201e-01	-8.032188e-01	-1.094090e+00	2.908710e-01
2.01419985e-05	-6.924942e-01	4.494276e-01	-8.032312e-01	-1.094110e+00	2.908786e-01
2.014274981e-05	-6.925080e-01	4.494350e-01	-8.032436e-01	-1.094130e+00	2.908862e-01
2.014350113e-05	-6.925219e-01	4.494425e-01	-8.032560e-01	-1.094150e+00	2.908939e-01
2.014425244e-05	-6.925358e-01	4.494500e-01	-8.032684e-01	-1.094170e+00	2.909015e-01
2.014500376e-05	-6.925496e-01	4.494574e-01	-8.032809e-01	-1.094190e+00	2.909092e-01
2.014575507e-05	-6.925635e-01	4.494649e-01	-8.032933e-01	-1.094210e+00	2.909168e-01
2.014650639e-05	-6.925774e-01	4.494724e-01	-8.033058e-01	-1.094230e+00	2.909245e-01
2.01472577e-05	-6.925913e-01	4.494799e-01	-8.033182e-01	-1.094250e+00	2.909322e-01
2.014800902e-05	-6.926052e-01	4.494873e-01	-8.033307e-01	-1.094271e+00	2.909398e-01
2.014876033e-05	-6.926191e-01	4.494948e-01	-8.033432e-01	-1.094291e+00	2.909475e-01
2.014951165e-05	-6.926330e-01	4.495023e-01	-8.033556e-01	-1.094311e+00	2.909552e-01
2.015026296e-05	-6.926470e-01	4.495098e-01	-8.033681e-01	-1.094331e+00	2.909629e-01
2.015101427e-05	-6.926609e-01	4.495173e-01	-8.033806e-01	-1.094351e+00	2.909706e-01
2.015176559e-05	-6.926748e-01	4.495248e-01	-8.033931e-01	-1.094371e+00	2.909783e-01
2.01525169e-05	-6.926888e-01	4.495323e-01	-8.034056e-01	-1.094392e+00	2.909860e-01
2.015326822e-05	-6.927028e-01	4.495398e-01	-8.034181e-01	-1.094412e+00	2.909937e-01
2.015401953e-05	-6.927167e-01	4.495473e-01	-8.034306e-01	-1.094432e+00	2.910014e-01
2.015477085e-05	-6.927307e-01	4.495548e-01	-8.034431e-01	-1.094452e+00	2.910091e-01
2.015552216e-05	-6.927447e-01	4.495623e-01	-8.034557e-01	-1.094473e+00	2.910169e-01
2.015627348e-05	-6.927587e-01	4.495698e-01	-8.034682e-01	-1.094493e+00	2.910246e-01
2.015702479e-05	-6.927727e-01	4.495773e-01	-8.034807e-01	-1.094513e+00	2.910323e-01
2.015777611e-05	-6.927867e-01	4.495848e-01	-8.034933e-01	-1.094533e+00	2.910401e-01
2.015852742e-05	-6.928008e-01	4.495923e-01	-8.035058e-01	-1.094554e+00	2.910478e-01
2.015927874e-05	-6.928148e-01	4.495999e-01	-8.035184e-01	-1.094574e+00	2.910556e-01
2.016003005e-05	-6.928288e-01	4.496074e-01	-8.035309e-01	-1.094594e+00	2.910633e-01
2.016078137e-05	-6.928429e-01	4.496149e-01	-8.035435e-01	-1.094615e+00	2.910711e-01
2.016153268e-05	-6.928569e-01	4.496225e-01	-8.035561e-01	-1.094635e+00	2.910789e-01
2.0162284e-05	-6.928710e-01	4.496300e-01	-8.035687e-01	-1.094655e+00	2.910867e-01
2.016303531e-05	-6.928851e-01	4.496375e-01	-8.035813e-01	-1.094676e+00	2.910944e-01
2.016378663e-05	-6.928992e-01	4.496451e-01	-8.035939e-01	-1.094696e+00	2.911022e-01
2.016453794e-05	-6.929132e-01	4.496526e-01	-8.036065e-01	-1.094716e+00	2.911100e-01
2.016528926e-05	-6.929273e-01	4.496602e-01	-8.036191e-01	-1.094737e+00	2.911178e-01
2.016604057e-05	-6.929415e-01	4.496677e-01	-8.036317e-01	-1.094757e+00	2.911256e-01
2.016679189e-05	-6.929556e-01	4.496753e-01	-8.036443e-01	-1.094778e+00	2.911334e-01
2.01675432e-05	-6.929697e-01	4.496828e-01	-8.036569e-01	-1.094798e+00	2.911412e-01
2.016829452e-05	-6.929838e-01	4.496904e-01	-8.036696e-01	-1.094819e+00	2.911490e-01
2.016904583e-05	-6.929980e-01	4.496979e-01	-8.036822e-01	-1.094839e+00	2.911569e-01
2.016979715e-05	-6.930121e-01	4.497055e-01	-8.036948e-01	-1.094860e+00	2.911647e-01
2.017054846e-05	-6.930263e-01	4.497131e-01	-8.037075e-01	-1.094880e+00	2.911725e-01
2.017129977e-05	-6.930404e-01	4.497206e-01	-8.037202e-01	-1.094901e+00	2.911804e-01
2.017205109e-05	-6.930546e-01	4.497282e-01	-8.037328e-01	-1.094921e+00	2.911882e-01
2.01728024e-05	-6.930688e-01	4.497358e-01	-8.037455e-01	-1.094942e+00	2.911961e-01
2.017355372e-05	-6.930830e-01	4.497434e-01	-8.037582e-01	-1.094962e+00	2.912039e-01
2.017430503e-05	-6.930972e-01	4.497509e-01	-8.037708e-01	-1.094983e+00	2.912118e-01
2.017505635e-05	-6.931114e-01	4.497585e-01	-8.037835e-01	-1.095003e+00	2.912196e-01
2.017580766e-05	-6.931256e-01	4.497661e-01	-8.037962e-01	-1.095024e+00	2.912275e-01
2.017655898e-05	-6.931398e-01	4.497737e-01	-8.038089e-01	-1.095044e+00	2.912354e-01
2.017731029e-05	-6.931541e-01	4.497813e-01	-8.038216e-01	-1.095065e+00	2.912433e-01
2.017806161e-05	-6.931683e-01	4.497889e-01	-8.038343e-01	-1.095085e+00	2.912511e-01
2.017881292e-05	-6.931826e-01	4.497965e-01	-8.038471e-01	-1.095106e+00	2.912590e-01
2.017956424e-05	-6.931968e-01	4.498041e-01	-8.038598e-01	-1.095127e+00	2.912669e-01
2.018031555e-05	-6.932111e-01	4.498117e-01	-8.038725e-01	-1.095147e+00	2.912748e-01
2.018106687e-05	-6.932254e-01	4.498193e-01	-8.038852e-01	-1.095168e+00	2.912827e-01
2.018181818e-05	-6.932396e-01	4.498269e-01	-8.038980e-01	-1.095189e+00	2.912906e-01
2.01825695e-05	-6.932539e-01	4.498345e-01	-8.039107e-01	-1.095209e+00	2.912986e-01
2.018332081e-05	-6.932682e-01	4.498421e-01	-8.039235e-01	-1.095230e+00	2.913065e-01
2.018407213e-05	-6.932825e-01	4.498498e-01	-8.039362e-01	-1.095251e+00	2.913144e-01
2.018482344e-05	-6.932968e-01	4.498574e-01	-8.039490e-01	-1.095271e+00	2.913223e-01
2.018557476e-05	-6.933112e-01	4.498650e-01	-8.039618e-01	-1.095292e+00	2.913303e-01
2.018632607e-05	-6.933255e-01	4.498726e-01	-8.039746e-01	-1.095313e+00	2.913382e-01
2.018707739e-05	-6.933398e-01	4.498803e-01	-8.039873e-01	-1.095333e+00	2.913462e-01
2.01878287e-05	-6.933542e-01	4.498879e-01	-8.040001e-01	-1.095354e+00	2.913541e-01
2.018858002e-05	-6.933685e-01	4.498955e-01	-8.040129e-01	-1.095375e+00	2.913621e-01
2.018933133e-05	-6.933829e-01	4.499032e-01	-8.040257e-01	-1.095396e+00	2.913700e-01
2.019008264e-05	-6.933973e-01	4.499108e-01	-8.040385e-01	-1.095417e+00	2.913780e-01
2.019083396e-05	-6.934116e-01	4.499184e-01	-8.040513e-01	-1.095437e+00	2.913860e-01
2.019158527e-05	-6.934260e-01	4.499261e-01	-8.040642e-01	-1.095458e+00	2.913939e-01
2.019233659e-05	-6.934404e-01	4.499337e-01	-8.040770e-01	-1.095479e+00	2.914019e-01
2.01930879e-05	-6.934548e-01	4.499414e-01	-8.040898e-01	-1.095500e+00	2.914099e-01
2.019383922e-05	-6.934692e-01	4.499490e-01	-8.041026e-01	-1.095521e+00	2.914179e-01
2.019459053e-05	-6.934836e-01	4.499567e-01	-8.041155e-01	-1.095541e+00	2.914259e-01
2.019534185e-05	-6.934981e-01	4.499644e-01	-8.041283e-01	-1.095562e+00	2.914339e-01
2.019609316e-05	-6.935125e-01	4.499720e-01	-8.041412e-01	-1.095583e+00	2.914419e-01
2.019684448e-05	-6.935269e-01	4.499797e-01	-8.041540e-01	-1.095604e+00	2.914499e-01
2.019759579e-05	-6.935414e-01	4.499873e-01	-8.041669e-01	-1.095625e+00	2.914579e-01
2.019834711e-05	-6.935558e-01	4.499950e-01	-8.041798e-01	-1.095646e+00	2.914660e-01
2.019909842e-05	-6.935703e-01	4.500027e-01	-8.041927e-01	-1.095667e+00	2.914740e-01
2.019984974e-05	-6.935848e-01	4.500104e-01	-8.042055e-01	-1.095688e+00	2.914820e-01
2.020060105e-05	-6.935993e-01	4.500180e-01	-8.042184e-01	-1.095708e+00	2.914900e-01
2.020135237e-05	-6.936137e-01	4.500257e-01	-8.042313e-01	-1.095729e+00	2.914981e-01
2.020210368e-05	-6.936282e-01	4.500334e-01	-8.042442e-01	-1.095750e+00	2.915061e-01
2.0202855e-05	-6.936427e-01	4.500411e-01	-8.042571e-01	-1.095771e+00	2.915142e-01
2.020360631e-05	-6.936572e-01	4.500488e-01	-8.042700e-01	-1.095792e+00	2.915222e-01
2.020435763e-05	-6.936718e-01	4.500565e-01	-8.042829e-01	-1.095813e+00	2.915303e-01
2.020510894e-05	-6.936863e-01	4.500642e-01	-8.042959e-01	-1.095834e+00	2.915384e-01
2.020586026e-05	-6.937008e-01	4.500719e-01	-8.043088e-01	-1.095855e+00	2.915464e-01
2.020661157e-05	-6.937154e-01	4.500796e-01	-8.043217e-01	-1.095876e+00	2.915545e-01
2.020736289e-05	-6.937299e-01	4.500873e-01	-8.043347e-01	-1.095897e+00	2.915626e-01
2.02081142e-05	-6.937445e-01	4.500950e-01	-8.043476e-01	-1.095918e+00	2.915707e-01
2.020886551e-05	-6.937590e-01	4.501027e-01	-8.043606e-01	-1.095939e+00	2.915788e-01
2.020961683e-05	-6.937736e-01	4.501104e-01	-8.043735e-01	-1.095960e+00	2.915869e-01
2.021036814e-05	-6.937882e-01	4.501181e-01	-8.043865e-01	-1.095981e+00	2.915950e-01
2.021111946e-05	-6.938028e-01	4.501258e-01	-8.043994e-01	-1.096002e+00	2.916031e-01
2.021187077e-05	-6.938174e-01	4.501335e-01	-8.044124e-01	-1.096024e+00	2.916112e-01
2.021262209e-05	-6.938320e-01	4.501412e-01	-8.044254e-01	-1.096045e+00	2.916193e-01
2.02133734e-05	-6.938466e-01	4.501490e-01	-8.044384e-01	-1.096066e+00	2.916274e-01
2.021412472e-05	-6.938612e-01	4.501567e-01	-8.044514e-01	-1.096087e+00	2.916355e-01
2.021487603e-05	-6.938758e-01	4.501644e-01	-8.044644e-01	-1.096108e+00	2.916436e-01
2.021562735e-05	-6.938905e-01	4.501721e-01	-8.044774e-01	-1.096129e+00	2.916518e-01
2.021637866e-05	-6.939051e-01	4.501799e-01	-8.044904e-01	-1.096150e+00	2.916599e-01
2.021712998e-05	-6.939197e-01	4.501876e-01	-8.045034e-01	-1.096171e+00	2.916681e-01
2.021788129e-05	-6.939344e-01	4.501953e-01	-8.045164e-01	-1.096193e+00	2.916762e-01
2.021863261e-05	-6.939491e-01	4.502031e-01	-8.045294e-01	-1.096214e+00	2.916844e-01
2.021938392e-05	-6.939637e-01	4.502108e-01	-8.045424e-01	-1.096235e+00	2.916925e-01
2.022013524e-05	-6.939784e-01	4.502186e-01	-8.045555e-01	-1.096256e+00	2.917007e-01
2.022088655e-05	-6.939931e-01	4.502263e-01	-8.045685e-01	-1.096277e+00	2.917088e-01
2.022163787e-05	-6.940078e-01	4.502341e-01	-8.045815e-01	-1.096299e+00	2.917170e-01
2.022238918e-05	-6.940225e-01	4.502418e-01	-8.045946e-01	-1.096320e+00	2.917252e-01
2.02231405e-05	-6.940372e-01	4.502496e-01	-8.046076e-01	-1.096341e+00	2.917334e-01
2.022389181e-05	-6.940519e-01	4.502573e-01	-8.046207e-01	-1.096362e+00	2.917416e-01
2.022464313e-05	-6.940666e-01	4.502651e-01	-8.046338e-01	-1.096384e+00	2.917497e-01
2.022539444e-05	-6.940814e-01	4.502729e-01	-8.046468e-01	-1.096405e+00	2.917579e-01
2.022614576e-05	-6.940961e-01	4.502806e-01	-8.046599e-01	-1.096426e+00	2.917661e-01
2.022689707e-05	-6.941108e-01	4.502884e-01	-8.046730e-01	-1.096447e+00	2.917743e-01
2.022764838e-05	-6.941256e-01	4.502962e-01	-8.046861e-01	-1.096469e+00	2.917825e-01
2.02283997e-05	-6.941403e-01	4.503039e-01	-8.046992e-01	-1.096490e+00	2.917908e-01
2.022915101e-05	-6.941551e-01	4.503117e-01	-8.047123e-01	-1.096511e+00	2.917990e-01
2.022990233e-05	-6.941699e-01	4.503195e-01	-8.047254e-01	-1.096533e+00	2.918072e-01
2.023065364e-05	-6.941847e-01	4.503273e-01	-8.047385e-01	-1.096554e+00	2.918154e-01
2.023140496e-05	-6.941995e-01	4.503351e-01	-8.047516e-01	-1.096575e+00	2.918237e-01
2.023215627e-05	-6.942143e-01	4.503428e-01	-8.047647e-01	-1.096597e+00	2.918319e-01
2.023290759e-05	-6.942291e-01	4.503506e-01	-8.047778e-01	-1.096618e+00	2.918401e-01
2.02336589e-05	-6.942439e-01	4.503584e-01	-8.047910e-01	-1.096639e+00	2.918484e-01
2.023441022e-05	-6.942587e-01	4.503662e-01	-8.048041e-01	-1.096661e+00	2.918566e-01
2.023516153e-05	-6.942735e-01	4.503740e-01	-8.048172e-01	-1.096682e+00	2.918649e-01
2.023591285e-05	-6.942883e-01	4.503818e-01	-8.048304e-01	-1.096704e+00	2.918731e-01
2.023666416e-05	-6.943032e-01	4.503896e-01	-8.048435e-01	-1.096725e+00	2.918814e-01
2.023741548e-05	-6.943180e-01	4.503974e-01	-8.048567e-01	-1.096746e+00	2.918897e-01
2.023816679e-05	-6.943329e-01	4.504052e-01	-8.048699e-01	-1.096768e+00	2.918979e-01
2.023891811e-05	-6.943477e-01	4.504130e-01	-8.048830e-01	-1.096789e+00	2.919062e-01
2.023966942e-05	-6.943626e-01	4.504208e-01	-8.048962e-01	-1.096811e+00	2.919145e-01
2.024042074e-05	-6.943775e-01	4.504287e-01	-8.049094e-01	-1.096832e+00	2.919228e-01
2.024117205e-05	-6.943924e-01	4.504365e-01	-8.049225e-01	-1.096854e+00	2.919311e-01
2.024192337e-05	-6.944073e-01	4.504443e-01	-8.049357e-01	-1.096875e+00	2.919394e-01
2.024267468e-05	-6.944221e-01	4.504521e-01	-8.049489e-01	-1.096897e+00	2.919477e-01
2.0243426e-05	-6.944371e-01	4.504599e-01	-8.049621e-01	-1.096918e+00	2.919560e-01
2.024417731e-05	-6.944520e-01	4.504678e-01	-8.049753e-01	-1.096940e+00	2.919643e-01
2.024492863e-05	-6.944669e-01	4.504756e-01	-8.049885e-01	-1.096961e+00	2.919726e-01
2.024567994e-05	-6.944818e-01	4.504834e-01	-8.050017e-01	-1.096983e+00	2.919809e-01
2.024643125e-05	-6.944967e-01	4.504912e-01	-8.050150e-01	-1.097004e+00	2.919893e-01
2.024718257e-05	-6.945117e-01	4.504991e-01	-8.050282e-01	-1.097026e+00	2.919976e-01
2.024793388e-05	-6.945266e-01	4.505069e-01	-8.050414e-01	-1.097047e+00	2.920059e-01
2.02486852e-05	-6.945416e-01	4.505147e-01	-8.050546e-01	-1.097069e+00	2.920142e-01
2.024943651e-05	-6.945565e-01	4.505226e-01	-8.050679e-01	-1.097090e+00	2.920226e-01
2.025018783e-05	-6.945715e-01	4.505304e-01	-8.050811e-01	-1.097112e+00	2.920309e-01
2.025093914e-05	-6.945865e-01	4.505383e-01	-8.050944e-01	-1.097134e+00	2.920393e-01
2.025169046e-05	-6.946015e-01	4.505461e-01	-8.051076e-01	-1.097155e+00	2.920476e-01
2.025244177e-05	-6.946164e-01	4.505540e-01	-8.051209e-01	-1.097177e+00	2.920560e-01
2.025319309e-05	-6.946314e-01	4.505618e-01	-8.051342e-01	-1.097199e+00	2.920644e-01
2.02539444e-05	-6.946464e-01	4.505697e-01	-8.051474e-01	-1.097220e+00	2.920727e-01
2.025469572e-05	-6.946615e-01	4.505775e-01	-8.051607e-01	-1.097242e+00	2.920811e-01
2.025544703e-05	-6.946765e-01	4.505854e-01	-8.051740e-01	-1.097263e+00	2.920895e-01
2.025619835e-05	-6.946915e-01	4.505933e-01	-8.051873e-01	-1.097285e+00	2.920979e-01
2.025694966e-05	-6.947065e-01	4.506011e-01	-8.052005e-01	-1.097307e+00	2.921062e-01
2.025770098e-05	-6.947216e-01	4.506090e-01	-8.052138e-01	-1.097328e+00	2.921146e-01
2.025845229e-05	-6.947366e-01	4.506169e-01	-8.052271e-01	-1.097350e+00	2.921230e-01
2.025920361e-05	-6.947516e-01	4.506247e-01	-8.052404e-01	-1.097372e+00	2.921314e-01
2.025995492e-05	-6.947667e-01	4.506326e-01	-8.052538e-01	-1.097394e+00	2.921398e-01
2.026070624e-05	-6.947818e-01	4.506405e-01	-8.052671e-01	-1.097415e+00	2.921482e-01
2.026145755e-05	-6.947968e-01	4.506484e-01	-8.052804e-01	-1.097437e+00	2.921567e-01
2.026220887e-05	-6.948119e-01	4.506563e-01	-8.052937e-01	-1.097459e+00	2.921651e-01
2.026296018e-05	-6.948270e-01	4.506641e-01	-8.053070e-01	-1.097481e+00	2.921735e-01
2.02637115e-05	-6.948421e-01	4.506720e-01	-8.053204e-01	-1.097502e+00	2.921819e-01
2.026446281e-05	-6.948572e-01	4.506799e-01	-8.053337e-01	-1.097524e+00	2.921903e-01
2.026521412e-05	-6.948723e-01	4.506878e-01	-8.053471e-01	-1.097546e+00	2.921988e-01
2.026596544e-05	-6.948874e-01	4.506957e-01	-8.053604e-01	-1.097568e+00	2.922072e-01
2.026671675e-05	-6.949025e-01	4.507036e-01	-8.053738e-01	-1.097589e+00	2.922157e-01
2.026746807e-05	-6.949177e-01	4.507115e-01	-8.053871e-01	-1.097611e+00	2.922241e-01
2.026821938e-05	-6.949328e-01	4.507194e-01	-8.054005e-01	-1.097633e+00	2.922326e-01
2.02689707e-05	-6.949479e-01	4.507273e-01	-8.054138e-01	-1.097655e+00	2.922410e-01
2.026972201e-05	-6.949631e-01	4.507352e-01	-8.054272e-01	-1.097677e+00	2.922495e-01
2.027047333e-05	-6.949782e-01	4.507431e-01	-8.054406e-01	-1.097699e+00	2.922579e-01
2.027122464e-05	-6.949934e-01	4.507510e-01	-8.054540e-01	-1.097720e+00	2.922664e-01
2.027197596e-05	-6.950086e-01	4.507589e-01	-8.054674e-01	-1.097742e+00	2.922749e-01
2.027272727e-05	-6.950237e-01	4.507668e-01	-8.054808e-01	-1.097764e+00	2.922833e-01
2.027347859e-05	-6.950389e-01	4.507747e-01	-8.054941e-01	-1.097786e+00	2.922918e-01
2.02742299e-05	-6.950541e-01	4.507827e-01	-8.055075e-01	-1.097808e+00	2.923003e-01
2.027498122e-05	-6.950693e-01	4.507906e-01	-8.055210e-01	-1.097830e+00	2.923088e-01
2.027573253e-05	-6.950845e-01	4.507985e-01	-8.055344e-01	-1.097852e+00	2.923173e-01
2.027648385e-05	-6.950997e-01	4.508064e-01	-8.055478e-01	-1.097874e+00	2.923258e-01
2.027723516e-05	-6.951149e-01	4.508144e-01	-8.055612e-01	-1.097896e+00	2.923343e-01
2.027798648e-05	-6.951301e-01	4.508223e-01	-8.055746e-01	-1.097917e+00	2.923428e-01
2.027873779e-05	-6.951453e-01	4.508302e-01	-8.055881e-01	-1.097939e+00	2.923513e-01
2.027948911e-05	-6.951606e-01	4.508382e-01	-8.056015e-01	-1.097961e+00	2.923598e-01
2.028024042e-05	-6.951758e-01	4.508461e-01	-8.056149e-01	-1.097983e+00	2.923684e-01
2.028099174e-05	-6.951911e-01	4.508540e-01	-8.056284e-01	-1.098005e+00	2.923769e-01
2.028174305e-05	-6.952063e-01	4.508620e-01	-8.056418e-01	-1.098027e+00	2.923854e-01
2.028249437e-05	-6.952216e-01	4.508699e-01	-8.056553e-01	-1.098049e+00	2.923939e-01
2.028324568e-05	-6.952368e-01	4.508778e-01	-8.056687e-01	-1.098071e+00	2.924025e-01
2.028399699e-05	-6.952521e-01	4.508858e-01	-8.056822e-01	-1.098093e+00	2.924110e-01
2.028474831e-05	-6.952674e-01	4.508937e-01	-8.056957e-01	-1.098115e+00	2.924196e-01
2.028549962e-05	-6.952827e-01	4.509017e-01	-8.057091e-01	-1.098137e+00	2.924281e-01
2.028625094e-05	-6.952980e-01	4.509096e-01	-8.057226e-01	-1.098159e+00	2.924367e-01
2.028700225e-05	-6.953133e-01	4.509176e-01	-8.057361e-01	-1.098181e+00	2.924452e-01
2.028775357e-05	-6.953286e-01	4.509256e-01	-8.057496e-01	-1.098203e+00	2.924538e-01
2.028850488e-05	-6.953439e-01	4.509335e-01	-8.057631e-01	-1.098225e+00	2.924623e-01
2.02892562e-05	-6.953592e-01	4.509415e-01	-8.057766e-01	-1.098247e+00	2.924709e-01
2.029000751e-05	-6.953745e-01	4.509494e-01	-8.057901e-01	-1.098270e+00	2.924795e-01
2.029075883e-05	-6.953899e-01	4.509574e-01	-8.058036e-01	-1.098292e+00	2.924881e-01
2.029151014e-05	-6.954052e-01	4.509654e-01	-8.058171e-01	-1.098314e+00	2.924966e-01
2.029226146e-05	-6.954205e-01	4.509733e-01	-8.058306e-01	-1.098336e+00	2.925052e-01
2.029301277e-05	-6.954359e-01	4.509813e-01	-8.058441e-01	-1.098358e+00	2.925138e-01
2.029376409e-05	-6.954512e-01	4.509893e-01	-8.058576e-01	-1.098380e+00	2.925224e-01
2.02945154e-05	-6.954666e-01	4.509973e-01	-8.058712e-01	-1.098402e+00	2.925310e-01
2.029526672e-05	-6.954820e-01	4.510053e-01	-8.058847e-01	-1.098424e+00	2.925396e-01
2.029601803e-05	-6.954973e-01	4.510132e-01	-8.058982e-01	-1.098446e+00	2.925482e-01
2.029676935e-05	-6.955127e-01	4.510212e-01	-8.059118e-01	-1.098469e+00	2.925568e-01
2.029752066e-05	-6.955281e-01	4.510292e-01	-8.059253e-01	-1.098491e+00	2.925654e-01
2.029827198e-05	-6.955435e-01	4.510372e-01	-8.059389e-01	-1.098513e+00	2.925741e-01
2.029902329e-05	-6.955589e-01	4.510452e-01	-8.059524e-01	-1.098535e+00	2.925827e-01
2.029977461e-05	-6.955743e-01	4.510532e-01	-8.059660e-01	-1.098557e+00	2.925913e-01
2.030052592e-05	-6.955897e-01	4.510612e-01	-8.059796e-01	-1.098580e+00	2.925999e-01
2.030127724e-05	-6.956051e-01	4.510692e-01	-8.059931e-01	-1.098602e+00	2.926086e-01
2.030202855e-05	-6.956206e-01	4.510772e-01	-8.060067e-01	-1.098624e+00	2.926172e-01
2.030277986e-05	-6.956360e-01	4.510852e-01	-8.060203e-01	-1.098646e+00	2.926259e-01
2.030353118e-05	-6.956514e-01	4.510932e-01	-8.060339e-01	-1.098668e+00	2.926345e-01
2.030428249e-05	-6.956669e-01	4.511012e-01	-8.060475e-01	-1.098691e+00	2.926432e-01
2.030503381e-05	-6.956823e-01	4.511092e-01	-8.060610e-01	-1.098713e+00	2.926518e-01
2.030578512e-05	-6.956978e-01	4.511172e-01	-8.060746e-01	-1.098735e+00	2.926605e-01
2.030653644e-05	-6.957133e-01	4.511252e-01	-8.060882e-01	-1.098757e+00	2.926691e-01
2.030728775e-05	-6.957287e-01	4.511332e-01	-8.061018e-01	-1.098780e+00	2.926778e-01
2.030803907e-05	-6.957442e-01	4.511412e-01	-8.061155e-01	-1.098802e+00	2.926865e-01
2.030879038e-05	-6.957597e-01	4.511492e-01	-8.061291e-01	-1.098824e+00	2.926952e-01
2.03095417e-05	-6.957752e-01	4.511572e-01	-8.061427e-01	-1.098847e+00	2.927038e-01
2.031029301e-05	-6.957907e-01	4.511653e-01	-8.061563e-01	-1.098869e+00	2.927125e-01
2.031104433e-05	-6.958062e-01	4.511733e-01	-8.061699e-01	-1.098891e+00	2.927212e-01
2.031179564e-05	-6.958217e-01	4.511813e-01	-8.061836e-01	-1.098913e+00	2.927299e-01
2.031254696e-05	-6.958372e-01	4.511893e-01	-8.061972e-01	-1.098936e+00	2.927386e-01
2.031329827e-05	-6.958527e-01	4.511974e-01	-8.062108e-01	-1.098958e+00	2.927473e-01
2.031404959e-05	-6.958682e-01	4.512054e-01	-8.062245e-01	-1.098980e+00	2.927560e-01
2.03148009e-05	-6.958838e-01	4.512134e-01	-8.062381e-01	-1.099003e+00	2.927647e-01
2.031555222e-05	-6.958993e-01	4.512215e-01	-8.062518e-01	-1.099025e+00	2.927734e-01
2.031630353e-05	-6.959148e-01	4.512295e-01	-8.062654e-01	-1.099048e+00	2.927821e-01
2.031705485e-05	-6.959304e-01	4.512375e-01	-8.062791e-01	-1.099070e+00	2.927908e-01
2.031780616e-05	-6.959459e-01	4.512456e-01	-8.062928e-01	-1.099092e+00	2.927996e-01
2.031855748e-05	-6.959615e-01	4.512536e-01	-8.063064e-01	-1.099115e+00	2.928083e-01
2.031930879e-05	-6.959771e-01	4.512617e-01	-8.063201e-01	-1.099137e+00	2.928170e-01
2.032006011e-05	-6.959927e-01	4.512697e-01	-8.063338e-01	-1.099160e+00	2.928258e-01
2.032081142e-05	-6.960082e-01	4.512778e-01	-8.063475e-01	-1.099182e+00	2.928345e-01
2.032156273e-05	-6.960238e-01	4.512858e-01	-8.063612e-01	-1.099204e+00	2.928432e-01
2.032231405e-05	-6.960394e-01	4.512939e-01	-8.063749e-01	-1.099227e+00	2.928520e-01
2.032306536e-05	-6.960550e-01	4.513019e-01	-8.063886e-01	-1.099249e+00	2.928607e-01
2.032381668e-05	-6.960706e-01	4.513100e-01	-8.064023e-01	-1.099272e+00	2.928695e-01
2.032456799e-05	-6.960862e-01	4.513180e-01	-8.064160e-01	-1.099294e+00	2.928782e-01
2.032531931e-05	-6.961018e-01	4.513261e-01	-8.064297e-01	-1.099317e+00	2.928870e-01
2.032607062e-05	-6.961175e-01	4.513342e-01	-8.064434e-01	-1.099339e+00	2.928958e-01
2.032682194e-05	-6.961331e-01	4.513422e-01	-8.064571e-01	-1.099362e+00	2.929045e-01
2.032757325e-05	-6.961487e-01	4.513503e-01	-8.064708e-01	-1.099384e+00	2.929133e-01
2.032832457e-05	-6.961644e-01	4.513584e-01	-8.064845e-01	-1.099407e+00	2.929221e-01
2.032907588e-05	-6.961800e-01	4.513664e-01	-8.064983e-01	-1.099429e+00	2.929309e-01
2.03298272e-05	-6.961957e-01	4.513745e-01	-8.065120e-01	-1.099452e+00	2.929397e-01
2.033057851e-05	-6.962113e-01	4.513826e-01	-8.065257e-01	-1.099474e+00	2.929484e-01
2.033132983e-05	-6.962270e-01	4.513907e-01	-8.065395e-01	-1.099497e+00	2.929572e-01
2.033208114e-05	-6.962426e-01	4.513987e-01	-8.065532e-01	-1.099519e+00	2.929660e-01
2.033283246e-05	-6.962583e-01	4.514068e-01	-8.065670e-01	-1.099542e+00	2.929748e-01
2.033358377e-05	-6.962740e-01	4.514149e-01	-8.065807e-01	-1.099564e+00	2.929836e-01
2.033433509e-05	-6.962897e-01	4.514230e-01	-8.065945e-01	-1.099587e+00	2.929924e-01
2.03350864e-05	-6.963054e-01	4.514311e-01	-8.066083e-01	-1.099610e+00	2.930013e-01
2.033583772e-05	-6.963211e-01	4.514392e-01	-8.066220e-01	-1.099632e+00	2.930101e-01
2.033658903e-05	-6.963368e-01	4.514472e-01	-8.066358e-01	-1.099655e+00	2.930189e-01
2.033734035e-05	-6.963525e-01	4.514553e-01	-8.066496e-01	-1.099677e+00	2.930277e-01
2.033809166e-05	-6.963682e-01	4.514634e-01	-8.066634e-01	-1.099700e+00	2.930365e-01
2.033884298e-05	-6.963839e-01	4.514715e-01	-8.066771e-01	-1.099723e+00	2.930454e-01
2.033959429e-05	-6.963997e-01	4.514796e-01	-8.066909e-01	-1.099745e+00	2.930542e-01
2.03403456e-05	-6.964154e-01	4.514877e-01	-8.067047e-01	-1.099768e+00	2.930630e-01
2.034109692e-05	-6.964311e-01	4.514958e-01	-8.067185e-01	-1.099790e+00	2.930719e-01
2.034184823e-05	-6.964469e-01	4.515039e-01	-8.067323e-01	-1.099813e+00	2.930807e-01
2.034259955e-05	-6.964626e-01	4.515120e-01	-8.067461e-01	-1.099836e+00	2.930896e-01
2.034335086e-05	-6.964784e-01	4.515201e-01	-8.067599e-01	-1.099858e+00	2.930984e-01
2.034410218e-05	-6.964942e-01	4.515283e-01	-8.067737e-01	-1.099881e+00	2.931073e-01
2.034485349e-05	-6.965099e-01	4.515364e-01	-8.067876e-01	-1.099904e+00	2.931161e-01
2.034560481e-05	-6.965257e-01	4.515445e-01	-8.068014e-01	-1.099926e+00	2.931250e-01
2.034635612e-05	-6.965415e-01	4.515526e-01	-8.068152e-01	-1.099949e+00	2.931339e-01
2.034710744e-05	-6.965573e-01	4.515607e-01	-8.068290e-01	-1.099972e+00	2.931427e-01
2.034785875e-05	-6.965731e-01	4.515688e-01	-8.068429e-01	-1.099994e+00	2.931516e-01
2.034861007e-05	-6.965888e-01	4.515769e-01	-8.068567e-01	-1.100017e+00	2.931605e-01
2.034936138e-05	-6.966046e-01	4.515851e-01	-8.068705e-01	-1.100040e+00	2.931694e-01
2.03501127e-05	-6.966205e-01	4.515932e-01	-8.068844e-01	-1.100063e+00	2.931783e-01
2.035086401e-05	-6.966363e-01	4.516013e-01	-8.068982e-01	-1.100085e+00	2.931872e-01
2.035161533e-05	-6.966521e-01	4.516094e-01	-8.069121e-01	-1.100108e+00	2.931960e-01
2.035236664e-05	-6.966679e-01	4.516176e-01	-8.069259e-01	-1.100131e+00	2.932049e-01
2.035311796e-05	-6.966837e-01	4.516257e-01	-8.069398e-01	-1.100154e+00	2.932138e-01
2.035386927e-05	-6.966996e-01	4.516338e-01	-8.069537e-01	-1.100176e+00	2.932228e-01
2.035462059e-05	-6.967154e-01	4.516420e-01	-8.069675e-01	-1.100199e+00	2.932317e-01
2.03553719e-05	-6.967313e-01	4.516501e-01	-8.069814e-01	-1.100222e+00	2.932406e-01
2.035612322e-05	-6.967471e-01	4.516582e-01	-8.069953e-01	-1.100245e+00	2.932495e-01
2.035687453e-05	-6.967630e-01	4.516664e-01	-8.070092e-01	-1.100268e+00	2.932584e-01
2.035762585e-05	-6.967788e-01	4.516745e-01	-8.070230e-01	-1.100290e+00	2.932673e-01
2.035837716e-05	-6.967947e-01	4.516827e-01	-8.070369e-01	-1.100313e+00	2.932763e-01
2.035912847e-05	-6.968106e-01	4.516908e-01	-8.070508e-01	-1.100336e+00	2.932852e-01
2.035987979e-05	-6.968265e-01	4.516990e-01	-8.070647e-01	-1.100359e+00	2.932941e-01
2.03606311e-05	-6.968424e-01	4.517071e-01	-8.070786e-01	-1.100382e+00	2.933031e-01
2.036138242e-05	-6.968583e-01	4.517153e-01	-8.070925e-01	-1.100405e+00	2.933120e-01
2.036213373e-05	-6.968742e-01	4.517234e-01	-8.071064e-01	-1.100427e+00	2.933209e-01
2.036288505e-05	-6.968901e-01	4.517316e-01	-8.071203e-01	-1.100450e+00	2.933299e-01
2.036363636e-05	-6.969060e-01	4.517397e-01	-8.071343e-01	-1.100473e+00	2.933388e-01
2.036438768e-05	-6.969219e-01	4.517479e-01	-8.071482e-01	-1.100496e+00	2.933478e-01
2.036513899e-05	-6.969378e-01	4.517561e-01	-8.071621e-01	-1.100519e+00	2.933568e-01
2.036589031e-05	-6.969537e-01	4.517642e-01	-8.071760e-01	-1.100542e+00	2.933657e-01
2.036664162e-05	-6.969697e-01	4.517724e-01	-8.071900e-01	-1.100565e+00	2.933747e-01
2.036739294e-05	-6.969856e-01	4.517805e-01	-8.072039e-01	-1.100588e+00	2.933836e-01
2.036814425e-05	-6.970015e-01	4.517887e-01	-8.072178e-01	-1.100610e+00	2.933926e-01
2.036889557e-05	-6.970175e-01	4.517969e-01	-8.072318e-01	-1.100633e+00	2.934016e-01
2.036964688e-05	-6.970334e-01	4.518050e-01	-8.072457e-01	-1.100656e+00	2.934106e-01
2.03703982e-05	-6.970494e-01	4.518132e-01	-8.072597e-01	-1.100679e+00	2.934196e-01
2.037114951e-05	-6.970654e-01	4.518214e-01	-8.072736e-01	-1.100702e+00	2.934285e-01
2.037190083e-05	-6.970813e-01	4.518296e-01	-8.072876e-01	-1.100725e+00	2.934375e-01
2.037265214e-05	-6.970973e-01	4.518377e-01	-8.073015e-01	-1.100748e+00	2.934465e-01
2.037340346e-05	-6.971133e-01	4.518459e-01	-8.073155e-01	-1.100771e+00	2.934555e-01
2.037415477e-05	-6.971293e-01	4.518541e-01	-8.073295e-01	-1.100794e+00	2.934645e-01
2.037490609e-05	-6.971453e-01	4.518623e-01	-8.073434e-01	-1.100817e+00	2.934735e-01
2.03756574e-05	-6.971612e-01	4.518705e-01	-8.073574e-01	-1.100840e+00	2.934825e-01
2.037640872e-05	-6.971773e-01	4.518787e-01	-8.073714e-01	-1.100863e+00	2.934916e-01
2.037716003e-05	-6.971933e-01	4.518869e-01	-8.073854e-01	-1.100886e+00	2.935006e-01
2.037791134e-05	-6.972093e-01	4.518950e-01	-8.073994e-01	-1.100909e+00	2.935096e-01
2.037866266e-05	-6.972253e-01	4.519032e-01	-8.074134e-01	-1.100932e+00	2.935186e-01
2.037941397e-05	-6.972413e-01	4.519114e-01	-8.074273e-01	-1.100955e+00	2.935276e-01
2.038016529e-05	-6.972573e-01	4.519196e-01	-8.074413e-01	-1.100978e+00	2.935367e-01
2.03809166e-05	-6.972734e-01	4.519278e-01	-8.074553e-01	-1.101001e+00	2.935457e-01
2.038166792e-05	-6.972894e-01	4.519360e-01	-8.074694e-01	-1.101024e+00	2.935547e-01
2.038241923e-05	-6.973055e-01	4.519442e-01	-8.074834e-01	-1.101047e+00	2.935638e-01
2.038317055e-05	-6.973215e-01	4.519524e-01	-8.074974e-01	-1.101070e+00	2.935728e-01
2.038392186e-05	-6.973376e-01	4.519606e-01	-8.075114e-01	-1.101093e+00	2.935819e-01
2.038467318e-05	-6.973536e-01	4.519688e-01	-8.075254e-01	-1.101116e+00	2.935909e-01
2.038542449e-05	-6.973697e-01	4.519770e-01	-8.075394e-01	-1.101139e+00	2.936000e-01
2.038617581e-05	-6.973858e-01	4.519852e-01	-8.075535e-01	-1.101162e+00	2.936090e-01
2.038692712e-05	-6.974018e-01	4.519935e-01	-8.075675e-01	-1.101186e+00	2.936181e-01
2.038767844e-05	-6.974179e-01	4.520017e-01	-8.075815e-01	-1.101209e+00	2.936271e-01
2.038842975e-05	-6.974340e-01	4.520099e-01	-8.075956e-01	-1.101232e+00	2.936362e-01
2.038918107e-05	-6.974501e-01	4.520181e-01	-8.076096e-01	-1.101255e+00	2.936453e-01
2.038993238e-05	-6.974662e-01	4.520263e-01	-8.076237e-01	-1.101278e+00	2.936544e-01
2.03906837e-05	-6.974823e-01	4.520345e-01	-8.076377e-01	-1.101301e+00	2.936634e-01
2.039143501e-05	-6.974984e-01	4.520428e-01	-8.076518e-01	-1.101324e+00	2.936725e-01
2.039218633e-05	-6.975145e-01	4.520510e-01	-8.076658e-01	-1.101347e+00	2.936816e-01
2.039293764e-05	-6.975306e-01	4.520592e-01	-8.076799e-01	-1.101371e+00	2.936907e-01
2.039368896e-05	-6.975467e-01	4.520674e-01	-8.076939e-01	-1.101394e+00	2.936998e-01
2.039444027e-05	-6.975629e-01	4.520757e-01	-8.077080e-01	-1.101417e+00	2.937089e-01
2.039519159e-05	-6.975790e-01	4.520839e-01	-8.077221e-01	-1.101440e+00	2.937180e-01
2.03959429e-05	-6.975951e-01	4.520921e-01	-8.077361e-01	-1.101463e+00	2.937271e-01
2.039669421e-05	-6.976113e-01	4.521003e-01	-8.077502e-01	-1.101486e+00	2.937362e-01
2.039744553e-05	-6.976274e-01	4.521086e-01	-8.077643e-01	-1.101510e+00	2.937453e-01
2.039819684e-05	-6.976436e-01	4.521168e-01	-8.077784e-01	-1.101533e+00	2.937544e-01
2.039894816e-05	-6.976597e-01	4.521251e-01	-8.077925e-01	-1.101556e+00	2.937635e-01
2.039969947e-05	-6.976759e-01	4.521333e-01	-8.078066e-01	-1.101579e+00	2.937726e-01
2.040045079e-05	-6.976921e-01	4.521415e-01	-8.078207e-01	-1.101602e+00	2.937817e-01
2.04012021e-05	-6.977082e-01	4.521498e-01	-8.078348e-01	-1.101626e+00	2.937909e-01
2.040195342e-05	-6.977244e-01	4.521580e-01	-8.078489e-01	-1.101649e+00	2.938000e-01
2.040270473e-05	-6.977406e-01	4.521663e-01	-8.078630e-01	-1.101672e+00	2.938091e-01
2.040345605e-05	-6.977568e-01	4.521745e-01	-8.078771e-01	-1.101695e+00	2.938183e-01
2.040420736e-05	-6.977730e-01	4.521828e-01	-8.078912e-01	-1.101719e+00	2.938274e-01
2.040495868e-05	-6.977892e-01	4.521910e-01	-8.079053e-01	-1.101742e+00	2.938365e-01
2.040570999e-05	-6.978054e-01	4.521993e-01	-8.079194e-01	-1.101765e+00	2.938457e-01
2.040646131e-05	-6.978216e-01	4.522075e-01	-8.079335e-01	-1.101788e+00	2.938548e-01
2.040721262e-05	-6.978378e-01	4.522158e-01	-8.079477e-01	-1.101812e+00	2.938640e-01
2.040796394e-05	-6.978540e-01	4.522240e-01	-8.079618e-01	-1.101835e+00	2.938731e-01
2.040871525e-05	-6.978703e-01	4.522323e-01	-8.079759e-01	-1.101858e+00	2.938823e-01
2.040946657e-05	-6.978865e-01	4.522405e-01	-8.079901e-01	-1.101882e+00	2.938915e-01
2.041021788e-05	-6.979027e-01	4.522488e-01	-8.080042e-01	-1.101905e+00	2.939006e-01
2.04109692e-05	-6.979190e-01	4.522571e-01	-8.080184e-01	-1.101928e+00	2.939098e-01
2.041172051e-05	-6.979352e-01	4.522653e-01	-8.080325e-01	-1.101951e+00	2.939190e-01
2.041247183e-05	-6.979515e-01	4.522736e-01	-8.080467e-01	-1.101975e+00	2.939281e-01
2.041322314e-05	-6.979677e-01	4.522819e-01	-8.080608e-01	-1.101998e+00	2.939373e-01
2.041397446e-05	-6.979840e-01	4.522901e-01	-8.080750e-01	-1.102021e+00	2.939465e-01
2.041472577e-05	-6.980002e-01	4.522984e-01	-8.080891e-01	-1.102045e+00	2.939557e-01
2.041547708e-05	-6.980165e-01	4.523067e-01	-8.081033e-01	-1.102068e+00	2.939649e-01
2.04162284e-05	-6.980328e-01	4.523150e-01	-8.081175e-01	-1.102091e+00	2.939740e-01
2.041697971e-05	-6.980491e-01	4.523232e-01	-8.081316e-01	-1.102115e+00	2.939832e-01
2.041773103e-05	-6.980653e-01	4.523315e-01	-8.081458e-01	-1.102138e+00	2.939924e-01
2.041848234e-05	-6.980816e-01	4.523398e-01	-8.081600e-01	-1.102162e+00	2.940016e-01
2.041923366e-05	-6.980979e-01	4.523481e-01	-8.081742e-01	-1.102185e+00	2.940108e-01
2.041998497e-05	-6.981142e-01	4.523563e-01	-8.081883e-01	-1.102208e+00	2.940200e-01
2.042073629e-05	-6.981305e-01	4.523646e-01	-8.082025e-01	-1.102232e+00	2.940293e-01
2.04214876e-05	-6.981468e-01	4.523729e-01	-8.082167e-01	-1.102255e+00	2.940385e-01
2.042223892e-05	-6.981631e-01	4.523812e-01	-8.082309e-01	-1.102279e+00	2.940477e-01
2.042299023e-05	-6.981795e-01	4.523895e-01	-8.082451e-01	-1.102302e+00	2.940569e-01
2.042374155e-05	-6.981958e-01	4.523978e-01	-8.082593e-01	-1.102325e+00	2.940661e-01
2.042449286e-05	-6.982121e-01	4.524061e-01	-8.082735e-01	-1.102349e+00	2.940753e-01
2.042524418e-05	-6.982284e-01	4.524144e-01	-8.082877e-01	-1.102372e+00	2.940846e-01
2.042599549e-05	-6.982448e-01	4.524227e-01	-8.083019e-01	-1.102396e+00	2.940938e-01
2.042674681e-05	-6.982611e-01	4.524309e-01	-8.083161e-01	-1.102419e+00	2.941030e-01
2.042749812e-05	-6.982775e-01	4.524392e-01	-8.083304e-01	-1.102443e+00	2.941123e-01
2.042824944e-05	-6.982938e-01	4.524475e-01	-8.083446e-01	-1.102466e+00	2.941215e-01
2.042900075e-05	-6.983102e-01	4.524558e-01	-8.083588e-01	-1.102490e+00	2.941308e-01
2.042975207e-05	-6.983265e-01	4.524641e-01	-8.083730e-01	-1.102513e+00	2.941400e-01
2.043050338e-05	-6.983429e-01	4.524724e-01	-8.083873e-01	-1.102537e+00	2.941493e-01
2.04312547e-05	-6.983593e-01	4.524808e-01	-8.084015e-01	-1.102560e+00	2.941585e-01
2.043200601e-05	-6.983756e-01	4.524891e-01	-8.084157e-01	-1.102584e+00	2.941678e-01
2.043275733e-05	-6.983920e-01	4.524974e-01	-8.084300e-01	-1.102607e+00	2.941770e-01
2.043350864e-05	-6.984084e-01	4.525057e-01	-8.084442e-01	-1.102631e+00	2.941863e-01
2.043425995e-05	-6.984248e-01	4.525140e-01	-8.084585e-01	-1.102654e+00	2.941956e-01
2.043501127e-05	-6.984412e-01	4.525223e-01	-8.084727e-01	-1.102678e+00	2.942048e-01
2.043576258e-05	-6.984576e-01	4.525306e-01	-8.084870e-01	-1.102701e+00	2.942141e-01
2.04365139e-05	-6.984740e-01	4.525389e-01	-8.085012e-01	-1.102725e+00	2.942234e-01
2.043726521e-05	-6.984904e-01	4.525472e-01	-8.085155e-01	-1.102748e+00	2.942327e-01
2.043801653e-05	-6.985068e-01	4.525556e-01	-8.085297e-01	-1.102772e+00	2.942419e-01
2.043876784e-05	-6.985232e-01	4.525639e-01	-8.085440e-01	-1.102795e+00	2.942512e-01
2.043951916e-05	-6.985397e-01	4.525722e-01	-8.085583e-01	-1.102819e+00	2.942605e-01
2.044027047e-05	-6.985561e-01	4.525805e-01	-8.085726e-01	-1.102842e+00	2.942698e-01
2.044102179e-05	-6.985725e-01	4.525888e-01	-8.085868e-01	-1.102866e+00	2.942791e-01
2.04417731e-05	-6.985889e-01	4.525972e-01	-8.086011e-01	-1.102890e+00	2.942884e-01
2.044252442e-05	-6.986054e-01	4.526055e-01	-8.086154e-01	-1.102913e+00	2.942977e-01
2.044327573e-05	-6.986218e-01	4.526138e-01	-8.086297e-01	-1.102937e+00	2.943070e-01
2.044402705e-05	-6.986383e-01	4.526222e-01	-8.086440e-01	-1.102960e+00	2.943163e-01
2.044477836e-05	-6.986547e-01	4.526305e-01	-8.086582e-01	-1.102984e+00	2.943256e-01
2.044552968e-05	-6.986712e-01	4.526388e-01	-8.086725e-01	-1.103007e+00	2.943349e-01
2.044628099e-05	-6.986877e-01	4.526472e-01	-8.086868e-01	-1.103031e+00	2.943442e-01
2.044703231e-05	-6.987041e-01	4.526555e-01	-8.087011e-01	-1.103055e+00	2.943536e-01
2.044778362e-05	-6.987206e-01	4.526638e-01	-8.087154e-01	-1.103078e+00	2.943629e-01
2.044853494e-05	-6.987371e-01	4.526722e-01	-8.087297e-01	-1.103102e+00	2.943722e-01
2.044928625e-05	-6.987536e-01	4.526805e-01	-8.087441e-01	-1.103126e+00	2.943815e-01
2.045003757e-05	-6.987701e-01	4.526888e-01	-8.087584e-01	-1.103149e+00	2.943909e-01
2.045078888e-05	-6.987865e-01	4.526972e-01	-8.087727e-01	-1.103173e+00	2.944002e-01
2.04515402e-05	-6.988030e-01	4.527055e-01	-8.087870e-01	-1.103197e+00	2.944095e-01
2.045229151e-05	-6.988195e-01	4.527139e-01	-8.088013e-01	-1.103220e+00	2.944189e-01
2.045304282e-05	-6.988360e-01	4.527222e-01	-8.088156e-01	-1.103244e+00	2.944282e-01
2.045379414e-05	-6.988526e-01	4.527306e-01	-8.088300e-01	-1.103268e+00	2.944376e-01
2.045454545e-05	-6.988691e-01	4.527389e-01	-8.088443e-01	-1.103291e+00	2.944469e-01
2.045529677e-05	-6.988856e-01	4.527473e-01	-8.088586e-01	-1.103315e+00	2.944563e-01
2.045604808e-05	-6.989021e-01	4.527556e-01	-8.088730e-01	-1.103339e+00	2.944656e-01
2.04567994e-05	-6.989186e-01	4.527640e-01	-8.088873e-01	-1.103362e+00	2.944750e-01
2.045755071e-05	-6.989352e-01	4.527723e-01	-8.089017e-01	-1.103386e+00	2.944843e-01
2.045830203e-05	-6.989517e-01	4.527807e-01	-8.089160e-01	-1.103410e+00	2.944937e-01
2.045905334e-05	-6.989683e-01	4.527891e-01	-8.089304e-01	-1.103433e+00	2.945031e-01
2.045980466e-05	-6.989848e-01	4.527974e-01	-8.089447e-01	-1.103457e+00	2.945124e-01
2.046055597e-05	-6.990014e-01	4.528058e-01	-8.089591e-01	-1.103481e+00	2.945218e-01
2.046130729e-05	-6.990179e-01	4.528141e-01	-8.089734e-01	-1.103505e+00	2.945312e-01
2.04620586e-05	-6.990345e-01	4.528225e-01	-8.089878e-01	-1.103528e+00	2.945406e-01
2.046280992e-05	-6.990510e-01	4.528309e-01	-8.090021e-01	-1.103552e+00	2.945500e-01
2.046356123e-05	-6.990676e-01	4.528392e-01	-8.090165e-01	-1.103576e+00	2.945593e-01
2.046431255e-05	-6.990842e-01	4.528476e-01	-8.090309e-01	-1.103600e+00	2.945687e-01
2.046506386e-05	-6.991008e-01	4.528560e-01	-8.090453e-01	-1.103623e+00	2.945781e-01
2.046581518e-05	-6.991173e-01	4.528643e-01	-8.090596e-01	-1.103647e+00	2.945875e-01
2.046656649e-05	-6.991339e-01	4.528727e-01	-8.090740e-01	-1.103671e+00	2.945969e-01
2.046731781e-05	-6.991505e-01	4.528811e-01	-8.090884e-01	-1.103695e+00	2.946063e-01
2.046806912e-05	-6.991671e-01	4.528895e-01	-8.091028e-01	-1.103718e+00	2.946157e-01
2.046882044e-05	-6.991837e-01	4.528978e-01	-8.091172e-01	-1.103742e+00	2.946251e-01
2.046957175e-05	-6.992003e-01	4.529062e-01	-8.091316e-01	-1.103766e+00	2.946345e-01
2.047032307e-05	-6.992169e-01	4.529146e-01	-8.091459e-01	-1.103790e+00	2.946439e-01
2.047107438e-05	-6.992335e-01	4.529230e-01	-8.091603e-01	-1.103814e+00	2.946534e-01
2.047182569e-05	-6.992501e-01	4.529314e-01	-8.091747e-01	-1.103838e+00	2.946628e-01
2.047257701e-05	-6.992668e-01	4.529397e-01	-8.091891e-01	-1.103861e+00	2.946722e-01
2.047332832e-05	-6.992834e-01	4.529481e-01	-8.092036e-01	-1.103885e+00	2.946816e-01
2.047407964e-05	-6.993000e-01	4.529565e-01	-8.092180e-01	-1.103909e+00	2.946910e-01
2.047483095e-05	-6.993167e-01	4.529649e-01	-8.092324e-01	-1.103933e+00	2.947005e-01
2.047558227e-05	-6.993333e-01	4.529733e-01	-8.092468e-01	-1.103957e+00	2.947099e-01
2.047633358e-05	-6.993499e-01	4.529817e-01	-8.092612e-01	-1.103981e+00	2.947193e-01
2.04770849e-05	-6.993666e-01	4.529901e-01	-8.092756e-01	-1.104004e+00	2.947288e-01
2.047783621e-05	-6.993832e-01	4.529985e-01	-8.092900e-01	-1.104028e+00	2.947382e-01
2.047858753e-05	-6.993999e-01	4.530068e-01	-8.093045e-01	-1.104052e+00	2.947477e-01
2.047933884e-05	-6.994166e-01	4.530152e-01	-8.093189e-01	-1.104076e+00	2.947571e-01
2.048009016e-05	-6.994332e-01	4.530236e-01	-8.093333e-01	-1.104100e+00	2.947666e-01
2.048084147e-05	-6.994499e-01	4.530320e-01	-8.093478e-01	-1.104124e+00	2.947760e-01
2.048159279e-05	-6.994666e-01	4.530404e-01	-8.093622e-01	-1.104148e+00	2.947855e-01
2.04823441e-05	-6.994832e-01	4.530488e-01	-8.093766e-01	-1.104172e+00	2.947949e-01
2.048309542e-05	-6.994999e-01	4.530572e-01	-8.093911e-01	-1.104195e+00	2.948044e-01
2.048384673e-05	-6.995166e-01	4.530656e-01	-8.094055e-01	-1.104219e+00	2.948138e-01
2.048459805e-05	-6.995333e-01	4.530740e-01	-8.094200e-01	-1.104243e+00	2.948233e-01
2.048534936e-05	-6.995500e-01	4.530824e-01	-8.094344e-01	-1.104267e+00	2.948328e-01
2.048610068e-05	-6.995667e-01	4.530909e-01	-8.094489e-01	-1.104291e+00	2.948423e-01
2.048685199e-05	-6.995834e-01	4.530993e-01	-8.094633e-01	-1.104315e+00	2.948517e-01
2.048760331e-05	-6.996001e-01	4.531077e-01	-8.094778e-01	-1.104339e+00	2.948612e-01
2.048835462e-05	-6.996168e-01	4.531161e-01	-8.094923e-01	-1.104363e+00	2.948707e-01
2.048910594e-05	-6.996335e-01	4.531245e-01	-8.095067e-01	-1.104387e+00	2.948802e-01
2.048985725e-05	-6.996502e-01	4.531329e-01	-8.095212e-01	-1.104411e+00	2.948897e-01
2.049060856e-05	-6.996670e-01	4.531413e-01	-8.095357e-01	-1.104435e+00	2.948991e-01
2.049135988e-05	-6.996837e-01	4.531497e-01	-8.095501e-01	-1.104459e+00	2.949086e-01
2.049211119e-05	-6.997004e-01	4.531582e-01	-8.095646e-01	-1.104483e+00	2.949181e-01
2.049286251e-05	-6.997172e-01	4.531666e-01	-8.095791e-01	-1.104507e+00	2.949276e-01
2.049361382e-05	-6.997339e-01	4.531750e-01	-8.095936e-01	-1.104531e+00	2.949371e-01
2.049436514e-05	-6.997507e-01	4.531834e-01	-8.096081e-01	-1.104555e+00	2.949466e-01
2.049511645e-05	-6.997674e-01	4.531918e-01	-8.096225e-01	-1.104579e+00	2.949561e-01
2.049586777e-05	-6.997842e-01	4.532003e-01	-8.096370e-01	-1.104603e+00	2.949656e-01
2.049661908e-05	-6.998009e-01	4.532087e-01	-8.096515e-01	-1.104627e+00	2.949752e-01
2.04973704e-05	-6.998177e-01	4.532171e-01	-8.096660e-01	-1.104651e+00	2.949847e-01
2.049812171e-05	-6.998344e-01	4.532255e-01	-8.096805e-01	-1.104675e+00	2.949942e-01
2.049887303e-05	-6.998512e-01	4.532340e-01	-8.096950e-01	-1.104699e+00	2.950037e-01
2.049962434e-05	-6.998680e-01	4.532424e-01	-8.097095e-01	-1.104723e+00	2.950132e-01
2.050037566e-05	-6.998848e-01	4.532508e-01	-8.097240e-01	-1.104747e+00	2.950228e-01
2.050112697e-05	-6.999015e-01	4.532593e-01	-8.097385e-01	-1.104771e+00	2.950323e-01
2.050187829e-05	-6.999183e-01	4.532677e-01	-8.097530e-01	-1.104795e+00	2.950418e-01
2.05026296e-05	-6.999351e-01	4.532761e-01	-8.097676e-01	-1.104819e+00	2.950513e-01
2.050338092e-05	-6.999519e-01	4.532846e-01	-8.097821e-01	-1.104843e+00	2.950609e-01
2.050413223e-05	-6.999687e-01	4.532930e-01	-8.097966e-01	-1.104867e+00	2.950704e-01
2.050488355e-05	-6.999855e-01	4.533014e-01	-8.098111e-01	-1.104891e+00	2.950800e-01
2.050563486e-05	-7.000023e-01	4.533099e-01	-8.098256e-01	-1.104915e+00	2.950895e-01
2.050638618e-05	-7.000191e-01	4.533183e-01	-8.098402e-01	-1.104939e+00	2.950991e-01
2.050713749e-05	-7.000360e-01	4.533268e-01	-8.098547e-01	-1.104963e+00	2.951086e-01
2.050788881e-05	-7.000528e-01	4.533352e-01	-8.098692e-01	-1.104987e+00	2.951182e-01
2.050864012e-05	-7.000696e-01	4.533436e-01	-8.098838e-01	-1.105011e+00	2.951277e-01
2.050939144e-05	-7.000864e-01	4.533521e-01	-8.098983e-01	-1.105036e+00	2.951373e-01
2.051014275e-05	-7.001033e-01	4.533605e-01	-8.099128e-01	-1.105060e+00	2.951468e-01
2.051089406e-05	-7.001201e-01	4.533690e-01	-8.099274e-01	-1.105084e+00	2.951564e-01
2.051164538e-05	-7.001369e-01	4.533774e-01	-8.099419e-01	-1.105108e+00	2.951660e-01
2.051239669e-05	-7.001538e-01	4.533859e-01	-8.099565e-01	-1.105132e+00	2.951755e-01
2.051314801e-05	-7.001706e-01	4.533943e-01	-8.099710e-01	-1.105156e+00	2.951851e-01
2.051389932e-05	-7.001875e-01	4.534028e-01	-8.099856e-01	-1.105180e+00	2.951947e-01
2.051465064e-05	-7.002043e-01	4.534112e-01	-8.100001e-01	-1.105204e+00	2.952043e-01
2.051540195e-05	-7.002212e-01	4.534197e-01	-8.100147e-01	-1.105229e+00	2.952138e-01
2.051615327e-05	-7.002380e-01	4.534282e-01	-8.100293e-01	-1.105253e+00	2.952234e-01
2.051690458e-05	-7.002549e-01	4.534366e-01	-8.100438e-01	-1.105277e+00	2.952330e-01
2.05176559e-05	-7.002718e-01	4.534451e-01	-8.100584e-01	-1.105301e+00	2.952426e-01
2.051840721e-05	-7.002887e-01	4.534535e-01	-8.100730e-01	-1.105325e+00	2.952522e-01
2.051915853e-05	-7.003055e-01	4.534620e-01	-8.100875e-01	-1.105349e+00	2.952618e-01
2.051990984e-05	-7.003224e-01	4.534705e-01	-8.101021e-01	-1.105373e+00	2.952714e-01
2.052066116e-05	-7.003393e-01	4.534789e-01	-8.101167e-01	-1.105398e+00	2.952810e-01
2.052141247e-05	-7.003562e-01	4.534874e-01	-8.101313e-01	-1.105422e+00	2.952906e-01
2.052216379e-05	-7.003731e-01	4.534959e-01	-8.101458e-01	-1.105446e+00	2.953002e-01
2.05229151e-05	-7.003900e-01	4.535043e-01	-8.101604e-01	-1.105470e+00	2.953098e-01
2.052366642e-05	-7.004069e-01	4.535128e-01	-8.101750e-01	-1.105494e+00	2.953194e-01
2.052441773e-05	-7.004238e-01	4.535213e-01	-8.101896e-01	-1.105519e+00	2.953290e-01
2.052516905e-05	-7.004407e-01	4.535297e-01	-8.102042e-01	-1.105543e+00	2.953386e-01
2.052592036e-05	-7.004576e-01	4.535382e-01	-8.102188e-01	-1.105567e+00	2.953482e-01
2.052667168e-05	-7.004745e-01	4.535467e-01	-8.102334e-01	-1.105591e+00	2.953578e-01
2.052742299e-05	-7.004915e-01	4.535551e-01	-8.102480e-01	-1.105615e+00	2.953675e-01
2.052817431e-05	-7.005084e-01	4.535636e-01	-8.102626e-01	-1.105640e+00	2.953771e-01
2.052892562e-05	-7.005253e-01	4.535721e-01	-8.102772e-01	-1.105664e+00	2.953867e-01
2.052967693e-05	-7.005423e-01	4.535806e-01	-8.102918e-01	-1.105688e+00	2.953964e-01
2.053042825e-05	-7.005592e-01	4.535891e-01	-8.103064e-01	-1.105712e+00	2.954060e-01
2.053117956e-05	-7.005761e-01	4.535975e-01	-8.103210e-01	-1.105737e+00	2.954156e-01
2.053193088e-05	-7.005931e-01	4.536060e-01	-8.103356e-01	-1.105761e+00	2.954253e-01
2.053268219e-05	-7.006100e-01	4.536145e-01	-8.103503e-01	-1.105785e+00	2.954349e-01
2.053343351e-05	-7.006270e-01	4.536230e-01	-8.103649e-01	-1.105809e+00	2.954445e-01
2.053418482e-05	-7.006439e-01	4.536315e-01	-8.103795e-01	-1.105834e+00	2.954542e-01
2.053493614e-05	-7.006609e-01	4.536400e-01	-8.103941e-01	-1.105858e+00	2.954638e-01
2.053568745e-05	-7.006779e-01	4.536484e-01	-8.104088e-01	-1.105882e+00	2.954735e-01
2.053643877e-05	-7.006948e-01	4.536569e-01	-8.104234e-01	-1.105907e+00	2.954831e-01
2.053719008e-05	-7.007118e-01	4.536654e-01	-8.104380e-01	-1.105931e+00	2.954928e-01
2.05379414e-05	-7.007288e-01	4.536739e-01	-8.104526e-01	-1.105955e+00	2.955025e-01
2.053869271e-05	-7.007458e-01	4.536824e-01	-8.104673e-01	-1.105979e+00	2.955121e-01
2.053944403e-05	-7.007627e-01	4.536909e-01	-8.104819e-01	-1.106004e+00	2.955218e-01
2.054019534e-05	-7.007797e-01	4.536994e-01	-8.104966e-01	-1.106028e+00	2.955314e-01
2.054094666e-05	-7.007967e-01	4.537079e-01	-8.105112e-01	-1.106052e+00	2.955411e-01
2.054169797e-05	-7.008137e-01	4.537164e-01	-8.105259e-01	-1.106077e+00	2.955508e-01
2.054244929e-05	-7.008307e-01	4.537249e-01	-8.105405e-01	-1.106101e+00	2.955605e-01
2.05432006e-05	-7.008477e-01	4.537334e-01	-8.105552e-01	-1.106125e+00	2.955701e-01
2.054395192e-05	-7.008647e-01	4.537419e-01	-8.105698e-01	-1.106150e+00	2.955798e-01
2.054470323e-05	-7.008817e-01	4.537504e-01	-8.105845e-01	-1.106174e+00	2.955895e-01
2.054545455e-05	-7.008987e-01	4.537589e-01	-8.105991e-01	-1.106198e+00	2.955992e-01
2.054620586e-05	-7.009158e-01	4.537674e-01	-8.106138e-01	-1.106223e+00	2.956089e-01
2.054695718e-05	-7.009328e-01	4.537759e-01	-8.106284e-01	-1.106247e+00	2.956186e-01
2.054770849e-05	-7.009498e-01	4.537844e-01	-8.106431e-01	-1.106271e+00	2.956283e-01
2.05484598e-05	-7.009668e-01	4.537929e-01	-8.106578e-01	-1.106296e+00	2.956379e-01
2.054921112e-05	-7.009839e-01	4.538014e-01	-8.106725e-01	-1.106320e+00	2.956476e-01
2.054996243e-05	-7.010009e-01	4.538099e-01	-8.106871e-01	-1.106344e+00	2.956573e-01
2.055071375e-05	-7.010179e-01	4.538184e-01	-8.107018e-01	-1.106369e+00	2.956670e-01
2.055146506e-05	-7.010350e-01	4.538269e-01	-8.107165e-01	-1.106393e+00	2.956767e-01
2.055221638e-05	-7.010520e-01	4.538354e-01	-8.107312e-01	-1.106418e+00	2.956865e-01
2.055296769e-05	-7.010691e-01	4.538439e-01	-8.107458e-01	-1.106442e+00	2.956962e-01
2.055371901e-05	-7.010861e-01	4.538525e-01	-8.107605e-01	-1.106466e+00	2.957059e-01
2.055447032e-05	-7.011032e-01	4.538610e-01	-8.107752e-01	-1.106491e+00	2.957156e-01
2.055522164e-05	-7.011203e-01	4.538695e-01	-8.107899e-01	-1.106515e+00	2.957253e-01
2.055597295e-05	-7.011373e-01	4.538780e-01	-8.108046e-01	-1.106540e+00	2.957350e-01
2.055672427e-05	-7.011544e-01	4.538865e-01	-8.108193e-01	-1.106564e+00	2.957448e-01
2.055747558e-05	-7.011715e-01	4.538950e-01	-8.108340e-01	-1.106588e+00	2.957545e-01
2.05582269e-05	-7.011885e-01	4.539036e-01	-8.108487e-01	-1.106613e+00	2.957642e-01
2.055897821e-05	-7.012056e-01	4.539121e-01	-8.108634e-01	-1.106637e+00	2.957739e-01
