/*--------------------------------*- C++ -*----------------------------------*\
| =========                 |                                                 |
| \\      /  F ield         | OpenFOAM: The Open Source CFD Toolbox           |
|  \\    /   O peration     | Version:  v1706                                 |
|   \\  /    A nd           | Web:      www.OpenFOAM.com                      |
|    \\/     M anipulation  |                                                 |
\*---------------------------------------------------------------------------*/
FoamFile
{
    version     2.0;
    format      ascii;
    class       volVectorField;
    location    "3.8e-05";
    object      wallShearStress;
}
// * * * * * * * * * * * * * * * * * * * * * * * * * * * * * * * * * * * * * //

dimensions      [1 -1 -2 0 0 0 0];


internalField   uniform (0 0 0);

boundaryField
{
    cone
    {
        type            calculated;
        value           nonuniform List<vector> 
153
(
(-71.8147 -61.5812 -9.16655e-14)
(-72.0258 -61.048 -8.65093e-14)
(-72.2263 -60.5092 -8.48904e-14)
(-72.4162 -59.9647 -8.56966e-14)
(-72.5951 -59.4145 -8.06916e-14)
(-72.7631 -58.8585 -7.74402e-14)
(-72.9201 -58.2971 -7.99664e-14)
(-73.0661 -57.7306 -7.56177e-14)
(-73.201 -57.159 -7.35324e-14)
(-73.3249 -56.5826 -7.22611e-14)
(-73.4378 -56.0017 -7.1956e-14)
(-73.5396 -55.4163 -6.97036e-14)
(-73.6304 -54.8268 -7.01236e-14)
(-73.7102 -54.2334 -6.72082e-14)
(-73.7789 -53.6362 -6.39823e-14)
(-73.8366 -53.0355 -6.25763e-14)
(-73.8832 -52.4314 -6.35037e-14)
(-73.9187 -51.8241 -5.87489e-14)
(-73.9432 -51.2138 -5.8596e-14)
(-73.9565 -50.6007 -5.82708e-14)
(-73.9583 -49.985 -5.59998e-14)
(-73.9488 -49.3669 -5.50318e-14)
(-73.9277 -48.7465 -5.04595e-14)
(-73.8948 -48.1239 -4.94077e-14)
(-73.8501 -47.4992 -4.97054e-14)
(-73.793 -46.8726 -4.67022e-14)
(-73.7235 -46.2442 -4.88862e-14)
(-73.6409 -45.6139 -4.86427e-14)
(-73.5448 -44.982 -4.49715e-14)
(-73.4346 -44.3483 -4.50578e-14)
(-73.3094 -43.713 -4.66137e-14)
(-73.1683 -43.076 -4.31577e-14)
(-73.0102 -42.4372 -4.41003e-14)
(-72.8337 -41.7965 -3.99452e-14)
(-72.637 -41.1538 -3.94441e-14)
(-72.4183 -40.5089 -3.85424e-14)
(-72.175 -39.8616 -3.79817e-14)
(-71.9044 -39.2115 -3.87897e-14)
(-71.6028 -38.5582 -3.96093e-14)
(-71.2664 -37.9013 -3.70187e-14)
(-70.8901 -37.2404 -3.51235e-14)
(-70.4678 -36.5747 -3.57834e-14)
(-69.9923 -35.9031 -3.32277e-14)
(-69.4548 -35.227 -3.236e-14)
(-68.8419 -34.5446 -3.13775e-14)
(-68.1356 -33.8553 -3.0987e-14)
(-67.3195 -33.1631 -3.05717e-14)
(-66.3266 -32.5294 -2.90222e-14)
(-65.2548 -31.7711 -2.80762e-14)
(-64.2521 -31.0201 -2.64105e-14)
(-63.3277 -30.4446 -2.81022e-14)
(-62.4877 -29.9571 -2.80969e-14)
(-61.7143 -29.5215 -2.69477e-14)
(-60.994 -29.1253 -2.65467e-14)
(-60.3176 -28.7604 -2.56806e-14)
(-59.6785 -28.4211 -2.50107e-14)
(-59.0717 -28.1033 -2.58144e-14)
(-58.4931 -27.8037 -2.48859e-14)
(-57.9394 -27.5199 -2.42541e-14)
(-57.4079 -27.2499 -2.48426e-14)
(-56.8961 -26.9921 -2.28119e-14)
(-56.4022 -26.7451 -2.22248e-14)
(-55.9244 -26.5078 -2.29369e-14)
(-55.4611 -26.2793 -2.29112e-14)
(-55.0112 -26.0588 -2.28904e-14)
(-54.5734 -25.8454 -2.09292e-14)
(-54.1466 -25.6386 -2.00594e-14)
(-53.73 -25.4378 -1.95142e-14)
(-53.3226 -25.2425 -2.11321e-14)
(-52.9237 -25.0521 -2.0993e-14)
(-52.5325 -24.8665 -1.87415e-14)
(-52.1486 -24.685 -1.82912e-14)
(-51.7711 -24.5075 -1.72751e-14)
(-51.3997 -24.3336 -1.69204e-14)
(-51.0338 -24.1629 -1.78422e-14)
(-50.6729 -23.9953 -1.81844e-14)
(-50.3166 -23.8306 -1.74459e-14)
(-49.9644 -23.6684 -1.69007e-14)
(-49.6161 -23.5085 -1.78772e-14)
(-49.2712 -23.3508 -1.82188e-14)
(-48.9296 -23.1949 -1.7008e-14)
(-48.591 -23.0409 -1.65435e-14)
(-48.2549 -22.8887 -1.56149e-14)
(-47.9211 -22.738 -1.51675e-14)
(-47.5892 -22.5886 -1.63073e-14)
(-47.259 -22.4403 -1.52214e-14)
(-46.9304 -22.2931 -1.47224e-14)
(-46.6029 -22.1477 -1.52669e-14)
(-46.2767 -22.0034 -1.54902e-14)
(-45.9523 -21.8587 -1.45562e-14)
(-45.6282 -21.7133 -1.4821e-14)
(-45.3048 -21.5701 -1.34177e-14)
(-44.9819 -21.4275 -1.18168e-14)
(-44.6595 -21.2852 -1.29571e-14)
(-44.3374 -21.1432 -1.21408e-14)
(-44.0154 -21.0013 -1.2545e-14)
(-43.6936 -20.8597 -1.40228e-14)
(-43.3718 -20.7182 -1.24497e-14)
(-43.0499 -20.5767 -1.21609e-14)
(-42.7279 -20.4352 -8.78746e-15)
(-42.4056 -20.2937 -1.09559e-14)
(-42.0831 -20.1521 -8.71917e-15)
(-41.7603 -20.0104 -9.90808e-15)
(-41.4371 -19.8685 -1.14767e-14)
(-41.1135 -19.7264 -9.18962e-15)
(-40.7895 -19.584 -1.05464e-14)
(-40.4651 -19.4414 -1.14291e-14)
(-40.1402 -19.2985 -1.25226e-14)
(-39.8148 -19.1553 -9.68276e-15)
(-39.489 -19.0118 -9.54745e-15)
(-39.1627 -18.8679 -8.4687e-15)
(-38.836 -18.7237 -1.1022e-14)
(-38.5089 -18.5791 -7.17326e-15)
(-38.1813 -18.4341 -7.62956e-15)
(-37.8534 -18.2888 -7.03334e-15)
(-37.5251 -18.1431 -7.28096e-15)
(-37.1965 -17.9971 -8.18563e-15)
(-36.8676 -17.8507 -8.13135e-15)
(-36.5385 -17.7039 -7.04529e-15)
(-36.2092 -17.5568 -8.05978e-15)
(-35.8797 -17.4093 -8.23867e-15)
(-35.5502 -17.2616 -6.24733e-15)
(-35.2207 -17.1136 -7.74775e-15)
(-34.8912 -16.9653 -8.75434e-15)
(-34.5618 -16.8167 -7.44666e-15)
(-34.2326 -16.6679 -6.08154e-15)
(-33.9037 -16.5189 -7.75769e-15)
(-33.5751 -16.3698 -6.55981e-15)
(-33.2469 -16.2205 -6.31469e-15)
(-32.9191 -16.0711 -7.11525e-15)
(-32.592 -15.9217 -7.08053e-15)
(-32.2655 -15.7722 -6.67406e-15)
(-31.9398 -15.6227 -4.34519e-15)
(-31.6148 -15.4732 -4.86215e-15)
(-31.2908 -15.3239 -3.63061e-15)
(-30.9678 -15.1747 -1.75551e-15)
(-30.6459 -15.0256 -4.09711e-15)
(-30.3252 -14.8768 -2.95188e-15)
(-30.0057 -14.7282 -3.13569e-15)
(-29.6876 -14.5799 -5.03539e-15)
(-29.371 -14.432 -6.75807e-15)
(-29.0559 -14.2844 -6.69351e-15)
(-28.7424 -14.1373 -4.66716e-15)
(-28.4306 -13.9907 -2.68853e-15)
(-28.1205 -13.8446 -3.11423e-15)
(-27.8123 -13.6991 -4.93284e-15)
(-27.5061 -13.5542 -3.52895e-15)
(-27.2018 -13.41 -2.77539e-15)
(-26.8997 -13.2664 -4.07379e-15)
(-26.5997 -13.1236 -4.99678e-15)
(-26.3019 -12.9816 -3.6179e-15)
(-26.0069 -12.8402 -4.22052e-15)
(-25.7142 -12.7003 -1.24125e-15)
)
;
    }
    inlet
    {
        type            calculated;
        value           uniform (0 0 0);
    }
    rWedge
    {
        type            wedge;
    }
    lWedge
    {
        type            wedge;
    }
    outlet
    {
        type            calculated;
        value           nonuniform 0();
    }
    procBoundary2to0
    {
        type            processor;
        value           uniform (0 0 0);
    }
    procBoundary2to1
    {
        type            processor;
        value           uniform (0 0 0);
    }
    procBoundary2to3
    {
        type            processor;
        value           uniform (0 0 0);
    }
}


// ************************************************************************* //
