/*--------------------------------*- C++ -*----------------------------------*\
| =========                 |                                                 |
| \\      /  F ield         | OpenFOAM: The Open Source CFD Toolbox           |
|  \\    /   O peration     | Version:  v1706                                 |
|   \\  /    A nd           | Web:      www.OpenFOAM.com                      |
|    \\/     M anipulation  |                                                 |
\*---------------------------------------------------------------------------*/
FoamFile
{
    version     2.0;
    format      ascii;
    class       volVectorField;
    location    "3.9e-05";
    object      wallShearStress;
}
// * * * * * * * * * * * * * * * * * * * * * * * * * * * * * * * * * * * * * //

dimensions      [1 -1 -2 0 0 0 0];


internalField   uniform (0 0 0);

boundaryField
{
    cone
    {
        type            calculated;
        value           nonuniform List<vector> 
153
(
(-71.8751 -61.6302 -9.1405e-14)
(-72.0866 -61.0969 -8.66492e-14)
(-72.2876 -60.5578 -8.43901e-14)
(-72.4779 -60.013 -8.54108e-14)
(-72.6574 -59.4625 -8.04026e-14)
(-72.8258 -58.9063 -7.75385e-14)
(-72.9833 -58.3446 -7.99878e-14)
(-73.1297 -57.7778 -7.55864e-14)
(-73.2652 -57.2059 -7.363e-14)
(-73.3896 -56.6293 -7.1975e-14)
(-73.5029 -56.048 -7.18597e-14)
(-73.6053 -55.4624 -6.98096e-14)
(-73.6966 -54.8726 -7.05104e-14)
(-73.7769 -54.2789 -6.68261e-14)
(-73.8462 -53.6814 -6.35121e-14)
(-73.9044 -53.0804 -6.29429e-14)
(-73.9516 -52.476 -6.36203e-14)
(-73.9877 -51.8684 -5.87231e-14)
(-74.0128 -51.2578 -5.84709e-14)
(-74.0267 -50.6445 -5.85757e-14)
(-74.0292 -50.0285 -5.55965e-14)
(-74.0203 -49.4102 -5.48956e-14)
(-73.9999 -48.7895 -5.04286e-14)
(-73.9679 -48.1666 -4.94901e-14)
(-73.9239 -47.5417 -4.93133e-14)
(-73.8678 -46.9148 -4.67932e-14)
(-73.7991 -46.2862 -4.88772e-14)
(-73.7176 -45.6557 -4.78775e-14)
(-73.6225 -45.0236 -4.4924e-14)
(-73.5135 -44.3898 -4.43751e-14)
(-73.3895 -43.7543 -4.64842e-14)
(-73.2498 -43.1171 -4.25856e-14)
(-73.0931 -42.4782 -4.41308e-14)
(-72.9182 -41.8375 -3.94996e-14)
(-72.7233 -41.1947 -3.91271e-14)
(-72.5064 -40.5498 -3.87821e-14)
(-72.2652 -39.9025 -3.80389e-14)
(-71.9967 -39.2524 -3.83166e-14)
(-71.6976 -38.5993 -3.91704e-14)
(-71.3638 -37.9425 -3.70439e-14)
(-70.9902 -37.2817 -3.50219e-14)
(-70.571 -36.6163 -3.57293e-14)
(-70.0988 -35.9452 -3.30516e-14)
(-69.5646 -35.2691 -3.24044e-14)
(-68.9555 -34.5873 -3.14395e-14)
(-68.253 -33.8988 -3.09177e-14)
(-67.4407 -33.2074 -3.02891e-14)
(-66.4517 -32.5751 -2.87932e-14)
(-65.3842 -31.8179 -2.79064e-14)
(-64.3863 -31.0677 -2.63791e-14)
(-63.4667 -30.4934 -2.80866e-14)
(-62.6318 -30.0073 -2.80956e-14)
(-61.8637 -29.5733 -2.66881e-14)
(-61.1489 -29.1788 -2.65274e-14)
(-60.4783 -28.8157 -2.56647e-14)
(-59.8453 -28.4783 -2.53373e-14)
(-59.2448 -28.1625 -2.58715e-14)
(-58.6727 -27.865 -2.50786e-14)
(-58.1259 -27.5834 -2.409e-14)
(-57.6014 -27.3157 -2.49133e-14)
(-57.0971 -27.0603 -2.31287e-14)
(-56.6108 -26.8159 -2.21834e-14)
(-56.141 -26.5813 -2.29716e-14)
(-55.686 -26.3556 -2.31528e-14)
(-55.2446 -26.1379 -2.29995e-14)
(-54.8156 -25.9275 -2.1149e-14)
(-54.398 -25.7239 -2.02758e-14)
(-53.9908 -25.5263 -1.97277e-14)
(-53.5931 -25.3344 -2.09574e-14)
(-53.2042 -25.1476 -2.09582e-14)
(-52.8235 -24.9656 -1.87512e-14)
(-52.4501 -24.7879 -1.82599e-14)
(-52.0837 -24.6143 -1.73692e-14)
(-51.7235 -24.4445 -1.68006e-14)
(-51.3691 -24.278 -1.76413e-14)
(-51.0201 -24.1148 -1.81167e-14)
(-50.676 -23.9545 -1.76212e-14)
(-50.3363 -23.7969 -1.67169e-14)
(-50.0008 -23.6418 -1.78919e-14)
(-49.669 -23.489 -1.8171e-14)
(-49.3406 -23.3383 -1.70399e-14)
(-49.0153 -23.1896 -1.65071e-14)
(-48.6927 -23.0427 -1.57021e-14)
(-48.3729 -22.8973 -1.51362e-14)
(-48.0555 -22.7533 -1.65312e-14)
(-47.7401 -22.6108 -1.54671e-14)
(-47.4265 -22.4697 -1.47888e-14)
(-47.1144 -22.3296 -1.53714e-14)
(-46.8036 -22.1904 -1.56618e-14)
(-46.4941 -22.052 -1.50901e-14)
(-46.1854 -21.9147 -1.49294e-14)
(-45.8773 -21.7791 -1.34125e-14)
(-45.5706 -21.6432 -1.17834e-14)
(-45.2646 -21.5064 -1.32108e-14)
(-44.9586 -21.3706 -1.25783e-14)
(-44.6528 -21.2359 -1.31274e-14)
(-44.3473 -21.1014 -1.42451e-14)
(-44.0419 -20.967 -1.26117e-14)
(-43.7364 -20.8328 -1.18741e-14)
(-43.4308 -20.6986 -8.99251e-15)
(-43.125 -20.5644 -1.13046e-14)
(-42.8189 -20.4302 -8.96596e-15)
(-42.5125 -20.2959 -1.03199e-14)
(-42.2056 -20.1615 -1.16247e-14)
(-41.8982 -20.0269 -9.36527e-15)
(-41.5904 -19.8921 -1.05087e-14)
(-41.2819 -19.7571 -1.19377e-14)
(-40.9729 -19.6217 -1.25943e-14)
(-40.6632 -19.4861 -9.96596e-15)
(-40.3528 -19.3501 -9.55818e-15)
(-40.0418 -19.2138 -8.56736e-15)
(-39.7301 -19.077 -1.12145e-14)
(-39.4177 -18.9399 -7.64155e-15)
(-39.1045 -18.8023 -7.55436e-15)
(-38.7907 -18.6643 -7.5919e-15)
(-38.4763 -18.5258 -7.6213e-15)
(-38.1611 -18.3869 -8.53925e-15)
(-37.8453 -18.2475 -8.51847e-15)
(-37.5289 -18.1077 -7.38924e-15)
(-37.2119 -17.9674 -8.4277e-15)
(-36.8944 -17.8266 -8.53165e-15)
(-36.5763 -17.6854 -6.54801e-15)
(-36.2578 -17.5437 -8.00625e-15)
(-35.9388 -17.4016 -9.23149e-15)
(-35.6195 -17.2591 -7.48628e-15)
(-35.2999 -17.1161 -6.73081e-15)
(-34.98 -16.9728 -8.3783e-15)
(-34.6599 -16.8291 -6.93787e-15)
(-34.3398 -16.6851 -7.00961e-15)
(-34.0195 -16.5407 -7.75478e-15)
(-33.6993 -16.3961 -7.43647e-15)
(-33.3792 -16.2512 -6.75602e-15)
(-33.0593 -16.106 -4.71817e-15)
(-32.7397 -15.9607 -5.46428e-15)
(-32.4204 -15.8152 -4.0005e-15)
(-32.1015 -15.6696 -1.86594e-15)
(-31.7832 -15.5239 -4.37621e-15)
(-31.4655 -15.3781 -3.45005e-15)
(-31.1485 -15.2323 -3.44529e-15)
(-30.8323 -15.0866 -5.28447e-15)
(-30.517 -14.9409 -6.68913e-15)
(-30.2027 -14.7954 -7.04133e-15)
(-29.8895 -14.65 -5.09228e-15)
(-29.5774 -14.5049 -3.33338e-15)
(-29.2665 -14.36 -3.27452e-15)
(-28.957 -14.2154 -4.92714e-15)
(-28.649 -14.0712 -3.61236e-15)
(-28.3424 -13.9273 -3.01043e-15)
(-28.0374 -13.7839 -4.01337e-15)
(-27.7342 -13.641 -5.37244e-15)
(-27.4326 -13.4986 -4.10086e-15)
(-27.1335 -13.3566 -4.78724e-15)
(-26.8362 -13.216 -1.98674e-15)
)
;
    }
    inlet
    {
        type            calculated;
        value           uniform (0 0 0);
    }
    rWedge
    {
        type            wedge;
    }
    lWedge
    {
        type            wedge;
    }
    outlet
    {
        type            calculated;
        value           nonuniform 0();
    }
    procBoundary2to0
    {
        type            processor;
        value           uniform (0 0 0);
    }
    procBoundary2to1
    {
        type            processor;
        value           uniform (0 0 0);
    }
    procBoundary2to3
    {
        type            processor;
        value           uniform (0 0 0);
    }
}


// ************************************************************************* //
