/*--------------------------------*- C++ -*----------------------------------*\
| =========                 |                                                 |
| \\      /  F ield         | OpenFOAM: The Open Source CFD Toolbox           |
|  \\    /   O peration     | Version:  v1706                                 |
|   \\  /    A nd           | Web:      www.OpenFOAM.com                      |
|    \\/     M anipulation  |                                                 |
\*---------------------------------------------------------------------------*/
FoamFile
{
    version     2.0;
    format      ascii;
    class       volVectorField;
    location    "1.1e-05";
    object      wallShearStress;
}
// * * * * * * * * * * * * * * * * * * * * * * * * * * * * * * * * * * * * * //

dimensions      [1 -1 -2 0 0 0 0];


internalField   uniform (0 0 0);

boundaryField
{
    cone
    {
        type            calculated;
        value           nonuniform List<vector> 
119
(
(-7.11841 -8.47166 -5.29346e-10)
(-7.0121 -8.65251 -3.48902e-10)
(-6.92801 -8.82215 -2.06126e-10)
(-6.86375 -8.9811 -1.10398e-10)
(-6.81689 -9.13069 -5.41259e-11)
(-6.78481 -9.27233 -2.45139e-11)
(-6.76509 -9.40763 -1.03702e-11)
(-6.75555 -9.53822 -4.14707e-12)
(-6.75427 -9.66567 -1.60174e-12)
(-6.75976 -9.79135 -6.16159e-13)
(-6.77088 -9.9164 -2.4411e-13)
(-6.7869 -10.0417 -1.05899e-13)
(-6.8074 -10.1678 -4.09949e-14)
(-6.83229 -10.2949 -1.72285e-14)
(-6.86169 -10.4232 -9.59661e-15)
(-6.89587 -10.5524 -2.41209e-14)
(-6.9352 -10.6823 -8.07433e-15)
(-6.98006 -10.8124 -1.25345e-14)
(-7.03082 -10.9424 -1.24973e-14)
(-7.08777 -11.0719 -2.70776e-14)
(-7.15112 -11.2005 -3.71832e-14)
(-7.22095 -11.3281 -2.90273e-14)
(-7.29729 -11.4544 -3.55583e-14)
(-7.38002 -11.5796 -1.16623e-14)
(-7.46899 -11.7036 -5.71715e-15)
(-7.564 -11.8267 -1.07949e-14)
(-7.66485 -11.9491 -1.41129e-14)
(-7.77132 -12.0711 -2.42587e-14)
(-7.88327 -12.1929 -2.13381e-14)
(-8.00057 -12.3149 -1.25904e-14)
(-8.12319 -12.4372 -1.85127e-14)
(-8.2511 -12.5601 -2.99032e-14)
(-8.3844 -12.6836 -5.57736e-15)
(-8.52318 -12.8079 -2.48194e-14)
(-8.66761 -12.933 -1.30754e-14)
(-8.81787 -13.0589 -1.30036e-14)
(-8.97416 -13.1854 -1.7202e-15)
(-9.13671 -13.3127 -1.67877e-14)
(-9.30572 -13.4406 -1.50513e-14)
(-9.48143 -13.569 -9.78841e-15)
(-9.66405 -13.6978 -3.00162e-14)
(-9.85379 -13.827 -1.29586e-14)
(-10.0509 -13.9565 -1.65522e-14)
(-10.2554 -14.0862 -3.10802e-14)
(-10.4678 -14.216 -2.33305e-14)
(-10.688 -14.3459 -3.86614e-14)
(-10.9163 -14.4759 -2.0119e-14)
(-11.1529 -14.6057 8.66423e-15)
(-11.3981 -14.7354 -1.92819e-14)
(-11.6518 -14.8649 -1.42695e-14)
(-11.9145 -14.994 -1.2487e-14)
(-12.1862 -15.1227 -1.79921e-14)
(-12.467 -15.2508 -1.80087e-14)
(-12.7573 -15.3783 -1.18169e-14)
(-13.057 -15.5049 -3.70112e-14)
(-13.3663 -15.6307 -1.54369e-14)
(-13.6854 -15.7555 -8.69318e-15)
(-14.0144 -15.879 -2.64006e-14)
(-14.3534 -16.0014 -3.28002e-14)
(-14.7025 -16.1224 -2.68266e-14)
(-15.0619 -16.242 -1.79164e-14)
(-15.4318 -16.3601 -2.00156e-14)
(-15.8123 -16.4766 -2.1181e-14)
(-16.2037 -16.5914 -2.67545e-14)
(-16.606 -16.7045 -2.17468e-14)
(-17.0194 -16.8158 -3.01526e-14)
(-17.4442 -16.9251 -2.13543e-14)
(-17.8804 -17.0324 -3.22784e-14)
(-18.3281 -17.1375 -3.12964e-14)
(-18.7873 -17.2404 -3.0951e-14)
(-19.2581 -17.3409 -2.5894e-14)
(-19.7403 -17.4389 -2.52635e-14)
(-20.2339 -17.5343 -2.94353e-14)
(-20.7389 -17.6271 -1.87571e-14)
(-21.255 -17.7173 -2.67817e-14)
(-21.7821 -17.8047 -1.67369e-14)
(-22.3201 -17.8894 -1.88322e-14)
(-22.8687 -17.9714 -2.88382e-14)
(-23.4279 -18.0507 -1.52063e-14)
(-23.9973 -18.1274 -3.95528e-14)
(-24.5769 -18.2015 -1.70943e-14)
(-25.1664 -18.2731 -2.12498e-14)
(-25.7657 -18.3423 -2.73804e-14)
(-26.3745 -18.4092 -2.33844e-14)
(-26.9926 -18.474 -2.49091e-14)
(-27.6196 -18.5373 -6.04787e-15)
(-28.2553 -18.5994 -1.49289e-14)
(-28.8998 -18.6605 -3.96753e-14)
(-29.5533 -18.7199 -3.10603e-14)
(-30.2155 -18.7781 -3.2392e-14)
(-30.886 -18.8359 -2.78705e-14)
(-31.5648 -18.8938 -2.62269e-14)
(-32.252 -18.952 -4.31064e-14)
(-32.9479 -19.0109 -2.62608e-14)
(-33.653 -19.0708 -1.84525e-14)
(-34.3676 -19.132 -3.18116e-14)
(-35.0927 -19.1948 -5.63845e-14)
(-35.8291 -19.2593 -1.20714e-14)
(-36.5781 -19.3259 -1.75936e-14)
(-37.3411 -19.3959 -8.34967e-16)
(-38.1197 -19.4688 -9.15267e-15)
(-38.9158 -19.5456 -3.31435e-14)
(-39.7301 -19.6258 -2.44322e-14)
(-40.5621 -19.7072 -1.63642e-14)
(-41.4078 -19.787 -5.41678e-14)
(-42.2616 -19.857 -2.90718e-14)
(-43.1068 -19.9086 -4.39848e-14)
(-43.9226 -19.9283 -5.16834e-14)
(-44.6769 -19.8988 -3.38478e-14)
(-45.3244 -19.8043 -2.94629e-14)
(-45.8254 -19.639 -2.59385e-14)
(-46.0813 -19.3938 -4.15405e-14)
(-46.1389 -19.1002 -1.44216e-14)
(-45.9245 -18.8006 -4.76495e-14)
(-45.6845 -18.5901 -1.16065e-14)
(-45.806 -18.4614 -3.12328e-14)
(-45.1532 -17.7819 -2.44954e-14)
(-43.329 -16.0283 -1.11102e-14)
(-40.583 -14.4892 -2.02259e-14)
)
;
    }
    inlet
    {
        type            calculated;
        value           uniform (0 0 0);
    }
    rWedge
    {
        type            wedge;
    }
    lWedge
    {
        type            wedge;
    }
    outlet
    {
        type            calculated;
        value           uniform (0 0 0);
    }
    procBoundary0to1
    {
        type            processor;
        value           uniform (0 0 0);
    }
    procBoundary0to2
    {
        type            processor;
        value           uniform (0 0 0);
    }
}


// ************************************************************************* //
