/*--------------------------------*- C++ -*----------------------------------*\
| =========                 |                                                 |
| \\      /  F ield         | OpenFOAM: The Open Source CFD Toolbox           |
|  \\    /   O peration     | Version:  v1706                                 |
|   \\  /    A nd           | Web:      www.OpenFOAM.com                      |
|    \\/     M anipulation  |                                                 |
\*---------------------------------------------------------------------------*/
FoamFile
{
    version     2.0;
    format      ascii;
    class       volVectorField;
    location    "1.8e-05";
    object      wallShearStress;
}
// * * * * * * * * * * * * * * * * * * * * * * * * * * * * * * * * * * * * * //

dimensions      [1 -1 -2 0 0 0 0];


internalField   uniform (0 0 0);

boundaryField
{
    cone
    {
        type            calculated;
        value           nonuniform List<vector> 
181
(
(-2.52876 -2.30171 -8.2331e-15)
(-2.34375 -2.24969 -7.73765e-15)
(-2.16704 -2.20153 -7.41369e-15)
(-1.99799 -2.15726 -8.50056e-15)
(-1.83606 -2.11692 -8.35949e-15)
(-1.68077 -2.08054 -8.63263e-15)
(-1.53173 -2.04814 -8.83235e-15)
(-1.38864 -2.01972 -9.28587e-15)
(-1.25127 -1.99524 -9.1492e-15)
(-1.11948 -1.97465 -8.47307e-15)
(-0.993209 -1.95784 -8.81184e-15)
(-0.872411 -1.94464 -8.58977e-15)
(-0.75713 -1.93485 -9.00072e-15)
(-0.647305 -1.92847 -8.63168e-15)
(-0.542084 -1.92577 -8.37369e-15)
(-0.44411 -1.92876 -8.04943e-15)
(-0.344531 -1.93088 -8.49275e-15)
(-0.252368 -1.93685 -8.46118e-15)
(-0.167316 -1.94689 -8.67891e-15)
(-0.0877797 -1.95956 -6.78944e-15)
(-0.0134658 -1.97457 -6.5366e-15)
(0.0555326 -1.99186 -6.86638e-15)
(0.119098 -2.01128 -7.36923e-15)
(0.177017 -2.03287 -7.11687e-15)
(0.229516 -2.05625 -7.48525e-15)
(0.276357 -2.08123 -7.42305e-15)
(0.317252 -2.10774 -7.8103e-15)
(0.352241 -2.13556 -7.88377e-15)
(0.381209 -2.16443 -8.42248e-15)
(0.404018 -2.19422 -8.82584e-15)
(0.420847 -2.22513 -8.20057e-15)
(0.43126 -2.25584 -7.15806e-15)
(0.435366 -2.28706 -7.76885e-15)
(0.433052 -2.31843 -8.25715e-15)
(0.424244 -2.34964 -5.73878e-15)
(0.408909 -2.38047 -6.36139e-15)
(0.38703 -2.41071 -5.11086e-15)
(0.358601 -2.44015 -7.01113e-15)
(0.32363 -2.46859 -7.53537e-15)
(0.282144 -2.4958 -8.21028e-15)
(0.234189 -2.52156 -6.21066e-15)
(0.179839 -2.54566 -6.05346e-15)
(0.119193 -2.56787 -6.1035e-15)
(0.0523797 -2.58797 -8.51072e-15)
(-0.0204317 -2.60575 -9.09475e-15)
(-0.0990336 -2.62099 -7.38799e-15)
(-0.183172 -2.63349 -7.73954e-15)
(-0.272543 -2.64306 -6.01318e-15)
(-0.366791 -2.64952 -7.67628e-15)
(-0.465499 -2.65272 -6.05668e-15)
(-0.568193 -2.65254 -5.11017e-15)
(-0.674337 -2.64887 -5.62053e-15)
(-0.783334 -2.64166 -7.39078e-15)
(-0.894527 -2.6309 -8.02203e-15)
(-1.0072 -2.61663 -8.99906e-15)
(-1.1206 -2.59893 -8.55658e-15)
(-1.23391 -2.57796 -6.37052e-15)
(-1.3463 -2.55393 -6.44178e-15)
(-1.45692 -2.5271 -6.46925e-15)
(-1.56491 -2.49783 -7.09621e-15)
(-1.66941 -2.46649 -7.74066e-15)
(-1.76963 -2.43354 -7.53015e-15)
(-1.86479 -2.39947 -7.25287e-15)
(-1.95422 -2.36481 -6.71017e-15)
(-2.03733 -2.33011 -7.27237e-15)
(-2.11363 -2.29592 -6.00918e-15)
(-2.18277 -2.26278 -6.29281e-15)
(-2.24454 -2.23121 -8.12499e-15)
(-2.29889 -2.20167 -5.63462e-15)
(-2.34589 -2.17457 -6.32593e-15)
(-2.38578 -2.15023 -7.8037e-15)
(-2.41895 -2.12889 -6.71594e-15)
(-2.44587 -2.11069 -6.87421e-15)
(-2.46716 -2.09569 -6.2356e-15)
(-2.48346 -2.08386 -6.18347e-15)
(-2.49548 -2.07512 -5.35089e-15)
(-2.50394 -2.06932 -5.65563e-15)
(-2.50954 -2.06629 -5.66508e-15)
(-2.51298 -2.06579 -4.73617e-15)
(-2.515 -2.06751 -7.59694e-15)
(-2.5163 -2.07107 -7.82049e-15)
(-2.51748 -2.07615 -6.11784e-15)
(-2.51905 -2.08245 -6.69352e-15)
(-2.52144 -2.08965 -6.61154e-15)
(-2.52504 -2.09747 -6.25048e-15)
(-2.53016 -2.10563 -5.93599e-15)
(-2.53702 -2.11388 -5.60837e-15)
(-2.54581 -2.122 -6.66899e-15)
(-2.55664 -2.1298 -6.63151e-15)
(-2.56959 -2.13711 -5.75209e-15)
(-2.58467 -2.1438 -7.37336e-15)
(-2.60186 -2.14974 -7.19595e-15)
(-2.6211 -2.15487 -7.95244e-15)
(-2.64231 -2.15913 -6.98489e-15)
(-2.66539 -2.16248 -7.61634e-15)
(-2.69022 -2.16492 -7.49382e-15)
(-2.71665 -2.16644 -6.91375e-15)
(-2.74454 -2.16709 -7.37535e-15)
(-2.77373 -2.1669 -5.72352e-15)
(-2.80407 -2.16593 -5.02006e-15)
(-2.83542 -2.16423 -6.3273e-15)
(-2.86761 -2.16189 -6.81082e-15)
(-2.90052 -2.15898 -5.71451e-15)
(-2.93401 -2.15558 -6.21696e-15)
(-2.96797 -2.15177 -4.39255e-15)
(-3.00229 -2.14761 -5.84921e-15)
(-3.0369 -2.14318 -3.77449e-15)
(-3.0717 -2.13855 -4.8356e-15)
(-3.10666 -2.13376 -4.80633e-15)
(-3.14171 -2.12887 -5.32879e-15)
(-3.17684 -2.12392 -4.72437e-15)
(-3.21203 -2.11893 -5.22302e-15)
(-3.24728 -2.11392 -4.35215e-15)
(-3.28258 -2.10891 -3.08637e-15)
(-3.31795 -2.1039 -3.21226e-15)
(-3.35342 -2.09888 -3.06535e-15)
(-3.38899 -2.09386 -5.36012e-15)
(-3.4247 -2.08883 -2.66698e-15)
(-3.46058 -2.08376 -6.65795e-15)
(-3.49665 -2.07865 -6.03145e-15)
(-3.53294 -2.07348 -5.76507e-15)
(-3.56948 -2.06824 -6.19424e-15)
(-3.60629 -2.06291 -4.74193e-15)
(-3.64339 -2.05747 -5.53792e-15)
(-3.6808 -2.05191 -4.50256e-15)
(-3.71855 -2.04623 -6.88016e-15)
(-3.75665 -2.04039 -2.83376e-15)
(-3.79511 -2.03441 -6.29628e-15)
(-3.83396 -2.02826 -3.41395e-15)
(-3.8732 -2.02193 -7.38693e-15)
(-3.91285 -2.01543 -6.85106e-15)
(-3.95292 -2.00874 -4.39711e-15)
(-3.99342 -2.00186 -2.70324e-15)
(-4.03436 -1.99477 -5.28065e-15)
(-4.07576 -1.98747 -4.75336e-15)
(-4.11764 -1.97994 -4.95997e-15)
(-4.16002 -1.97215 -6.19236e-15)
(-4.20284 -1.96426 -6.1203e-15)
(-4.24611 -1.95609 -6.71212e-15)
(-4.29 -1.94779 -3.68325e-15)
(-4.33439 -1.93911 -2.21588e-15)
(-4.37933 -1.93021 -5.76632e-15)
(-4.42483 -1.92105 -6.2905e-15)
(-4.4709 -1.91164 -6.04545e-15)
(-4.51757 -1.90196 -4.00886e-15)
(-4.56484 -1.892 -3.91657e-15)
(-4.61273 -1.88176 -3.82956e-15)
(-4.66128 -1.87122 -4.32521e-15)
(-4.71048 -1.86038 -7.08396e-15)
(-4.76037 -1.84924 -5.70624e-15)
(-4.81097 -1.83777 -4.76059e-15)
(-4.86229 -1.82598 -3.32735e-15)
(-4.91436 -1.81386 -2.30108e-15)
(-4.96721 -1.80139 -4.24634e-15)
(-5.02086 -1.78856 -2.55726e-15)
(-5.07534 -1.77537 -2.64036e-16)
(-5.13067 -1.7618 2.03596e-15)
(-5.1869 -1.74784 6.90686e-15)
(-5.24404 -1.73347 1.88879e-14)
(-5.30215 -1.71867 4.3183e-14)
(-5.36127 -1.70343 8.46925e-14)
(-5.42142 -1.68772 1.56917e-13)
(-5.48267 -1.67152 2.72972e-13)
(-5.54506 -1.6548 4.5898e-13)
(-5.60865 -1.63754 7.33369e-13)
(-5.67348 -1.61969 1.06193e-12)
(-5.73963 -1.60124 1.29354e-12)
(-5.80716 -1.58213 9.67357e-13)
(-5.87614 -1.56232 -1.10582e-12)
(-5.94665 -1.54175 -7.37672e-12)
(-6.01878 -1.52036 -2.21069e-11)
(-6.09263 -1.49807 -5.10954e-11)
(-6.1683 -1.4748 -9.96134e-11)
(-6.24592 -1.45046 -1.68277e-10)
(-6.32562 -1.42493 -2.48818e-10)
(-6.40756 -1.39807 -3.23604e-10)
(-6.49189 -1.36973 -3.71612e-10)
(-6.57879 -1.3397 -3.78422e-10)
(-6.66844 -1.30776 -3.4345e-10)
(-6.76106 -1.27364 -2.79325e-10)
(-6.8569 -1.23704 -2.04626e-10)
)
;
    }
    inlet
    {
        type            calculated;
        value           uniform (0 0 0);
    }
    rWedge
    {
        type            wedge;
    }
    lWedge
    {
        type            wedge;
    }
    outlet
    {
        type            calculated;
        value           nonuniform 0();
    }
    procBoundary1to0
    {
        type            processor;
        value           uniform (0 0 0);
    }
    procBoundary1to2
    {
        type            processor;
        value           uniform (0 0 0);
    }
}


// ************************************************************************* //
