/*--------------------------------*- C++ -*----------------------------------*\
| =========                 |                                                 |
| \\      /  F ield         | OpenFOAM: The Open Source CFD Toolbox           |
|  \\    /   O peration     | Version:  v1706                                 |
|   \\  /    A nd           | Web:      www.OpenFOAM.com                      |
|    \\/     M anipulation  |                                                 |
\*---------------------------------------------------------------------------*/
FoamFile
{
    version     2.0;
    format      ascii;
    class       volVectorField;
    location    "1.5e-05";
    object      wallShearStress;
}
// * * * * * * * * * * * * * * * * * * * * * * * * * * * * * * * * * * * * * //

dimensions      [1 -1 -2 0 0 0 0];


internalField   uniform (0 0 0);

boundaryField
{
    cone
    {
        type            calculated;
        value           nonuniform List<vector> 
119
(
(-1.31783 2.49123 1.98731e-13)
(-1.14632 2.16549 1.6191e-13)
(-0.993643 1.87519 1.24438e-13)
(-0.85815 1.61732 9.07953e-14)
(-0.738261 1.38896 6.31912e-14)
(-0.632477 1.1873 4.27266e-14)
(-0.539396 1.00973 2.7571e-14)
(-0.457711 0.853797 1.70868e-14)
(-0.386217 0.717235 9.97419e-15)
(-0.323804 0.597951 5.63766e-15)
(-0.269455 0.494027 3.2227e-15)
(-0.222247 0.403712 1.91414e-15)
(-0.181339 0.325414 1.82534e-15)
(-0.145976 0.257697 1.5601e-15)
(-0.115477 0.199267 1.33891e-15)
(-0.0892315 0.148965 6.41454e-16)
(-0.0666976 0.105755 8.64671e-16)
(-0.0473923 0.0687172 6.12766e-16)
(-0.0308881 0.0370363 3.99852e-16)
(-0.0168097 0.00999828 -2.15839e-16)
(-0.00483584 -0.0129925 -6.37432e-16)
(0.00535715 -0.0325835 -3.16629e-16)
(0.0139975 -0.0492061 -2.28709e-16)
(0.0213086 -0.0632836 6.53217e-16)
(0.0274834 -0.0751847 1.06557e-15)
(0.0326886 -0.085228 8.59327e-16)
(0.0370681 -0.0936889 5.32281e-16)
(0.0407459 -0.100805 1.80723e-16)
(0.0438284 -0.106779 2.53531e-16)
(0.0464071 -0.111787 6.7191e-16)
(0.0485598 -0.115978 3.8141e-16)
(0.0503539 -0.119482 1.8255e-16)
(0.0518445 -0.122405 8.1819e-16)
(0.0530817 -0.124837 3.82511e-16)
(0.054105 -0.126861 6.80468e-16)
(0.0549496 -0.128541 8.97703e-16)
(0.0556448 -0.129935 1.20096e-15)
(0.056215 -0.131088 8.17037e-16)
(0.056681 -0.132041 7.00052e-16)
(0.0570603 -0.132827 6.47034e-16)
(0.0573675 -0.133475 1.0589e-16)
(0.0576147 -0.134006 4.15154e-16)
(0.0578121 -0.134442 4.21552e-16)
(0.0579683 -0.134798 -2.19071e-18)
(0.0580904 -0.135089 9.41222e-18)
(0.0581843 -0.135325 -2.35927e-16)
(0.058255 -0.135516 5.97068e-16)
(0.0583065 -0.13567 1.32036e-15)
(0.0583422 -0.135793 6.34949e-16)
(0.0583649 -0.135891 6.65274e-16)
(0.058377 -0.135968 6.82236e-16)
(0.0583804 -0.136028 6.22384e-16)
(0.0583766 -0.136073 5.93166e-16)
(0.058367 -0.136108 5.72528e-16)
(0.0583526 -0.136132 -2.25085e-17)
(0.0583343 -0.136149 6.49913e-16)
(0.0583129 -0.13616 6.70194e-16)
(0.058289 -0.136165 1.32734e-16)
(0.0582629 -0.136166 -5.22836e-17)
(0.0582353 -0.136164 1.25004e-16)
(0.0582063 -0.136159 5.26344e-16)
(0.0581763 -0.136151 4.49627e-16)
(0.0581454 -0.136141 2.07262e-16)
(0.0581139 -0.13613 1.09064e-17)
(0.0580819 -0.136118 8.68012e-17)
(0.0580496 -0.136104 -4.71593e-17)
(0.058017 -0.13609 1.39025e-16)
(0.0579841 -0.136075 -1.49447e-16)
(0.0579512 -0.13606 -1.65816e-16)
(0.0579182 -0.136044 -1.40764e-16)
(0.0578851 -0.136027 1.94681e-17)
(0.0578521 -0.13601 9.85923e-17)
(0.057819 -0.135993 1.79639e-16)
(0.0577861 -0.135976 4.25533e-16)
(0.0577532 -0.135959 2.83369e-16)
(0.0577204 -0.135941 5.45037e-16)
(0.0576877 -0.135924 4.66031e-16)
(0.0576549 -0.135906 2.78705e-16)
(0.0576222 -0.135889 4.53882e-16)
(0.0575892 -0.135871 -2.13238e-17)
(0.0575558 -0.135854 6.01364e-16)
(0.0575215 -0.135837 4.93933e-16)
(0.0574853 -0.135821 3.45912e-16)
(0.0574458 -0.135807 5.05706e-16)
(0.0574005 -0.135797 5.60264e-16)
(0.0573454 -0.135792 9.39716e-16)
(0.0572741 -0.135796 6.26219e-16)
(0.0571773 -0.135817 -6.6459e-17)
(0.0570385 -0.135861 3.20802e-17)
(0.0568253 -0.135938 -2.46723e-17)
(0.0564983 -0.136079 5.9116e-17)
(0.0560694 -0.136294 7.21396e-17)
(0.0554582 -0.136653 -2.77779e-16)
(0.0545991 -0.137173 7.92917e-17)
(0.0534326 -0.137913 3.1241e-16)
(0.0519039 -0.138916 -7.21631e-17)
(0.049961 -0.140229 -4.80905e-16)
(0.0475716 -0.141881 5.87036e-16)
(0.0447296 -0.143878 8.08275e-16)
(0.0414602 -0.146192 1.27801e-15)
(0.0378206 -0.148758 9.93934e-16)
(0.033895 -0.151477 2.97831e-16)
(0.0297848 -0.154225 4.28221e-16)
(0.025595 -0.156865 3.72688e-16)
(0.0214187 -0.15927 -6.48217e-16)
(0.0173239 -0.161332 -2.57643e-16)
(0.0133428 -0.162975 -6.01392e-16)
(0.00946394 -0.164164 -7.45021e-16)
(0.00562882 -0.164896 -2.41303e-16)
(0.00173061 -0.165197 -6.28959e-17)
(-0.0023998 -0.165079 5.84131e-17)
(-0.00701925 -0.164499 -1.99111e-16)
(-0.0124076 -0.163598 4.01929e-16)
(-0.018656 -0.163388 -3.50122e-16)
(-0.0261916 -0.164112 4.43099e-16)
(-0.0352504 -0.163174 -1.65115e-17)
(-0.0487963 -0.15929 2.52696e-16)
(-0.0743162 -0.164866 5.64746e-16)
(-0.0666444 -0.185911 2.67395e-16)
)
;
    }
    inlet
    {
        type            calculated;
        value           uniform (0 0 0);
    }
    rWedge
    {
        type            wedge;
    }
    lWedge
    {
        type            wedge;
    }
    outlet
    {
        type            calculated;
        value           uniform (0 0 0);
    }
    procBoundary0to1
    {
        type            processor;
        value           uniform (0 0 0);
    }
    procBoundary0to2
    {
        type            processor;
        value           uniform (0 0 0);
    }
}


// ************************************************************************* //
