/*--------------------------------*- C++ -*----------------------------------*\
| =========                 |                                                 |
| \\      /  F ield         | OpenFOAM: The Open Source CFD Toolbox           |
|  \\    /   O peration     | Version:  v1706                                 |
|   \\  /    A nd           | Web:      www.OpenFOAM.com                      |
|    \\/     M anipulation  |                                                 |
\*---------------------------------------------------------------------------*/
FoamFile
{
    version     2.0;
    format      ascii;
    class       volVectorField;
    location    "1.1e-05";
    object      wallShearStress;
}
// * * * * * * * * * * * * * * * * * * * * * * * * * * * * * * * * * * * * * //

dimensions      [1 -1 -2 0 0 0 0];


internalField   uniform (0 0 0);

boundaryField
{
    cone
    {
        type            calculated;
        value           nonuniform List<vector> 
181
(
(-15.2812 27.596 -1.13071e-15)
(-14.7042 26.6369 -9.90487e-16)
(-14.1352 25.6826 -8.85787e-16)
(-13.5765 24.7378 -9.31027e-16)
(-13.0252 23.7981 -7.75812e-16)
(-12.4821 22.8654 -7.24243e-16)
(-11.9486 21.9426 -6.49761e-16)
(-11.4254 21.0318 -6.68338e-16)
(-10.9133 20.1348 -5.21579e-16)
(-10.4129 19.2532 -3.98729e-16)
(-9.92486 18.3885 -3.76896e-16)
(-9.44951 17.5419 -2.6928e-16)
(-8.98728 16.7148 -2.52315e-16)
(-8.53848 15.9079 -1.74892e-16)
(-8.10337 15.1223 -8.66719e-17)
(-7.68215 14.3587 -5.56112e-20)
(-7.27496 13.6176 -4.66223e-18)
(-6.88188 12.8997 2.32929e-17)
(-6.50295 12.2053 5.06428e-17)
(-6.13818 11.5347 2.99573e-16)
(-5.78752 10.8881 3.84916e-16)
(-5.45088 10.2656 3.54607e-16)
(-5.12814 9.66729 3.67679e-16)
(-4.81913 9.09299 3.90625e-16)
(-4.52368 8.54261 3.95963e-16)
(-4.24156 8.01591 4.37873e-16)
(-3.97252 7.51261 4.133e-16)
(-3.71629 7.03237 4.08041e-16)
(-3.47259 6.57477 3.63631e-16)
(-3.24111 6.13938 3.50179e-16)
(-3.02149 5.72566 4.0196e-16)
(-2.81343 5.33312 5.15007e-16)
(-2.61655 4.96116 4.42776e-16)
(-2.43048 4.60917 4.52008e-16)
(-2.25486 4.27654 7.14271e-16)
(-2.0893 3.96261 7.13995e-16)
(-1.93342 3.66672 8.0127e-16)
(-1.78684 3.38819 6.90305e-16)
(-1.64916 3.12634 6.4337e-16)
(-1.52001 2.88048 5.69883e-16)
(-1.399 2.64993 7.00526e-16)
(-1.28575 2.434 7.09154e-16)
(-1.17989 2.23202 6.86171e-16)
(-1.08105 2.0433 4.92165e-16)
(-0.988881 1.8672 4.30093e-16)
(-0.903025 1.70306 5.61149e-16)
(-0.823142 1.55025 5.58111e-16)
(-0.748901 1.40815 6.88308e-16)
(-0.679981 1.27617 6.36024e-16)
(-0.616071 1.15373 7.43799e-16)
(-0.556874 1.04026 8.13801e-16)
(-0.502101 0.935224 7.54864e-16)
(-0.451476 0.838101 6.32692e-16)
(-0.404736 0.748394 5.76832e-16)
(-0.361629 0.665625 5.07936e-16)
(-0.321915 0.589339 5.34321e-16)
(-0.285363 0.519103 6.95959e-16)
(-0.251758 0.454504 7.03764e-16)
(-0.220894 0.395151 6.98351e-16)
(-0.192575 0.340673 6.35487e-16)
(-0.166618 0.29072 6.02057e-16)
(-0.142851 0.244962 6.28059e-16)
(-0.121109 0.203087 6.40023e-16)
(-0.10124 0.164804 6.78408e-16)
(-0.0830994 0.129836 6.25204e-16)
(-0.0665536 0.0979284 6.54358e-16)
(-0.0514763 0.0688385 6.11201e-16)
(-0.0377504 0.0423423 4.80147e-16)
(-0.0252672 0.0182342 6.17329e-16)
(-0.0139373 -0.00364588 5.73912e-16)
(-0.00364543 -0.0235226 4.55274e-16)
(0.00570144 -0.0415941 5.09266e-16)
(0.0141701 -0.0579813 5.22535e-16)
(0.0218359 -0.0728263 5.81736e-16)
(0.0287691 -0.086263 6.18868e-16)
(0.035034 -0.098415 6.94933e-16)
(0.0406902 -0.109396 6.69366e-16)
(0.0457922 -0.119311 6.61843e-16)
(0.0503901 -0.128256 7.06882e-16)
(0.0545301 -0.13632 4.92858e-16)
(0.0582542 -0.143584 4.08639e-16)
(0.0616011 -0.150121 4.95228e-16)
(0.0646062 -0.156001 4.53727e-16)
(0.067302 -0.161284 4.34885e-16)
(0.0697178 -0.166029 4.57708e-16)
(0.0718806 -0.170285 4.94633e-16)
(0.0738147 -0.174101 5.42333e-16)
(0.0755428 -0.177524 4.5494e-16)
(0.0770854 -0.180584 4.07524e-16)
(0.0784601 -0.183321 4.39253e-16)
(0.0796842 -0.185768 2.97127e-16)
(0.0807728 -0.187955 2.81699e-16)
(0.0817396 -0.189906 2.238e-16)
(0.0825968 -0.191646 2.53172e-16)
(0.083356 -0.193196 2.02024e-16)
(0.0840271 -0.194576 2.4045e-16)
(0.0846193 -0.195804 2.92638e-16)
(0.0851409 -0.196895 2.93331e-16)
(0.0855993 -0.197864 4.33082e-16)
(0.0860012 -0.198724 5.08114e-16)
(0.0863526 -0.199486 4.05603e-16)
(0.0866589 -0.20016 3.94104e-16)
(0.0869249 -0.200757 4.92793e-16)
(0.0871551 -0.201284 4.80889e-16)
(0.0873533 -0.201749 6.08449e-16)
(0.0875231 -0.202158 5.06039e-16)
(0.0876675 -0.202519 6.46664e-16)
(0.0877894 -0.202835 5.7621e-16)
(0.0878913 -0.203112 5.70222e-16)
(0.0879754 -0.203355 5.33053e-16)
(0.0880438 -0.203567 5.62262e-16)
(0.0880981 -0.203751 5.4067e-16)
(0.0881401 -0.203911 6.28016e-16)
(0.088171 -0.204049 7.55552e-16)
(0.0881923 -0.204168 7.71485e-16)
(0.088205 -0.20427 7.59063e-16)
(0.0882101 -0.204357 5.57991e-16)
(0.0882085 -0.204431 6.91103e-16)
(0.0882011 -0.204492 3.42806e-16)
(0.0881884 -0.204544 3.3418e-16)
(0.0881712 -0.204586 3.35445e-16)
(0.0881499 -0.20462 2.9839e-16)
(0.0881252 -0.204646 3.83233e-16)
(0.0880973 -0.204666 3.343e-16)
(0.0880668 -0.204681 3.94514e-16)
(0.0880339 -0.20469 2.23294e-16)
(0.087999 -0.204696 4.94792e-16)
(0.0879623 -0.204697 2.79078e-16)
(0.0879241 -0.204695 4.43058e-16)
(0.0878845 -0.20469 1.27147e-16)
(0.0878437 -0.204682 1.17676e-16)
(0.087802 -0.204671 3.44714e-16)
(0.0877595 -0.204659 4.77776e-16)
(0.0877162 -0.204645 2.795e-16)
(0.0876723 -0.20463 3.32199e-16)
(0.0876279 -0.204612 2.49163e-16)
(0.0875831 -0.204594 1.69944e-16)
(0.087538 -0.204575 1.30292e-16)
(0.0874925 -0.204554 8.87807e-17)
(0.0874469 -0.204533 3.53539e-16)
(0.0874011 -0.204511 4.91505e-16)
(0.0873551 -0.204489 2.22751e-16)
(0.087309 -0.204465 1.42631e-16)
(0.0872629 -0.204442 1.38272e-16)
(0.0872168 -0.204418 3.04526e-16)
(0.0871707 -0.204393 3.13574e-16)
(0.0871246 -0.204369 3.33187e-16)
(0.0870785 -0.204344 2.70429e-16)
(0.0870324 -0.204318 2.95485e-17)
(0.0869863 -0.204293 1.17032e-16)
(0.0869404 -0.204267 2.53101e-16)
(0.0868946 -0.204241 3.86591e-16)
(0.0868488 -0.204215 4.61951e-16)
(0.0868031 -0.204189 2.74042e-16)
(0.0867575 -0.204163 3.28611e-16)
(0.0867121 -0.204136 3.19476e-16)
(0.0866669 -0.20411 2.097e-16)
(0.0866218 -0.204083 4.94118e-17)
(0.0865769 -0.204057 -1.02939e-17)
(0.0865322 -0.20403 1.4652e-16)
(0.0864878 -0.204003 2.78777e-16)
(0.0864437 -0.203976 5.14383e-16)
(0.0863998 -0.203948 6.69443e-16)
(0.0863562 -0.203921 1.25626e-15)
(0.086313 -0.203893 2.63994e-15)
(0.08627 -0.203865 4.19879e-15)
(0.0862275 -0.203837 6.05967e-15)
(0.0861852 -0.203809 9.30417e-15)
(0.0861432 -0.203781 1.35159e-14)
(0.0861014 -0.203753 1.92394e-14)
(0.0860596 -0.203724 2.59422e-14)
(0.0860179 -0.203696 3.29477e-14)
(0.0859763 -0.203668 3.95364e-14)
(0.0859349 -0.20364 4.51238e-14)
(0.0858938 -0.203613 4.87184e-14)
(0.0858534 -0.203585 4.95297e-14)
(0.0858132 -0.203558 4.71754e-14)
(0.0857728 -0.20353 4.21837e-14)
(0.0857303 -0.203501 3.55562e-14)
(0.0856838 -0.203474 2.83382e-14)
(0.0856376 -0.203446 2.12245e-14)
)
;
    }
    inlet
    {
        type            calculated;
        value           uniform (0 0 0);
    }
    rWedge
    {
        type            wedge;
    }
    lWedge
    {
        type            wedge;
    }
    outlet
    {
        type            calculated;
        value           nonuniform 0();
    }
    procBoundary1to0
    {
        type            processor;
        value           uniform (0 0 0);
    }
    procBoundary1to2
    {
        type            processor;
        value           uniform (0 0 0);
    }
}


// ************************************************************************* //
