/*--------------------------------*- C++ -*----------------------------------*\
| =========                 |                                                 |
| \\      /  F ield         | OpenFOAM: The Open Source CFD Toolbox           |
|  \\    /   O peration     | Version:  v1706                                 |
|   \\  /    A nd           | Web:      www.OpenFOAM.com                      |
|    \\/     M anipulation  |                                                 |
\*---------------------------------------------------------------------------*/
FoamFile
{
    version     2.0;
    format      ascii;
    class       volVectorField;
    location    "1.2e-05";
    object      wallShearStress;
}
// * * * * * * * * * * * * * * * * * * * * * * * * * * * * * * * * * * * * * //

dimensions      [1 -1 -2 0 0 0 0];


internalField   uniform (0 0 0);

boundaryField
{
    cone
    {
        type            calculated;
        value           nonuniform List<vector> 
153
(
(-10.0008 -14.1789 -3.33133e-14)
(-10.1912 -14.2157 -3.175e-14)
(-10.3881 -14.2519 -3.2986e-14)
(-10.5912 -14.2874 -3.40511e-14)
(-10.8006 -14.3222 -3.20345e-14)
(-11.0162 -14.3561 -3.08695e-14)
(-11.2382 -14.3892 -3.35883e-14)
(-11.4665 -14.4215 -3.14545e-14)
(-11.7011 -14.4534 -3.12975e-14)
(-11.9422 -14.4839 -3.24756e-14)
(-12.1898 -14.5128 -3.35876e-14)
(-12.4441 -14.5403 -3.34307e-14)
(-12.705 -14.5662 -3.50266e-14)
(-12.9725 -14.5906 -3.35286e-14)
(-13.2466 -14.6134 -3.19704e-14)
(-13.5273 -14.6344 -3.23079e-14)
(-13.8145 -14.6536 -3.39486e-14)
(-14.1083 -14.6709 -3.12001e-14)
(-14.4085 -14.6862 -3.21081e-14)
(-14.7151 -14.6993 -3.27324e-14)
(-15.028 -14.7103 -3.14974e-14)
(-15.3471 -14.7189 -3.16284e-14)
(-15.6724 -14.7249 -2.90277e-14)
(-16.0035 -14.7282 -2.92198e-14)
(-16.3401 -14.7278 -2.9984e-14)
(-16.6819 -14.724 -2.83801e-14)
(-17.0286 -14.7165 -3.13796e-14)
(-17.3795 -14.705 -3.15718e-14)
(-17.734 -14.6889 -2.94638e-14)
(-18.0913 -14.6678 -2.97677e-14)
(-18.4504 -14.6411 -3.23326e-14)
(-18.8103 -14.6081 -2.95562e-14)
(-19.1695 -14.568 -3.10233e-14)
(-19.5268 -14.5201 -2.75662e-14)
(-19.8803 -14.4636 -2.83113e-14)
(-20.2284 -14.3977 -2.883e-14)
(-20.5693 -14.3218 -2.86802e-14)
(-20.9012 -14.235 -3.01065e-14)
(-21.222 -14.137 -3.04779e-14)
(-21.53 -14.0271 -2.92908e-14)
(-21.8233 -13.9058 -2.74994e-14)
(-22.0998 -13.7725 -2.90656e-14)
(-22.3575 -13.6269 -2.63254e-14)
(-22.5937 -13.47 -2.70921e-14)
(-22.8046 -13.3028 -2.72823e-14)
(-22.9858 -13.1255 -2.72515e-14)
(-23.134 -12.944 -2.80278e-14)
(-23.228 -12.7708 -2.6131e-14)
(-23.2768 -12.5697 -2.61034e-14)
(-23.39 -12.3747 -2.51186e-14)
(-23.5623 -12.2734 -2.77015e-14)
(-23.7674 -12.2117 -2.8074e-14)
(-23.9993 -12.1735 -2.72217e-14)
(-24.2477 -12.1455 -2.70255e-14)
(-24.5051 -12.1237 -2.64774e-14)
(-24.7663 -12.1066 -2.63944e-14)
(-25.0262 -12.0913 -2.8137e-14)
(-25.2806 -12.075 -2.74132e-14)
(-25.5255 -12.0555 -2.65642e-14)
(-25.7579 -12.0309 -2.83163e-14)
(-25.9754 -11.9994 -2.59347e-14)
(-26.176 -11.9594 -2.53241e-14)
(-26.3586 -11.9095 -2.6674e-14)
(-26.5223 -11.8484 -2.68681e-14)
(-26.6659 -11.7749 -2.74957e-14)
(-26.7881 -11.6877 -2.56201e-14)
(-26.888 -11.5833 -2.47722e-14)
(-26.9628 -11.4641 -2.39858e-14)
(-27.0099 -11.3288 -2.61886e-14)
(-27.0265 -11.1736 -2.63506e-14)
(-27.0094 -10.9985 -2.36717e-14)
(-26.9548 -10.8033 -2.34977e-14)
(-26.8588 -10.588 -2.28983e-14)
(-26.7175 -10.3529 -2.26119e-14)
(-26.5276 -10.0988 -2.39212e-14)
(-26.2869 -9.82712 -2.43934e-14)
(-25.9942 -9.53939 -2.42413e-14)
(-25.65 -9.23732 -2.36995e-14)
(-25.2562 -8.92267 -2.46622e-14)
(-24.8158 -8.59703 -2.53343e-14)
(-24.3329 -8.2618 -2.379e-14)
(-23.8121 -7.9181 -2.3164e-14)
(-23.2581 -7.56692 -2.2422e-14)
(-22.6756 -7.20913 -2.14032e-14)
(-22.0689 -6.84556 -2.34465e-14)
(-21.4414 -6.47709 -2.22554e-14)
(-20.7966 -6.10473 -2.15154e-14)
(-20.1371 -5.72962 -2.21567e-14)
(-19.4655 -5.35315 -2.25526e-14)
(-18.7842 -4.97684 -2.13765e-14)
(-18.0956 -4.60246 -2.1616e-14)
(-17.4024 -4.23209 -1.99031e-14)
(-16.7071 -3.86739 -1.85748e-14)
(-16.0129 -3.51091 -2.00903e-14)
(-15.3228 -3.16457 -1.92175e-14)
(-14.6402 -2.83044 -2.00458e-14)
(-13.9686 -2.51039 -2.13114e-14)
(-13.3113 -2.20612 -1.97009e-14)
(-12.6719 -1.91902 -1.88086e-14)
(-12.0536 -1.65016 -1.61366e-14)
(-11.4595 -1.40028 -1.86096e-14)
(-10.8921 -1.16976 -1.62943e-14)
(-10.3539 -0.95867 -1.76662e-14)
(-9.84668 -0.766733 -1.87058e-14)
(-9.37191 -0.593423 -1.64563e-14)
(-8.93062 -0.43799 -1.83479e-14)
(-8.52343 -0.299466 -1.92946e-14)
(-8.15067 -0.176751 -1.95638e-14)
(-7.81226 -0.0690915 -1.7244e-14)
(-7.50786 0.0254144 -1.75052e-14)
(-7.23734 0.107633 -1.67088e-14)
(-7.00015 0.179353 -1.87966e-14)
(-6.79507 0.241948 -1.52767e-14)
(-6.62102 0.296257 -1.60349e-14)
(-6.47738 0.343734 -1.65789e-14)
(-6.36338 0.385895 -1.65111e-14)
(-6.27799 0.424026 -1.72312e-14)
(-6.22008 0.459411 -1.71311e-14)
(-6.18866 0.493558 -1.6305e-14)
(-6.18315 0.526152 -1.70276e-14)
(-6.2 0.55916 -1.73387e-14)
(-6.23774 0.593424 -1.60441e-14)
(-6.29746 0.629642 -1.76931e-14)
(-6.37812 0.668946 -1.85261e-14)
(-6.47886 0.712516 -1.67412e-14)
(-6.59895 0.761359 -1.61699e-14)
(-6.73766 0.816504 -1.73802e-14)
(-6.89428 0.879002 -1.59675e-14)
(-7.06813 0.949926 -1.64468e-14)
(-7.25855 1.03036 -1.70549e-14)
(-7.46493 1.12142 -1.67035e-14)
(-7.68666 1.22432 -1.63264e-14)
(-7.92318 1.34031 -1.46687e-14)
(-8.17394 1.47067 -1.57299e-14)
(-8.4384 1.61677 -1.48616e-14)
(-8.71607 1.78002 -1.36724e-14)
(-9.00645 1.96192 -1.569e-14)
(-9.30909 2.16403 -1.46254e-14)
(-9.62357 2.38799 -1.53142e-14)
(-9.9495 2.63551 -1.66056e-14)
(-10.2865 2.90838 -1.77979e-14)
(-10.6344 3.20848 -1.70632e-14)
(-10.9928 3.53774 -1.54162e-14)
(-11.3617 3.89818 -1.43044e-14)
(-11.7408 4.29185 -1.49034e-14)
(-12.1304 4.72086 -1.66692e-14)
(-12.5303 5.18736 -1.5301e-14)
(-12.941 5.69356 -1.45037e-14)
(-13.3626 6.24167 -1.56827e-14)
(-13.7954 6.83393 -1.65915e-14)
(-14.2389 7.47258 -1.54382e-14)
(-14.6932 8.15975 -1.59118e-14)
(-15.1586 8.89713 -1.37098e-14)
)
;
    }
    inlet
    {
        type            calculated;
        value           uniform (0 0 0);
    }
    rWedge
    {
        type            wedge;
    }
    lWedge
    {
        type            wedge;
    }
    outlet
    {
        type            calculated;
        value           nonuniform 0();
    }
    procBoundary2to0
    {
        type            processor;
        value           uniform (0 0 0);
    }
    procBoundary2to1
    {
        type            processor;
        value           uniform (0 0 0);
    }
    procBoundary2to3
    {
        type            processor;
        value           uniform (0 0 0);
    }
}


// ************************************************************************* //
