/*--------------------------------*- C++ -*----------------------------------*\
| =========                 |                                                 |
| \\      /  F ield         | OpenFOAM: The Open Source CFD Toolbox           |
|  \\    /   O peration     | Version:  v1706                                 |
|   \\  /    A nd           | Web:      www.OpenFOAM.com                      |
|    \\/     M anipulation  |                                                 |
\*---------------------------------------------------------------------------*/
FoamFile
{
    version     2.0;
    format      ascii;
    class       volVectorField;
    location    "1.6e-05";
    object      wallShearStress;
}
// * * * * * * * * * * * * * * * * * * * * * * * * * * * * * * * * * * * * * //

dimensions      [1 -1 -2 0 0 0 0];


internalField   uniform (0 0 0);

boundaryField
{
    cone
    {
        type            calculated;
        value           nonuniform List<vector> 
119
(
(-18.5565 31.9734 -8.3155e-12)
(-17.4743 30.4258 -3.95216e-12)
(-16.38 28.7992 -1.60721e-12)
(-15.2779 27.1024 -5.0023e-13)
(-14.1925 25.3809 -5.39733e-14)
(-13.1327 23.657 8.46992e-14)
(-12.1052 21.9472 1.00514e-13)
(-11.1215 20.279 7.86708e-14)
(-10.1861 18.6676 5.23817e-14)
(-9.2959 17.1135 3.19801e-14)
(-8.45263 15.6243 1.85388e-14)
(-7.65839 14.2074 1.04103e-14)
(-6.9142 12.8682 6.05158e-15)
(-6.2204 11.61 3.53845e-15)
(-5.57665 10.4347 2.13935e-15)
(-4.98214 9.34281 1.14052e-15)
(-4.43559 8.33379 8.36652e-16)
(-3.93534 7.40604 4.92311e-16)
(-3.47948 6.55718 2.78652e-16)
(-3.0658 5.78417 -5.89203e-17)
(-2.69198 5.08345 -2.56123e-16)
(-2.35549 4.45101 -1.2204e-16)
(-2.05388 3.88276 -6.36446e-17)
(-1.78452 3.37421 3.23536e-16)
(-1.5449 2.92096 4.92008e-16)
(-1.3325 2.51856 4.34634e-16)
(-1.14492 2.16267 3.47965e-16)
(-0.979836 1.84907 2.33983e-16)
(-0.83505 1.57372 2.69236e-16)
(-0.708492 1.33281 4.15324e-16)
(-0.598227 1.12272 3.49243e-16)
(-0.502465 0.940126 2.60362e-16)
(-0.419556 0.781929 5.35564e-16)
(-0.347994 0.645296 4.20713e-16)
(-0.286411 0.527646 5.8729e-16)
(-0.233567 0.426639 6.63031e-16)
(-0.188351 0.34017 7.7432e-16)
(-0.149771 0.266353 6.13245e-16)
(-0.11694 0.203508 5.53256e-16)
(-0.0890768 0.150147 4.70032e-16)
(-0.0654905 0.104956 2.06471e-16)
(-0.0455753 0.0667778 2.86256e-16)
(-0.0288013 0.0346039 2.35039e-16)
(-0.0147094 0.0075611 7.94864e-17)
(-0.00290524 -0.0150863 1.12624e-16)
(0.00698264 -0.0340788 4.72395e-17)
(0.0152299 -0.0499345 4.17717e-16)
(0.0220947 -0.0631445 7.4863e-16)
(0.0277966 -0.0741278 4.94446e-16)
(0.0325221 -0.0832413 5.03162e-16)
(0.0364299 -0.0907884 4.715e-16)
(0.0396543 -0.0970262 4.11565e-16)
(0.0423091 -0.102172 4.13547e-16)
(0.0444897 -0.106409 4.15028e-16)
(0.0462772 -0.109894 1.99802e-16)
(0.0477377 -0.112752 4.56573e-16)
(0.0489292 -0.11509 4.72318e-16)
(0.0498977 -0.117004 2.3847e-16)
(0.0506828 -0.118564 1.46606e-16)
(0.0513173 -0.119836 2.09638e-16)
(0.0518279 -0.12087 3.22538e-16)
(0.0522371 -0.121709 3.4103e-16)
(0.0525632 -0.122388 2.76457e-16)
(0.0528215 -0.122937 1.7205e-16)
(0.0530245 -0.12338 1.5186e-16)
(0.0531822 -0.123735 5.24845e-17)
(0.0533033 -0.12402 9.42333e-17)
(0.0533947 -0.124247 -1.25322e-17)
(0.0534619 -0.124427 -1.62701e-17)
(0.0535095 -0.12457 -4.49791e-18)
(0.0535413 -0.124682 6.31517e-17)
(0.0535603 -0.124769 8.92039e-17)
(0.053569 -0.124836 1.24128e-16)
(0.0535693 -0.124887 2.62506e-16)
(0.053563 -0.124925 2.39536e-16)
(0.0535513 -0.124952 3.46392e-16)
(0.053535 -0.12497 3.33721e-16)
(0.0535151 -0.124982 2.60017e-16)
(0.0534918 -0.124989 3.43371e-16)
(0.0534653 -0.124992 1.77822e-16)
(0.0534352 -0.124992 4.09518e-16)
(0.0534006 -0.124991 3.91351e-16)
(0.0533595 -0.124991 3.12979e-16)
(0.0533086 -0.124995 3.64502e-16)
(0.0532427 -0.125005 4.01675e-16)
(0.0531541 -0.125028 5.45229e-16)
(0.0530309 -0.125071 3.9643e-16)
(0.0528507 -0.125143 1.12612e-16)
(0.0525767 -0.12526 1.35901e-16)
(0.0521918 -0.125448 1.01012e-16)
(0.0516907 -0.125737 8.91981e-17)
(0.0509849 -0.126163 6.11452e-17)
(0.0500244 -0.126772 -6.46096e-17)
(0.0487665 -0.127595 7.60803e-17)
(0.0471623 -0.128673 1.27815e-16)
(0.0451761 -0.130042 2.91495e-17)
(0.0427906 -0.131716 -8.34248e-17)
(0.0400116 -0.133688 3.89663e-16)
(0.0368713 -0.135922 5.10353e-16)
(0.0334269 -0.138353 7.53297e-16)
(0.029756 -0.140889 6.4521e-16)
(0.0259468 -0.143421 3.5847e-16)
(0.0220885 -0.145837 3.5228e-16)
(0.0182592 -0.14803 2.72979e-16)
(0.0145156 -0.149917 -2.01342e-16)
(0.0108856 -0.151438 -1.15971e-16)
(0.00736282 -0.152568 -2.53223e-16)
(0.0039041 -0.153307 -2.59888e-16)
(0.000428891 -0.153681 -1.14327e-16)
(-0.00318167 -0.153725 1.90698e-17)
(-0.00710063 -0.153442 9.93078e-17)
(-0.0115743 -0.152805 4.07354e-17)
(-0.0168526 -0.152047 2.82652e-16)
(-0.0230279 -0.15213 2.90376e-17)
(-0.0302072 -0.152751 2.70202e-16)
(-0.0389999 -0.151989 9.63734e-17)
(-0.0522075 -0.148341 1.44947e-16)
(-0.0768888 -0.153932 3.20048e-16)
(-0.0702111 -0.17413 1.84916e-16)
)
;
    }
    inlet
    {
        type            calculated;
        value           uniform (0 0 0);
    }
    rWedge
    {
        type            wedge;
    }
    lWedge
    {
        type            wedge;
    }
    outlet
    {
        type            calculated;
        value           uniform (0 0 0);
    }
    procBoundary0to1
    {
        type            processor;
        value           uniform (0 0 0);
    }
    procBoundary0to2
    {
        type            processor;
        value           uniform (0 0 0);
    }
}


// ************************************************************************* //
