/*--------------------------------*- C++ -*----------------------------------*\
| =========                 |                                                 |
| \\      /  F ield         | OpenFOAM: The Open Source CFD Toolbox           |
|  \\    /   O peration     | Version:  v1706                                 |
|   \\  /    A nd           | Web:      www.OpenFOAM.com                      |
|    \\/     M anipulation  |                                                 |
\*---------------------------------------------------------------------------*/
FoamFile
{
    version     2.0;
    format      ascii;
    class       volVectorField;
    location    "1.7e-05";
    object      wallShearStress;
}
// * * * * * * * * * * * * * * * * * * * * * * * * * * * * * * * * * * * * * //

dimensions      [1 -1 -2 0 0 0 0];


internalField   uniform (0 0 0);

boundaryField
{
    cone
    {
        type            calculated;
        value           nonuniform List<vector> 
147
(
(-0.483319 -0.319859 -1.07779e-13)
(-0.488055 -0.507106 -1.30358e-13)
(-0.494954 -0.702346 -2.99099e-13)
(-0.503613 -0.8984 -4.10699e-13)
(-0.513647 -1.09715 -5.30641e-13)
(-0.527001 -1.29734 -6.36707e-13)
(-0.543077 -1.49733 -7.48746e-13)
(-0.561571 -1.69663 -8.48583e-13)
(-0.58235 -1.89526 -9.40981e-13)
(-0.605378 -2.09323 -9.97757e-13)
(-0.630656 -2.29048 -1.0586e-12)
(-0.658187 -2.48695 -1.10483e-12)
(-0.687966 -2.68255 -1.13066e-12)
(-0.719984 -2.87722 -1.1347e-12)
(-0.754224 -3.07091 -1.13416e-12)
(-0.790663 -3.26356 -1.12319e-12)
(-0.829278 -3.4551 -1.11021e-12)
(-0.870044 -3.64549 -1.0882e-12)
(-0.912931 -3.83465 -1.05956e-12)
(-0.957912 -4.02255 -1.03283e-12)
(-1.00496 -4.2091 -9.92356e-13)
(-1.05404 -4.39426 -9.53451e-13)
(-1.10513 -4.57797 -9.07739e-13)
(-1.15819 -4.76017 -8.67404e-13)
(-1.2132 -4.94079 -8.1998e-13)
(-1.27013 -5.11979 -7.77199e-13)
(-1.32894 -5.2971 -7.32989e-13)
(-1.38961 -5.47267 -6.97412e-13)
(-1.45209 -5.64644 -6.55761e-13)
(-1.51637 -5.81835 -6.15919e-13)
(-1.58239 -5.98836 -5.81947e-13)
(-1.65012 -6.15639 -5.44275e-13)
(-1.71954 -6.32239 -5.0828e-13)
(-1.79058 -6.4863 -4.79694e-13)
(-1.86322 -6.64808 -4.48733e-13)
(-1.93739 -6.80766 -4.24369e-13)
(-2.01308 -6.96499 -3.99274e-13)
(-2.09021 -7.12001 -3.72551e-13)
(-2.16875 -7.27269 -3.48388e-13)
(-2.24864 -7.42296 -3.24305e-13)
(-2.32983 -7.57078 -3.05583e-13)
(-2.41227 -7.7161 -2.94862e-13)
(-2.49591 -7.85889 -2.77311e-13)
(-2.58069 -7.99911 -2.56591e-13)
(-2.66656 -8.13671 -2.42914e-13)
(-2.75349 -8.27167 -2.30158e-13)
(-2.8414 -8.40394 -2.20728e-13)
(-2.93026 -8.5335 -2.06962e-13)
(-3.02003 -8.66031 -1.94109e-13)
(-3.11063 -8.78434 -1.80592e-13)
(-3.20204 -8.90556 -1.72237e-13)
(-3.29419 -9.02392 -1.63043e-13)
(-3.38702 -9.1394 -1.56109e-13)
(-3.48048 -9.25196 -1.46668e-13)
(-3.57451 -9.36155 -1.4022e-13)
(-3.66902 -9.46816 -1.33933e-13)
(-3.76397 -9.57175 -1.2944e-13)
(-3.85927 -9.67227 -1.21079e-13)
(-3.95485 -9.76971 -1.18146e-13)
(-4.05064 -9.86403 -1.11491e-13)
(-4.14656 -9.95521 -1.05986e-13)
(-4.24254 -10.0432 -1.02848e-13)
(-4.3385 -10.1281 -1.0251e-13)
(-4.43436 -10.2097 -9.99969e-14)
(-4.53005 -10.2882 -9.3382e-14)
(-4.6255 -10.3634 -8.71691e-14)
(-4.72063 -10.4354 -8.39915e-14)
(-4.81534 -10.5041 -7.86349e-14)
(-4.90951 -10.5696 -7.74709e-14)
(-5.00307 -10.6319 -7.31401e-14)
(-5.09595 -10.691 -7.63532e-14)
(-5.18804 -10.7468 -7.41356e-14)
(-5.27925 -10.7994 -7.32651e-14)
(-5.36945 -10.8487 -6.50228e-14)
(-5.45863 -10.8948 -6.46623e-14)
(-5.54663 -10.9378 -5.99791e-14)
(-5.63333 -10.9775 -5.77256e-14)
(-5.71865 -11.0142 -5.54882e-14)
(-5.80245 -11.0476 -5.44146e-14)
(-5.88463 -11.078 -5.1077e-14)
(-5.96509 -11.1053 -5.04939e-14)
(-6.04369 -11.1296 -5.03844e-14)
(-6.12028 -11.1509 -4.79428e-14)
(-6.19474 -11.1694 -4.83025e-14)
(-6.26695 -11.185 -4.41092e-14)
(-6.33679 -11.1978 -4.44967e-14)
(-6.40413 -11.2079 -4.30206e-14)
(-6.46883 -11.2154 -4.29146e-14)
(-6.53076 -11.2204 -4.15014e-14)
(-6.5898 -11.2229 -4.18184e-14)
(-6.64581 -11.2231 -3.99806e-14)
(-6.69866 -11.2211 -3.8543e-14)
(-6.74821 -11.217 -3.62176e-14)
(-6.79436 -11.2109 -3.48674e-14)
(-6.83697 -11.2029 -3.38814e-14)
(-6.87594 -11.1933 -3.49083e-14)
(-6.91113 -11.1822 -3.33441e-14)
(-6.94247 -11.1697 -3.44111e-14)
(-6.96985 -11.156 -3.29069e-14)
(-6.99319 -11.1414 -3.19758e-14)
(-7.01243 -11.1259 -3.17438e-14)
(-7.0275 -11.1099 -3.05812e-14)
(-7.03837 -11.0935 -3.20878e-14)
(-7.04502 -11.077 -2.93954e-14)
(-7.04745 -11.0605 -2.88759e-14)
(-7.04568 -11.0443 -3.05049e-14)
(-7.03975 -11.0287 -3.01494e-14)
(-7.0297 -11.0138 -2.83886e-14)
(-7.01561 -10.9999 -3.03922e-14)
(-6.99754 -10.9872 -2.90861e-14)
(-6.97563 -10.9761 -2.75104e-14)
(-6.95001 -10.9667 -2.76699e-14)
(-6.92088 -10.9593 -2.9028e-14)
(-6.88844 -10.9542 -2.73203e-14)
(-6.85293 -10.9515 -2.7536e-14)
(-6.8146 -10.9516 -2.5811e-14)
(-6.77381 -10.9547 -2.59825e-14)
(-6.73109 -10.9606 -2.32391e-14)
(-6.6869 -10.9696 -2.23094e-14)
(-6.64174 -10.9818 -2.34036e-14)
(-6.59605 -10.9972 -2.3079e-14)
(-6.55021 -11.0162 -2.2986e-14)
(-6.50472 -11.0388 -2.37987e-14)
(-6.46013 -11.065 -2.2346e-14)
(-6.41696 -11.0949 -2.10909e-14)
(-6.37573 -11.1286 -2.18185e-14)
(-6.33702 -11.1661 -2.06882e-14)
(-6.30174 -11.207 -1.99154e-14)
(-6.27128 -11.2507 -1.93652e-14)
(-6.24542 -11.2979 -1.86039e-14)
(-6.22462 -11.3484 -1.93295e-14)
(-6.20971 -11.4019 -1.78692e-14)
(-6.2015 -11.4581 -1.81079e-14)
(-6.20077 -11.5164 -1.64504e-14)
(-6.20835 -11.5765 -1.66918e-14)
(-6.22486 -11.6385 -1.61651e-14)
(-6.25081 -11.7021 -1.69752e-14)
(-6.2861 -11.7656 -1.65238e-14)
(-6.33102 -11.8292 -1.67627e-14)
(-6.38665 -11.8927 -1.72098e-14)
(-6.45452 -11.9555 -1.79348e-14)
(-6.5347 -12.0166 -1.79336e-14)
(-6.62714 -12.0754 -1.79572e-14)
(-6.73209 -12.1312 -1.7757e-14)
(-6.84981 -12.1832 -1.67575e-14)
(-6.98046 -12.2306 -1.64492e-14)
(-0.503979 -0.141112 -3.33578e-14)
)
;
    }
    inlet
    {
        type            calculated;
        value           uniform (0 0 0);
    }
    rWedge
    {
        type            wedge;
    }
    lWedge
    {
        type            wedge;
    }
    outlet
    {
        type            calculated;
        value           nonuniform 0();
    }
    procBoundary3to2
    {
        type            processor;
        value           uniform (0 0 0);
    }
}


// ************************************************************************* //
