/*--------------------------------*- C++ -*----------------------------------*\
| =========                 |                                                 |
| \\      /  F ield         | OpenFOAM: The Open Source CFD Toolbox           |
|  \\    /   O peration     | Version:  v1706                                 |
|   \\  /    A nd           | Web:      www.OpenFOAM.com                      |
|    \\/     M anipulation  |                                                 |
\*---------------------------------------------------------------------------*/
FoamFile
{
    version     2.0;
    format      ascii;
    class       volVectorField;
    location    "4e-05";
    object      wallShearStress;
}
// * * * * * * * * * * * * * * * * * * * * * * * * * * * * * * * * * * * * * //

dimensions      [1 -1 -2 0 0 0 0];


internalField   uniform (0 0 0);

boundaryField
{
    cone
    {
        type            calculated;
        value           nonuniform List<vector> 
119
(
(0.955911 -0.4529 -2.94211e-11)
(0.864739 -0.443084 -2.92232e-11)
(0.769543 -0.431776 -2.81045e-11)
(0.670737 -0.419048 -2.61589e-11)
(0.568828 -0.405031 -2.35555e-11)
(0.464413 -0.389916 -2.05099e-11)
(0.358166 -0.373942 -1.72647e-11)
(0.250848 -0.357352 -1.40435e-11)
(0.143322 -0.340291 -1.10344e-11)
(0.0365374 -0.32269 -8.37003e-12)
(-0.0685956 -0.304421 -6.12523e-12)
(-0.171293 -0.28559 -4.32223e-12)
(-0.270744 -0.266393 -2.93668e-12)
(-0.366027 -0.246851 -1.9207e-12)
(-0.456113 -0.226895 -1.20742e-12)
(-0.539751 -0.206589 -7.29903e-13)
(-0.615448 -0.186053 -4.20195e-13)
(-0.683162 -0.165209 -2.3009e-13)
(-0.739224 -0.142044 -1.20604e-13)
(-0.79467 -0.120609 -6.1738e-14)
(-0.837372 -0.0967567 -2.98268e-14)
(-0.868218 -0.0722073 -1.29165e-14)
(-0.889339 -0.0481825 -6.23193e-15)
(-0.900146 -0.0246124 -5.28409e-16)
(-0.900424 -0.00313754 1.00693e-15)
(-0.889856 0.0159953 1.30977e-16)
(-0.868659 0.0313324 -8.0213e-16)
(-0.837965 0.0421889 -1.96013e-15)
(-0.799294 0.0482136 -1.72879e-15)
(-0.75437 0.0493297 -6.52611e-16)
(-0.705036 0.0457355 -1.47525e-15)
(-0.65319 0.0378968 -2.66816e-15)
(-0.600685 0.0264955 1.52464e-16)
(-0.549236 0.0123673 -1.52552e-15)
(-0.500339 -0.00357149 3.56056e-17)
(-0.455218 -0.0203918 3.6516e-16)
(-0.414789 -0.0372138 1.47205e-15)
(-0.379644 -0.0532684 3.96485e-17)
(-0.350056 -0.0679891 1.26584e-17)
(-0.325833 -0.081219 -3.6571e-16)
(-0.307614 -0.0924671 -2.5054e-15)
(-0.29339 -0.100424 -1.49756e-15)
(-0.284461 -0.106236 -1.71523e-15)
(-0.27977 -0.109757 -2.89851e-15)
(-0.27851 -0.110591 -2.58278e-15)
(-0.27956 -0.1097 -3.6942e-15)
(-0.282468 -0.107092 -8.53937e-16)
(-0.286622 -0.103161 2.14835e-15)
(-0.291392 -0.0982481 -5.52262e-16)
(-0.296321 -0.0926365 -3.33143e-16)
(-0.301009 -0.0866507 -5.27761e-16)
(-0.304556 -0.0808201 -1.20114e-15)
(-0.307157 -0.075542 -9.17957e-16)
(-0.309223 -0.0702908 -6.52668e-16)
(-0.309939 -0.0655707 -2.68684e-15)
(-0.309385 -0.0615047 -1.06488e-16)
(-0.307586 -0.0581772 3.69024e-16)
(-0.304563 -0.0556266 -1.6633e-15)
(-0.300342 -0.0538795 -2.3441e-15)
(-0.294952 -0.0529576 -1.78079e-15)
(-0.288415 -0.052884 -9.12675e-16)
(-0.280743 -0.0536848 -4.20212e-16)
(-0.271937 -0.0553899 -5.52091e-16)
(-0.26199 -0.0580307 -1.32978e-15)
(-0.250891 -0.0616375 -1.27587e-15)
(-0.238632 -0.0662349 -2.23575e-15)
(-0.225207 -0.0718392 -1.56481e-15)
(-0.210614 -0.0784638 -2.45003e-15)
(-0.194862 -0.0861395 -2.35821e-15)
(-0.177938 -0.0949289 -2.40156e-15)
(-0.160234 -0.104547 -1.96915e-15)
(-0.141281 -0.11471 -2.08432e-15)
(-0.121533 -0.126074 -2.18467e-15)
(-0.101028 -0.138215 -8.49702e-16)
(-0.0799017 -0.151044 -1.48201e-15)
(-0.0583152 -0.164516 -4.88826e-16)
(-0.036449 -0.178583 -6.34253e-16)
(-0.014512 -0.193221 -1.38615e-15)
(0.00724239 -0.208459 -1.64838e-16)
(0.0285017 -0.224386 -1.85789e-15)
(0.0488779 -0.241167 9.06498e-17)
(0.0679114 -0.259033 -1.15035e-16)
(0.0850908 -0.278234 -9.038e-16)
(0.0999107 -0.29895 -6.24321e-16)
(0.112076 -0.321489 -4.69125e-16)
(0.121369 -0.34564 1.20609e-15)
(0.127936 -0.370936 1.92821e-16)
(0.132433 -0.39694 -1.98214e-15)
(0.135604 -0.422907 -1.13179e-15)
(0.138292 -0.448173 -1.20474e-15)
(0.141275 -0.472253 -1.28493e-15)
(0.145124 -0.494924 -1.48756e-15)
(0.150113 -0.516237 -2.8321e-15)
(0.156187 -0.536478 -1.51901e-15)
(0.163013 -0.556094 -1.39824e-15)
(0.170072 -0.575613 -2.23623e-15)
(0.176715 -0.59554 -3.86804e-15)
(0.18225 -0.616286 9.83041e-17)
(0.186043 -0.63815 7.77175e-18)
(0.187571 -0.661298 2.43897e-15)
(0.186428 -0.685773 1.72698e-15)
(0.182316 -0.711535 -4.77912e-16)
(0.175039 -0.738427 2.83197e-16)
(0.164541 -0.766265 6.33784e-16)
(0.150815 -0.794837 -3.53654e-15)
(0.133899 -0.823911 -2.01065e-15)
(0.113826 -0.853355 -3.2325e-15)
(0.0905494 -0.883128 -3.22291e-15)
(0.0639449 -0.913263 -2.71957e-15)
(0.0338721 -0.943787 -1.63236e-15)
(0.000263604 -0.974633 -1.08335e-15)
(-0.0368555 -1.00562 -1.90923e-15)
(-0.0775029 -1.03655 7.09941e-16)
(-0.121858 -1.06728 -2.0379e-15)
(-0.17105 -1.09759 1.02889e-16)
(-0.225193 -1.128 -1.99083e-15)
(-0.295259 -1.15793 -2.00356e-15)
(-0.352833 -1.20267 6.91497e-17)
(-0.530344 -1.23877 -1.22254e-15)
)
;
    }
    inlet
    {
        type            calculated;
        value           uniform (0 0 0);
    }
    rWedge
    {
        type            wedge;
    }
    lWedge
    {
        type            wedge;
    }
    outlet
    {
        type            calculated;
        value           uniform (0 0 0);
    }
    procBoundary0to1
    {
        type            processor;
        value           uniform (0 0 0);
    }
    procBoundary0to2
    {
        type            processor;
        value           uniform (0 0 0);
    }
}


// ************************************************************************* //
