/*--------------------------------*- C++ -*----------------------------------*\
| =========                 |                                                 |
| \\      /  F ield         | OpenFOAM: The Open Source CFD Toolbox           |
|  \\    /   O peration     | Version:  v1706                                 |
|   \\  /    A nd           | Web:      www.OpenFOAM.com                      |
|    \\/     M anipulation  |                                                 |
\*---------------------------------------------------------------------------*/
FoamFile
{
    version     2.0;
    format      ascii;
    class       volVectorField;
    location    "1.5e-05";
    object      wallShearStress;
}
// * * * * * * * * * * * * * * * * * * * * * * * * * * * * * * * * * * * * * //

dimensions      [1 -1 -2 0 0 0 0];


internalField   uniform (0 0 0);

boundaryField
{
    cone
    {
        type            calculated;
        value           nonuniform List<vector> 
153
(
(-173.461 -150.344 -6.93343e-14)
(-173.785 -148.872 -5.67046e-14)
(-174.08 -147.389 -5.65331e-14)
(-174.346 -145.894 -6.21885e-14)
(-174.582 -144.387 -5.28751e-14)
(-174.788 -142.867 -4.59433e-14)
(-174.962 -141.336 -5.5818e-14)
(-175.106 -139.794 -4.56221e-14)
(-175.22 -138.241 -4.29182e-14)
(-175.302 -136.678 -4.23843e-14)
(-175.354 -135.106 -4.31396e-14)
(-175.375 -133.526 -3.96262e-14)
(-175.365 -131.937 -4.49796e-14)
(-175.324 -130.34 -3.908e-14)
(-175.253 -128.737 -3.17731e-14)
(-175.151 -127.126 -3.06169e-14)
(-175.018 -125.51 -3.57166e-14)
(-174.855 -123.888 -2.61804e-14)
(-174.66 -122.261 -2.6614e-14)
(-174.434 -120.629 -2.78782e-14)
(-174.177 -118.994 -2.35941e-14)
(-173.888 -117.354 -2.37005e-14)
(-173.567 -115.711 -1.40425e-14)
(-173.213 -114.065 -1.20601e-14)
(-172.826 -112.416 -1.29037e-14)
(-172.405 -110.764 -7.78753e-15)
(-171.949 -109.109 -1.56956e-14)
(-171.457 -107.453 -1.47515e-14)
(-170.929 -105.794 -7.34063e-15)
(-170.362 -104.132 -6.89618e-15)
(-169.754 -102.468 -1.36417e-14)
(-169.103 -100.801 -5.82836e-15)
(-168.405 -99.1304 -9.71825e-15)
(-167.658 -97.4566 -3.54839e-17)
(-166.858 -95.7781 -7.9261e-16)
(-165.998 -94.0942 -1.83862e-15)
(-165.075 -92.4034 -8.79651e-16)
(-164.079 -90.7043 -3.97764e-15)
(-163.003 -88.9947 -4.2782e-15)
(-161.835 -87.2719 -7.86633e-16)
(-160.566 -85.5316 3.18466e-15)
(-159.178 -83.7697 1.94807e-16)
(-157.647 -81.9862 6.48323e-15)
(-155.953 -80.174 5.63153e-15)
(-154.063 -78.3261 5.05915e-15)
(-151.919 -76.4392 6.23479e-15)
(-149.481 -74.4936 5.07548e-15)
(-146.551 -72.5339 8.63706e-15)
(-143.238 -70.4185 8.77172e-15)
(-139.937 -68.5673 1.10584e-14)
(-136.976 -67.0434 6.0154e-15)
(-134.256 -65.6942 5.27033e-15)
(-131.704 -64.4476 6.76028e-15)
(-129.28 -63.2759 6.63974e-15)
(-126.959 -62.1635 7.43024e-15)
(-124.727 -61.0996 8.21537e-15)
(-122.571 -60.0762 6.28709e-15)
(-120.481 -59.0875 7.78476e-15)
(-118.452 -58.129 9.1695e-15)
(-116.477 -57.1974 5.75526e-15)
(-114.553 -56.2897 1.04771e-14)
(-112.675 -55.4039 1.18359e-14)
(-110.841 -54.5382 9.70523e-15)
(-109.047 -53.6912 9.42871e-15)
(-107.293 -52.8616 8.04486e-15)
(-105.576 -52.0485 1.2358e-14)
(-103.894 -51.251 1.43902e-14)
(-102.247 -50.4684 1.56746e-14)
(-100.633 -49.7001 1.04919e-14)
(-99.0503 -48.9457 1.04277e-14)
(-97.4991 -48.2046 1.49968e-14)
(-95.9782 -47.4765 1.62919e-14)
(-94.4868 -46.761 1.74918e-14)
(-93.0242 -46.0579 1.79996e-14)
(-91.5897 -45.3668 1.45033e-14)
(-90.1828 -44.6876 1.22845e-14)
(-88.803 -44.0199 1.31212e-14)
(-87.4496 -43.3637 1.31789e-14)
(-86.1224 -42.7186 9.63808e-15)
(-84.8207 -42.0846 8.06727e-15)
(-83.5442 -41.4615 1.047e-14)
(-82.2924 -40.8491 1.1337e-14)
(-81.065 -40.2472 1.09856e-14)
(-79.8617 -39.6558 1.23356e-14)
(-78.682 -39.0747 7.37574e-15)
(-77.5257 -38.5038 9.70325e-15)
(-76.3924 -37.9429 1.00199e-14)
(-75.2818 -37.392 7.66396e-15)
(-74.1936 -36.8509 5.64238e-15)
(-73.1276 -36.3196 7.13966e-15)
(-72.0834 -35.798 5.00918e-15)
(-71.0607 -35.2859 8.50008e-15)
(-70.0594 -34.7832 1.19089e-14)
(-69.079 -34.2899 6.90864e-15)
(-68.1193 -33.8059 7.94726e-15)
(-67.18 -33.331 4.71942e-15)
(-66.2609 -32.8653 6.4826e-17)
(-65.3616 -32.4085 3.50765e-15)
(-64.4818 -31.9606 3.88521e-15)
(-63.6212 -31.5216 1.11942e-14)
(-62.7795 -31.0913 2.47012e-15)
(-61.9564 -30.6696 8.80018e-15)
(-61.1514 -30.2564 2.91843e-15)
(-60.3643 -29.8517 -2.21976e-15)
(-59.5947 -29.4553 4.35034e-15)
(-58.8422 -29.0672 -7.03118e-16)
(-58.1064 -28.6873 -5.24696e-15)
(-57.3869 -28.3156 -7.64911e-15)
(-56.6835 -27.9519 -2.42939e-16)
(-55.9958 -27.5963 -2.24721e-15)
(-55.3234 -27.2488 -6.0076e-16)
(-54.6662 -26.9091 -9.44324e-15)
(-54.024 -26.5773 8.38605e-16)
(-53.3966 -26.2532 -1.52739e-15)
(-52.784 -25.9366 -2.02799e-15)
(-52.1859 -25.6272 -2.76005e-15)
(-51.6024 -25.3248 -7.28367e-15)
(-51.0332 -25.0288 -8.2206e-15)
(-50.4779 -24.7389 -6.42174e-15)
(-49.9361 -24.4546 -1.02785e-14)
(-49.4069 -24.1755 -1.15195e-14)
(-48.8895 -23.9014 -6.94473e-15)
(-48.3825 -23.6322 -1.2646e-14)
(-47.8847 -23.3683 -1.62848e-14)
(-47.3946 -23.1103 -1.14844e-14)
(-46.9112 -22.8592 -1.0773e-14)
(-46.4339 -22.6163 -1.73064e-14)
(-45.9624 -22.3833 -1.38427e-14)
(-45.4979 -22.1616 -1.54736e-14)
(-45.0421 -21.9529 -1.84399e-14)
(-44.5982 -21.7579 -1.7207e-14)
(-44.1703 -21.5767 -1.69106e-14)
(-43.7633 -21.4085 -1.20458e-14)
(-43.3822 -21.2509 -1.59321e-14)
(-43.0322 -21.1001 -1.32896e-14)
(-42.717 -20.9508 -9.27167e-15)
(-42.4383 -20.7968 -1.70431e-14)
(-42.1949 -20.6315 -1.30742e-14)
(-41.9828 -20.4475 -1.4477e-14)
(-41.7965 -20.2346 -1.96295e-14)
(-41.6174 -20.0001 -2.47405e-14)
(-41.4247 -19.7446 -2.49797e-14)
(-41.2203 -19.4587 -2.13136e-14)
(-40.9834 -19.1473 -1.76939e-14)
(-40.695 -18.8239 -2.01516e-14)
(-40.3425 -18.4998 -2.53125e-14)
(-39.9176 -18.1894 -2.20335e-14)
(-39.4175 -17.9099 -2.04093e-14)
(-38.8462 -17.6782 -2.47553e-14)
(-38.2159 -17.5099 -2.82853e-14)
(-37.5466 -17.4155 -2.58098e-14)
(-36.8654 -17.3994 -2.81579e-14)
(-36.1995 -17.4663 -2.1228e-14)
)
;
    }
    inlet
    {
        type            calculated;
        value           uniform (0 0 0);
    }
    rWedge
    {
        type            wedge;
    }
    lWedge
    {
        type            wedge;
    }
    outlet
    {
        type            calculated;
        value           nonuniform 0();
    }
    procBoundary2to0
    {
        type            processor;
        value           uniform (0 0 0);
    }
    procBoundary2to1
    {
        type            processor;
        value           uniform (0 0 0);
    }
    procBoundary2to3
    {
        type            processor;
        value           uniform (0 0 0);
    }
}


// ************************************************************************* //
