/*--------------------------------*- C++ -*----------------------------------*\
| =========                 |                                                 |
| \\      /  F ield         | OpenFOAM: The Open Source CFD Toolbox           |
|  \\    /   O peration     | Version:  v1706                                 |
|   \\  /    A nd           | Web:      www.OpenFOAM.com                      |
|    \\/     M anipulation  |                                                 |
\*---------------------------------------------------------------------------*/
FoamFile
{
    version     2.0;
    format      ascii;
    class       volVectorField;
    location    "4e-05";
    object      wallShearStress;
}
// * * * * * * * * * * * * * * * * * * * * * * * * * * * * * * * * * * * * * //

dimensions      [1 -1 -2 0 0 0 0];


internalField   uniform (0 0 0);

boundaryField
{
    cone
    {
        type            calculated;
        value           nonuniform List<vector> 
147
(
(-0.52389 -0.544527 -1.37456e-13)
(-0.535103 -0.860041 -1.82526e-13)
(-0.546756 -1.19528 -3.69519e-13)
(-0.563919 -1.52875 -4.88723e-13)
(-0.584718 -1.8651 -6.05054e-13)
(-0.609362 -2.20164 -7.02028e-13)
(-0.637809 -2.53844 -8.00541e-13)
(-0.670044 -2.87507 -8.87863e-13)
(-0.7062 -3.21149 -9.81649e-13)
(-0.746126 -3.54924 -1.04349e-12)
(-0.788098 -3.88879 -1.12315e-12)
(-0.834578 -4.22729 -1.18282e-12)
(-0.885876 -4.56342 -1.22865e-12)
(-0.941466 -4.89738 -1.26815e-12)
(-1.00099 -5.22961 -1.30131e-12)
(-1.06433 -5.56032 -1.32631e-12)
(-1.13147 -5.88956 -1.35583e-12)
(-1.20241 -6.2173 -1.37564e-12)
(-1.27711 -6.54348 -1.38861e-12)
(-1.35555 -6.86803 -1.40137e-12)
(-1.4377 -7.19088 -1.40385e-12)
(-1.52353 -7.51197 -1.40243e-12)
(-1.61301 -7.83122 -1.3921e-12)
(-1.70611 -8.14855 -1.38563e-12)
(-1.80279 -8.46389 -1.36995e-12)
(-1.90302 -8.77716 -1.3506e-12)
(-2.00675 -9.08828 -1.33217e-12)
(-2.11395 -9.39718 -1.32144e-12)
(-2.22458 -9.70378 -1.29947e-12)
(-2.3386 -10.008 -1.27523e-12)
(-2.45596 -10.3098 -1.25237e-12)
(-2.57662 -10.609 -1.22665e-12)
(-2.70055 -10.9057 -1.1982e-12)
(-2.82768 -11.1997 -1.17498e-12)
(-2.95797 -11.491 -1.14771e-12)
(-3.09138 -11.7794 -1.12317e-12)
(-3.22786 -12.065 -1.09532e-12)
(-3.36735 -12.3476 -1.06601e-12)
(-3.5098 -12.6272 -1.03581e-12)
(-3.65516 -12.9037 -1.00486e-12)
(-3.80338 -13.1771 -9.78568e-13)
(-3.95441 -13.4473 -9.60112e-13)
(-4.10817 -13.7142 -9.35764e-13)
(-4.26463 -13.9778 -9.03506e-13)
(-4.42372 -14.238 -8.7779e-13)
(-4.58538 -14.4948 -8.53939e-13)
(-4.74956 -14.748 -8.32447e-13)
(-4.91619 -14.9977 -8.06417e-13)
(-5.08521 -15.2438 -7.80516e-13)
(-5.25657 -15.4862 -7.5203e-13)
(-5.43018 -15.7249 -7.31165e-13)
(-5.606 -15.9598 -7.09056e-13)
(-5.78397 -16.1909 -6.88734e-13)
(-5.964 -16.4181 -6.65783e-13)
(-6.14604 -16.6414 -6.46582e-13)
(-6.33002 -16.8608 -6.28099e-13)
(-6.51588 -17.0761 -6.09586e-13)
(-6.70355 -17.2874 -5.87979e-13)
(-6.89294 -17.4947 -5.7288e-13)
(-7.08402 -17.6978 -5.52777e-13)
(-7.27669 -17.8967 -5.35941e-13)
(-7.47089 -18.0914 -5.22681e-13)
(-7.66654 -18.2819 -5.10627e-13)
(-7.86359 -18.4682 -4.96943e-13)
(-8.06195 -18.6501 -4.79094e-13)
(-8.26156 -18.8277 -4.62608e-13)
(-8.46234 -19.0009 -4.48378e-13)
(-8.66422 -19.1698 -4.32086e-13)
(-8.86713 -19.3342 -4.19299e-13)
(-9.07099 -19.4942 -4.0464e-13)
(-9.27574 -19.6497 -3.99255e-13)
(-9.48128 -19.8008 -3.88724e-13)
(-9.68757 -19.9473 -3.78757e-13)
(-9.89451 -20.0893 -3.60835e-13)
(-10.102 -20.2268 -3.52224e-13)
(-10.3101 -20.3597 -3.3918e-13)
(-10.5186 -20.4881 -3.28062e-13)
(-10.7274 -20.6118 -3.17433e-13)
(-10.9365 -20.731 -3.09599e-13)
(-11.1459 -20.8456 -2.98801e-13)
(-11.3553 -20.9555 -2.91292e-13)
(-11.5649 -21.0608 -2.84489e-13)
(-11.7744 -21.1616 -2.75335e-13)
(-11.9839 -21.2576 -2.69692e-13)
(-12.1932 -21.3491 -2.58888e-13)
(-12.4022 -21.4359 -2.52877e-13)
(-12.611 -21.5181 -2.45258e-13)
(-12.8194 -21.5957 -2.40581e-13)
(-13.0273 -21.6687 -2.33096e-13)
(-13.2347 -21.737 -2.28257e-13)
(-13.4415 -21.8008 -2.21218e-13)
(-13.6476 -21.8599 -2.14696e-13)
(-13.853 -21.9145 -2.07531e-13)
(-14.0576 -21.9645 -2.00815e-13)
(-14.2613 -22.0099 -1.94632e-13)
(-14.464 -22.0508 -1.91535e-13)
(-14.6658 -22.0871 -1.86446e-13)
(-14.8664 -22.119 -1.83131e-13)
(-15.0658 -22.1463 -1.77661e-13)
(-15.2641 -22.1692 -1.71975e-13)
(-15.461 -22.1876 -1.68009e-13)
(-15.6565 -22.2016 -1.62931e-13)
(-15.8507 -22.2111 -1.61293e-13)
(-16.0432 -22.2163 -1.54575e-13)
(-16.2343 -22.2171 -1.50242e-13)
(-16.4237 -22.2136 -1.48918e-13)
(-16.6113 -22.2057 -1.45221e-13)
(-16.7972 -22.1936 -1.40248e-13)
(-16.9813 -22.1772 -1.39738e-13)
(-17.1634 -22.1566 -1.35738e-13)
(-17.3436 -22.1317 -1.30966e-13)
(-17.5217 -22.1027 -1.28334e-13)
(-17.6978 -22.0696 -1.27296e-13)
(-17.8716 -22.0324 -1.22772e-13)
(-18.0433 -21.9911 -1.20428e-13)
(-18.2127 -21.9458 -1.16286e-13)
(-18.3796 -21.8965 -1.14123e-13)
(-18.5442 -21.8432 -1.08811e-13)
(-18.7063 -21.786 -1.04738e-13)
(-18.8659 -21.7249 -1.03487e-13)
(-19.0229 -21.66 -1.0122e-13)
(-19.1772 -21.5912 -9.91777e-14)
(-19.3287 -21.5187 -9.7666e-14)
(-19.4775 -21.4425 -9.47959e-14)
(-19.6235 -21.3626 -9.12737e-14)
(-19.7665 -21.279 -9.02339e-14)
(-19.9066 -21.1919 -8.71977e-14)
(-20.0436 -21.1012 -8.44817e-14)
(-20.1775 -21.007 -8.2048e-14)
(-20.3083 -20.9093 -7.92543e-14)
(-20.4358 -20.8082 -7.87701e-14)
(-20.5601 -20.7037 -7.57024e-14)
(-20.681 -20.5959 -7.42975e-14)
(-20.7985 -20.4847 -7.12166e-14)
(-20.9125 -20.3704 -6.99001e-14)
(-21.023 -20.2528 -6.76133e-14)
(-21.1299 -20.1321 -6.71439e-14)
(-21.233 -20.0082 -6.53584e-14)
(-21.3325 -19.8813 -6.39275e-14)
(-21.4282 -19.7513 -6.28852e-14)
(-21.5201 -19.6184 -6.21815e-14)
(-21.608 -19.4827 -6.08387e-14)
(-21.6916 -19.3443 -5.94171e-14)
(-21.7709 -19.2029 -5.82122e-14)
(-21.8456 -19.0587 -5.62327e-14)
(-21.9163 -18.9114 -5.52591e-14)
(-0.558993 -0.24102 -7.00753e-14)
)
;
    }
    inlet
    {
        type            calculated;
        value           uniform (0 0 0);
    }
    rWedge
    {
        type            wedge;
    }
    lWedge
    {
        type            wedge;
    }
    outlet
    {
        type            calculated;
        value           nonuniform 0();
    }
    procBoundary3to2
    {
        type            processor;
        value           uniform (0 0 0);
    }
}


// ************************************************************************* //
