/*--------------------------------*- C++ -*----------------------------------*\
| =========                 |                                                 |
| \\      /  F ield         | OpenFOAM: The Open Source CFD Toolbox           |
|  \\    /   O peration     | Version:  v1706                                 |
|   \\  /    A nd           | Web:      www.OpenFOAM.com                      |
|    \\/     M anipulation  |                                                 |
\*---------------------------------------------------------------------------*/
FoamFile
{
    version     2.0;
    format      ascii;
    class       volVectorField;
    location    "3.9e-05";
    object      wallShearStress;
}
// * * * * * * * * * * * * * * * * * * * * * * * * * * * * * * * * * * * * * //

dimensions      [1 -1 -2 0 0 0 0];


internalField   uniform (0 0 0);

boundaryField
{
    cone
    {
        type            calculated;
        value           nonuniform List<vector> 
153
(
(-21.8235 -18.6407 -5.27481e-14)
(-21.8818 -18.487 -5.07162e-14)
(-21.9354 -18.3309 -5.01576e-14)
(-21.9841 -18.1721 -4.95065e-14)
(-22.0278 -18.0107 -4.78597e-14)
(-22.0665 -17.8467 -4.65371e-14)
(-22.0999 -17.6803 -4.6498e-14)
(-22.128 -17.5113 -4.45122e-14)
(-22.1506 -17.3399 -4.36573e-14)
(-22.1675 -17.1661 -4.29103e-14)
(-22.1786 -16.9899 -4.20927e-14)
(-22.1837 -16.8113 -4.13736e-14)
(-22.1826 -16.6304 -4.1287e-14)
(-22.1752 -16.4472 -3.98772e-14)
(-22.1613 -16.2616 -3.88341e-14)
(-22.1407 -16.0739 -3.78015e-14)
(-22.1131 -15.8838 -3.75101e-14)
(-22.0784 -15.6916 -3.56544e-14)
(-22.0363 -15.4972 -3.52668e-14)
(-21.9866 -15.3006 -3.47696e-14)
(-21.929 -15.1018 -3.3776e-14)
(-21.8633 -14.9009 -3.29127e-14)
(-21.7892 -14.6979 -3.12748e-14)
(-21.7066 -14.4927 -3.02732e-14)
(-21.615 -14.2855 -2.94317e-14)
(-21.5141 -14.0761 -2.85121e-14)
(-21.4039 -13.8646 -2.9325e-14)
(-21.2839 -13.651 -2.8468e-14)
(-21.1538 -13.4354 -2.74203e-14)
(-21.0135 -13.2177 -2.66767e-14)
(-20.8625 -12.9979 -2.67687e-14)
(-20.7005 -12.7761 -2.57399e-14)
(-20.5275 -12.5521 -2.55861e-14)
(-20.3429 -12.3261 -2.37968e-14)
(-20.1467 -12.098 -2.34916e-14)
(-19.9385 -11.8678 -2.3031e-14)
(-19.7182 -11.6355 -2.26866e-14)
(-19.4854 -11.4012 -2.2282e-14)
(-19.2401 -11.1647 -2.19813e-14)
(-18.982 -10.9262 -2.08909e-14)
(-18.7109 -10.6857 -2.0195e-14)
(-18.4265 -10.4432 -2.01584e-14)
(-18.1287 -10.199 -1.87971e-14)
(-17.8169 -9.95307 -1.82668e-14)
(-17.4906 -9.70586 -1.78268e-14)
(-17.1475 -9.45865 -1.72806e-14)
(-16.7799 -9.21994 -1.70754e-14)
(-16.3839 -9.0124 -1.60463e-14)
(-16.0089 -8.7332 -1.56052e-14)
(-15.6545 -8.42488 -1.47724e-14)
(-15.2955 -8.17889 -1.53513e-14)
(-14.9576 -7.9638 -1.50979e-14)
(-14.6392 -7.76807 -1.44482e-14)
(-14.3375 -7.58746 -1.41173e-14)
(-14.0502 -7.41911 -1.34464e-14)
(-13.7758 -7.26092 -1.29143e-14)
(-13.5128 -7.11132 -1.32275e-14)
(-13.2603 -6.96917 -1.26127e-14)
(-13.0173 -6.83359 -1.22002e-14)
(-12.7831 -6.70388 -1.236e-14)
(-12.5571 -6.57948 -1.12869e-14)
(-12.3386 -6.45989 -1.0858e-14)
(-12.1272 -6.34472 -1.05274e-14)
(-11.9225 -6.23362 -1.05272e-14)
(-11.724 -6.12629 -1.02141e-14)
(-11.5314 -6.02247 -9.17308e-15)
(-11.3443 -5.92193 -8.72321e-15)
(-11.1626 -5.82445 -8.2825e-15)
(-10.9858 -5.72986 -8.81152e-15)
(-10.8138 -5.63799 -8.41861e-15)
(-10.6463 -5.54869 -7.31147e-15)
(-10.4832 -5.46182 -6.88958e-15)
(-10.3243 -5.37727 -6.35721e-15)
(-10.1693 -5.29491 -5.99378e-15)
(-10.0181 -5.21464 -6.29774e-15)
(-9.87055 -5.13637 -6.23945e-15)
(-9.72654 -5.06001 -5.98656e-15)
(-9.58592 -4.98547 -5.65585e-15)
(-9.44855 -4.91268 -5.96441e-15)
(-9.31433 -4.84158 -5.88758e-15)
(-9.18315 -4.77209 -5.17826e-15)
(-9.05491 -4.70415 -4.79326e-15)
(-8.9295 -4.63771 -4.36506e-15)
(-8.80683 -4.57271 -3.98441e-15)
(-8.68683 -4.50911 -4.46271e-15)
(-8.56942 -4.44685 -4.0109e-15)
(-8.45451 -4.3859 -3.68206e-15)
(-8.34203 -4.32622 -3.89668e-15)
(-8.23192 -4.26776 -3.84607e-15)
(-8.12412 -4.2105 -3.37118e-15)
(-8.01856 -4.15439 -3.30716e-15)
(-7.91518 -4.09942 -2.38942e-15)
(-7.81394 -4.04555 -1.71725e-15)
(-7.71479 -3.99274 -2.31513e-15)
(-7.61767 -3.94099 -1.9519e-15)
(-7.52254 -3.89026 -2.32712e-15)
(-7.42937 -3.84054 -2.8982e-15)
(-7.33811 -3.79179 -2.21004e-15)
(-7.24873 -3.744 -1.81384e-15)
(-7.1612 -3.69715 -4.93983e-16)
(-7.07548 -3.65122 -1.55588e-15)
(-6.99155 -3.60619 -5.4599e-16)
(-6.90938 -3.56204 -1.11646e-15)
(-6.82894 -3.51875 -1.69463e-15)
(-6.75021 -3.47631 -7.11238e-16)
(-6.67317 -3.43469 -1.31099e-15)
(-6.5978 -3.39389 -1.89624e-15)
(-6.52407 -3.35387 -2.39844e-15)
(-6.45197 -3.31462 -1.23189e-15)
(-6.38148 -3.27612 -1.31075e-15)
(-6.31256 -3.23835 -8.86102e-16)
(-6.2452 -3.2013 -2.2964e-15)
(-6.17938 -3.16493 -6.14409e-16)
(-6.11507 -3.12924 -7.69038e-16)
(-6.05223 -3.0942 -9.1604e-16)
(-5.99083 -3.0598 -9.59294e-16)
(-5.93084 -3.02601 -1.33834e-15)
(-5.87221 -2.99283 -1.59996e-15)
(-5.81491 -2.96022 -1.1891e-15)
(-5.75889 -2.92819 -1.47077e-15)
(-5.70408 -2.89672 -1.96115e-15)
(-5.65045 -2.8658 -1.06353e-15)
(-5.59792 -2.83542 -2.25102e-15)
(-5.54646 -2.80559 -2.83414e-15)
(-5.49598 -2.7763 -2.16775e-15)
(-5.44645 -2.74756 -1.63823e-15)
(-5.3978 -2.71938 -2.5523e-15)
(-5.34998 -2.69178 -2.05975e-15)
(-5.30296 -2.66476 -1.87753e-15)
(-5.2567 -2.63834 -2.30378e-15)
(-5.21118 -2.61255 -2.43238e-15)
(-5.16638 -2.58741 -2.44304e-15)
(-5.12233 -2.56295 -1.41683e-15)
(-5.07903 -2.53917 -1.70172e-15)
(-5.03653 -2.51611 -1.29569e-15)
(-4.99489 -2.49378 -4.93925e-16)
(-4.9542 -2.47219 -1.74695e-15)
(-4.91454 -2.45135 -1.30318e-15)
(-4.87602 -2.43125 -1.72874e-15)
(-4.83878 -2.41189 -2.69684e-15)
(-4.80294 -2.39323 -3.42637e-15)
(-4.76864 -2.37526 -3.54834e-15)
(-4.73603 -2.35791 -2.70544e-15)
(-4.70523 -2.34114 -1.93663e-15)
(-4.67636 -2.32488 -1.98529e-15)
(-4.64951 -2.30905 -2.81772e-15)
(-4.62477 -2.29356 -2.42909e-15)
(-4.60215 -2.27832 -1.97656e-15)
(-4.58167 -2.26321 -2.69437e-15)
(-4.56327 -2.2481 -3.31665e-15)
(-4.54687 -2.23286 -2.94901e-15)
(-4.53226 -2.21736 -3.42141e-15)
(-4.51894 -2.20215 -2.07712e-15)
)
;
    }
    inlet
    {
        type            calculated;
        value           uniform (0 0 0);
    }
    rWedge
    {
        type            wedge;
    }
    lWedge
    {
        type            wedge;
    }
    outlet
    {
        type            calculated;
        value           nonuniform 0();
    }
    procBoundary2to0
    {
        type            processor;
        value           uniform (0 0 0);
    }
    procBoundary2to1
    {
        type            processor;
        value           uniform (0 0 0);
    }
    procBoundary2to3
    {
        type            processor;
        value           uniform (0 0 0);
    }
}


// ************************************************************************* //
