/*--------------------------------*- C++ -*----------------------------------*\
| =========                 |                                                 |
| \\      /  F ield         | OpenFOAM: The Open Source CFD Toolbox           |
|  \\    /   O peration     | Version:  v1706                                 |
|   \\  /    A nd           | Web:      www.OpenFOAM.com                      |
|    \\/     M anipulation  |                                                 |
\*---------------------------------------------------------------------------*/
FoamFile
{
    version     2.0;
    format      ascii;
    class       volVectorField;
    location    "1.8e-05";
    object      wallShearStress;
}
// * * * * * * * * * * * * * * * * * * * * * * * * * * * * * * * * * * * * * //

dimensions      [1 -1 -2 0 0 0 0];


internalField   uniform (0 0 0);

boundaryField
{
    cone
    {
        type            calculated;
        value           nonuniform List<vector> 
153
(
(-8.23222 -9.44902 -1.32042e-14)
(-8.12885 -9.42698 -1.21952e-14)
(-8.02534 -9.40921 -1.25397e-14)
(-7.92228 -9.39558 -1.30743e-14)
(-7.82025 -9.38599 -1.22339e-14)
(-7.71988 -9.38023 -1.16371e-14)
(-7.62182 -9.37808 -1.29051e-14)
(-7.52669 -9.37929 -1.18679e-14)
(-7.43518 -9.38356 -1.18938e-14)
(-7.34794 -9.39054 -1.22133e-14)
(-7.26564 -9.39986 -1.28163e-14)
(-7.18895 -9.41113 -1.26785e-14)
(-7.1185 -9.42389 -1.33609e-14)
(-7.05494 -9.43758 -1.30298e-14)
(-6.99903 -9.45143 -1.24655e-14)
(-6.95244 -9.46495 -1.22987e-14)
(-6.9152 -9.47762 -1.3212e-14)
(-6.88923 -9.48851 -1.1822e-14)
(-6.86557 -9.49832 -1.21774e-14)
(-6.8574 -9.50414 -1.27298e-14)
(-6.86071 -9.50732 -1.23116e-14)
(-6.87545 -9.50636 -1.26634e-14)
(-6.90229 -9.5004 -1.145e-14)
(-6.94161 -9.48865 -1.15019e-14)
(-6.99373 -9.47027 -1.18468e-14)
(-7.05885 -9.44443 -1.12385e-14)
(-7.13707 -9.41025 -1.27645e-14)
(-7.22839 -9.36692 -1.30792e-14)
(-7.33264 -9.31363 -1.21662e-14)
(-7.44956 -9.24958 -1.25606e-14)
(-7.57866 -9.17403 -1.36751e-14)
(-7.71933 -9.08627 -1.2481e-14)
(-7.87075 -8.98561 -1.32358e-14)
(-8.03189 -8.87148 -1.16863e-14)
(-8.20151 -8.74337 -1.2046e-14)
(-8.37815 -8.60088 -1.22122e-14)
(-8.56011 -8.44372 -1.23119e-14)
(-8.74547 -8.27174 -1.27202e-14)
(-8.93223 -8.08475 -1.2932e-14)
(-9.11791 -7.88407 -1.20124e-14)
(-9.29768 -7.66714 -1.1366e-14)
(-9.47303 -7.43554 -1.19497e-14)
(-9.64125 -7.19716 -1.05659e-14)
(-9.79292 -6.9435 -1.06378e-14)
(-9.92843 -6.67808 -1.08913e-14)
(-10.0431 -6.40345 -1.0591e-14)
(-10.1318 -6.12375 -1.09714e-14)
(-10.1836 -5.85595 -1.0144e-14)
(-10.2145 -5.55119 -1.0125e-14)
(-10.2374 -5.23205 -9.78655e-15)
(-10.248 -4.95288 -1.12407e-14)
(-10.2393 -4.69696 -1.1226e-14)
(-10.2077 -4.45519 -1.07197e-14)
(-10.1499 -4.22645 -1.05083e-14)
(-10.0634 -4.01072 -9.96995e-15)
(-9.9467 -3.80824 -9.90843e-15)
(-9.79926 -3.61941 -1.05798e-14)
(-9.62112 -3.44462 -1.02706e-14)
(-9.41297 -3.28401 -1.00178e-14)
(-9.17579 -3.13786 -1.06057e-14)
(-8.91054 -3.00437 -9.7317e-15)
(-8.62077 -2.89487 -9.55105e-15)
(-8.30858 -2.80531 -1.00324e-14)
(-7.97515 -2.73065 -1.00693e-14)
(-7.62642 -2.66655 -1.00556e-14)
(-7.26297 -2.61892 -8.86068e-15)
(-6.88815 -2.58733 -8.44402e-15)
(-6.50504 -2.57102 -8.1465e-15)
(-6.11659 -2.56925 -8.98078e-15)
(-5.72565 -2.58124 -8.73882e-15)
(-5.3349 -2.60615 -7.6e-15)
(-4.94692 -2.64303 -7.49583e-15)
(-4.56409 -2.69085 -7.12104e-15)
(-4.18864 -2.74853 -7.07241e-15)
(-3.82259 -2.81495 -7.74994e-15)
(-3.46776 -2.88894 -7.87928e-15)
(-3.12572 -2.96937 -7.73389e-15)
(-2.79776 -3.05509 -7.5195e-15)
(-2.48498 -3.14501 -8.14801e-15)
(-2.18824 -3.23866 -8.45381e-15)
(-1.90701 -3.33423 -7.97841e-15)
(-1.64702 -3.43765 -7.87351e-15)
(-1.39392 -3.5331 -7.33167e-15)
(-1.16335 -3.63053 -7.07754e-15)
(-0.951653 -3.72998 -7.86082e-15)
(-0.756535 -3.82871 -7.45716e-15)
(-0.578067 -3.92626 -7.29553e-15)
(-0.416279 -4.02262 -7.86251e-15)
(-0.271015 -4.1176 -7.97306e-15)
(-0.142246 -4.21056 -7.52784e-15)
(-0.0303496 -4.30306 -7.85346e-15)
(0.0664656 -4.39241 -6.79441e-15)
(0.147001 -4.47961 -6.56155e-15)
(0.211079 -4.56387 -7.2546e-15)
(0.259361 -4.64401 -7.09153e-15)
(0.292199 -4.72 -7.73981e-15)
(0.309167 -4.79253 -8.71903e-15)
(0.310409 -4.86262 -7.93038e-15)
(0.295816 -4.92963 -7.48796e-15)
(0.265363 -4.99335 -6.14071e-15)
(0.219041 -5.05366 -7.83501e-15)
(0.156838 -5.11047 -6.65306e-15)
(0.0787434 -5.16365 -7.74129e-15)
(-0.0152394 -5.21309 -8.43479e-15)
(-0.125079 -5.2587 -7.15608e-15)
(-0.250712 -5.30044 -8.44317e-15)
(-0.392119 -5.33831 -9.30601e-15)
(-0.549653 -5.37248 -9.60842e-15)
(-0.725063 -5.39826 -8.22338e-15)
(-0.914152 -5.41999 -8.73379e-15)
(-1.1168 -5.43735 -8.40076e-15)
(-1.33271 -5.45092 -9.9646e-15)
(-1.56178 -5.46183 -7.34134e-15)
(-1.80248 -5.47268 -7.8977e-15)
(-2.04816 -5.485 -8.57128e-15)
(-2.30375 -5.49035 -9.0687e-15)
(-2.56906 -5.49044 -9.96649e-15)
(-2.84359 -5.48631 -1.01844e-14)
(-3.12864 -5.47603 -9.65313e-15)
(-3.42287 -5.46093 -1.04034e-14)
(-3.72642 -5.43966 -1.07737e-14)
(-4.03854 -5.4114 -9.88473e-15)
(-4.35781 -5.37517 -1.16332e-14)
(-4.68198 -5.32996 -1.24636e-14)
(-5.0078 -5.27462 -1.11476e-14)
(-5.33164 -5.20795 -1.062e-14)
(-5.64758 -5.12891 -1.15821e-14)
(-5.94355 -5.02915 -1.01454e-14)
(-6.22773 -4.92402 -1.03954e-14)
(-6.48516 -4.81441 -1.06947e-14)
(-6.69365 -4.6874 -1.01605e-14)
(-6.85356 -4.55166 -9.61891e-15)
(-6.96304 -4.40541 -8.20869e-15)
(-7.01719 -4.25853 -9.02599e-15)
(-7.011 -4.11091 -8.34528e-15)
(-6.94396 -3.96292 -7.43344e-15)
(-6.81826 -3.82143 -9.01761e-15)
(-6.63757 -3.68658 -8.22552e-15)
(-6.41251 -3.55895 -8.92154e-15)
(-6.15374 -3.43899 -1.01449e-14)
(-5.87161 -3.32642 -1.12083e-14)
(-5.57554 -3.22064 -1.07613e-14)
(-5.27372 -3.1209 -9.51972e-15)
(-4.9727 -3.02647 -8.60233e-15)
(-4.67744 -2.93676 -9.28262e-15)
(-4.3913 -2.85129 -1.05206e-14)
(-4.1164 -2.76976 -9.52181e-15)
(-3.8538 -2.69197 -8.99364e-15)
(-3.60383 -2.61782 -9.84208e-15)
(-3.36632 -2.54728 -1.03576e-14)
(-3.14077 -2.48036 -9.43254e-15)
(-2.92651 -2.41709 -9.53142e-15)
(-2.72276 -2.35752 -7.73137e-15)
)
;
    }
    inlet
    {
        type            calculated;
        value           uniform (0 0 0);
    }
    rWedge
    {
        type            wedge;
    }
    lWedge
    {
        type            wedge;
    }
    outlet
    {
        type            calculated;
        value           nonuniform 0();
    }
    procBoundary2to0
    {
        type            processor;
        value           uniform (0 0 0);
    }
    procBoundary2to1
    {
        type            processor;
        value           uniform (0 0 0);
    }
    procBoundary2to3
    {
        type            processor;
        value           uniform (0 0 0);
    }
}


// ************************************************************************* //
