/*--------------------------------*- C++ -*----------------------------------*\
| =========                 |                                                 |
| \\      /  F ield         | OpenFOAM: The Open Source CFD Toolbox           |
|  \\    /   O peration     | Version:  v1706                                 |
|   \\  /    A nd           | Web:      www.OpenFOAM.com                      |
|    \\/     M anipulation  |                                                 |
\*---------------------------------------------------------------------------*/
FoamFile
{
    version     2.0;
    format      ascii;
    class       volVectorField;
    location    "1.4e-05";
    object      wallShearStress;
}
// * * * * * * * * * * * * * * * * * * * * * * * * * * * * * * * * * * * * * //

dimensions      [1 -1 -2 0 0 0 0];


internalField   uniform (0 0 0);

boundaryField
{
    cone
    {
        type            calculated;
        value           nonuniform List<vector> 
181
(
(-2.86647 -2.37772 -1.13496e-14)
(-2.96721 -2.39465 -1.06249e-14)
(-3.07477 -2.40866 -1.03352e-14)
(-3.18849 -2.41959 -1.18571e-14)
(-3.30769 -2.42734 -1.15842e-14)
(-3.43163 -2.43181 -1.17308e-14)
(-3.55955 -2.43298 -1.21128e-14)
(-3.69065 -2.43083 -1.27752e-14)
(-3.82409 -2.42541 -1.26639e-14)
(-3.95903 -2.41681 -1.1684e-14)
(-4.09461 -2.40516 -1.24785e-14)
(-4.22996 -2.39063 -1.22295e-14)
(-4.36423 -2.37343 -1.28033e-14)
(-4.49657 -2.3538 -1.23633e-14)
(-4.62617 -2.33203 -1.20881e-14)
(-4.75223 -2.30846 -1.1786e-14)
(-4.87404 -2.28348 -1.26397e-14)
(-4.99092 -2.25749 -1.25208e-14)
(-5.10236 -2.23084 -1.28919e-14)
(-5.20797 -2.20379 -9.99802e-15)
(-5.3077 -2.17647 -9.51624e-15)
(-5.39988 -2.15017 -1.00973e-14)
(-5.4865 -2.12617 -1.07093e-14)
(-5.56654 -2.10221 -1.01008e-14)
(-5.64026 -2.07928 -1.05314e-14)
(-5.70809 -2.05807 -9.96781e-15)
(-5.7704 -2.03856 -1.05063e-14)
(-5.82768 -2.02074 -1.07459e-14)
(-5.88051 -2.0046 -1.17136e-14)
(-5.92954 -1.99003 -1.25568e-14)
(-5.97541 -1.9769 -1.16736e-14)
(-6.01881 -1.96504 -1.00431e-14)
(-6.06043 -1.95421 -1.11095e-14)
(-6.10093 -1.94417 -1.19902e-14)
(-6.14092 -1.93467 -8.28475e-15)
(-6.181 -1.92544 -9.24017e-15)
(-6.22169 -1.9162 -7.01668e-15)
(-6.26345 -1.9067 -9.26122e-15)
(-6.30668 -1.89668 -9.85164e-15)
(-6.35172 -1.88592 -1.13678e-14)
(-6.39884 -1.87421 -8.78322e-15)
(-6.44824 -1.86135 -8.63854e-15)
(-6.50008 -1.8472 -8.37705e-15)
(-6.55446 -1.83161 -1.16562e-14)
(-6.61144 -1.81447 -1.25289e-14)
(-6.67102 -1.79567 -1.03875e-14)
(-6.73322 -1.77514 -1.10297e-14)
(-6.79799 -1.75279 -8.7828e-15)
(-6.86529 -1.72858 -1.06973e-14)
(-6.93509 -1.70244 -8.93294e-15)
(-7.00733 -1.67431 -7.76725e-15)
(-7.08197 -1.64412 -8.29167e-15)
(-7.15899 -1.61178 -9.91253e-15)
(-7.23838 -1.5772 -1.04261e-14)
(-7.32016 -1.54025 -1.16681e-14)
(-7.40435 -1.50079 -1.13603e-14)
(-7.49103 -1.45864 -8.47445e-15)
(-7.5803 -1.41359 -8.47807e-15)
(-7.67227 -1.36536 -8.24923e-15)
(-7.7671 -1.31367 -8.99072e-15)
(-7.86499 -1.25815 -9.55035e-15)
(-7.96617 -1.19838 -9.10062e-15)
(-8.07089 -1.1339 -8.98833e-15)
(-8.17947 -1.06414 -8.33705e-15)
(-8.29225 -0.988479 -9.39961e-15)
(-8.40961 -0.906193 -8.18864e-15)
(-8.53198 -0.816465 -8.55759e-15)
(-8.65985 -0.718368 -1.09845e-14)
(-8.79374 -0.610854 -8.08137e-15)
(-8.93424 -0.492739 -8.75023e-15)
(-9.08201 -0.362683 -1.07167e-14)
(-9.23775 -0.219184 -9.42617e-15)
(-9.40225 -0.0605469 -9.4653e-15)
(-9.57638 0.115128 -8.64809e-15)
(-9.76107 0.309969 -8.41599e-15)
(-9.95737 0.526353 -7.31969e-15)
(-10.1664 0.766927 -7.7312e-15)
(-10.3894 1.03464 -7.65107e-15)
(-10.6276 1.33275 -6.25705e-15)
(-10.8826 1.66485 -9.54564e-15)
(-11.1557 2.03487 -1.03441e-14)
(-11.4487 2.44711 -8.37237e-15)
(-11.7632 2.9062 -8.99091e-15)
(-12.1009 3.41711 -9.11742e-15)
(-12.4637 3.9851 -8.69222e-15)
(-12.8532 4.61569 -8.13493e-15)
(-13.2712 5.31453 -7.2405e-15)
(-13.7193 6.08736 -8.55451e-15)
(-14.1988 6.93979 -8.62077e-15)
(-14.7108 7.87714 -7.39594e-15)
(-15.2561 8.90421 -9.04339e-15)
(-15.8347 10.025 -8.57492e-15)
(-16.4462 11.2422 -9.30372e-15)
(-17.0892 12.557 -8.34461e-15)
(-17.7613 13.9687 -8.82416e-15)
(-18.459 15.4741 -8.42117e-15)
(-19.1778 17.067 -7.56452e-15)
(-19.9117 18.7381 -7.75482e-15)
(-20.6533 20.4738 -6.12227e-15)
(-21.3942 22.256 -4.95922e-15)
(-22.1244 24.0602 -5.961e-15)
(-22.8326 25.8516 -6.12378e-15)
(-23.5219 27.6428 -4.82991e-15)
(-24.1642 29.4021 -5.0253e-15)
(-24.7451 31.1011 -3.37299e-15)
(-25.2517 32.712 -4.46541e-15)
(-25.6725 34.2077 -2.65397e-15)
(-25.9963 35.5631 -3.18829e-15)
(-26.2161 36.7579 -2.9767e-15)
(-26.3238 37.7715 -2.95617e-15)
(-26.2939 38.5503 -2.49099e-15)
(-26.1481 39.1004 -2.43394e-15)
(-25.9027 39.4479 -1.66154e-15)
(-25.558 39.5887 -3.97078e-16)
(-25.1187 39.5256 -2.6539e-16)
(-24.5914 39.2663 -3.01702e-17)
(-23.9841 38.8214 -1.06599e-15)
(-23.3057 38.2046 3.61438e-16)
(-22.5658 37.4313 -1.34822e-15)
(-21.7741 36.5182 -1.10898e-15)
(-20.9399 35.4827 -9.15476e-16)
(-20.0725 34.3422 -9.19556e-16)
(-19.1805 33.1142 -3.31354e-16)
(-18.2718 31.8149 -4.8823e-16)
(-17.3524 30.4579 -5.66194e-17)
(-16.423 29.0428 -7.67534e-16)
(-15.5025 27.6045 4.53329e-16)
(-14.5954 26.1546 -3.14119e-16)
(-13.7046 24.7009 3.84579e-16)
(-12.8394 23.263 -6.989e-16)
(-12.0017 21.8485 -6.18384e-16)
(-11.196 20.4707 1.43873e-16)
(-10.4179 19.1239 5.84337e-16)
(-9.66998 17.8156 5.97433e-17)
(-8.95383 16.5512 2.8037e-16)
(-8.27065 15.3348 6.18469e-17)
(-7.62114 14.1697 -5.81691e-17)
(-7.00574 13.0583 -1.60203e-16)
(-6.42455 12.0023 -2.6563e-16)
(-5.87743 11.0027 4.05324e-16)
(-5.364 10.06 7.63111e-16)
(-4.88367 9.17422 9.47637e-17)
(-4.43566 8.34471 -8.76675e-17)
(-4.01904 7.57055 -1.05652e-16)
(-3.63276 6.85044 3.02829e-16)
(-3.27564 6.18274 3.25166e-16)
(-2.94643 5.5656 4.20691e-16)
(-2.64375 4.99684 2.80828e-16)
(-2.36635 4.4745 -2.76777e-16)
(-2.11271 3.99597 -7.35541e-17)
(-1.88145 3.55891 2.37013e-16)
(-1.67115 3.16084 5.25399e-16)
(-1.48041 2.79929 7.39492e-16)
(-1.30785 2.47178 3.55182e-16)
(-1.15212 2.1759 5.77258e-16)
(-1.01194 1.90927 6.75647e-16)
(-0.886056 1.66961 7.2409e-16)
(-0.773279 1.45473 7.58709e-16)
(-0.67248 1.26252 1.23903e-15)
(-0.582594 1.09101 2.62836e-15)
(-0.50262 0.938307 4.55416e-15)
(-0.431623 0.802665 7.6438e-15)
(-0.368732 0.682444 1.19216e-14)
(-0.313139 0.576122 1.89571e-14)
(-0.264102 0.482291 3.00328e-14)
(-0.220935 0.399655 4.43273e-14)
(-0.183014 0.327029 6.23456e-14)
(-0.149767 0.263325 8.64737e-14)
(-0.120674 0.207558 1.15435e-13)
(-0.0952657 0.158831 1.49533e-13)
(-0.0731166 0.116336 1.86267e-13)
(-0.0538441 0.0793413 2.22553e-13)
(-0.0371055 0.0471938 2.55096e-13)
(-0.0225936 0.0193074 2.81174e-13)
(-0.0100475 -0.00480222 2.97381e-13)
(0.000805566 -0.0256647 3.01365e-13)
(0.0101697 -0.043686 2.92032e-13)
(0.0182304 -0.0592127 2.70751e-13)
(0.0251572 -0.072568 2.4062e-13)
(0.0310998 -0.084043 2.04394e-13)
(0.0361949 -0.093884 1.66249e-13)
)
;
    }
    inlet
    {
        type            calculated;
        value           uniform (0 0 0);
    }
    rWedge
    {
        type            wedge;
    }
    lWedge
    {
        type            wedge;
    }
    outlet
    {
        type            calculated;
        value           nonuniform 0();
    }
    procBoundary1to0
    {
        type            processor;
        value           uniform (0 0 0);
    }
    procBoundary1to2
    {
        type            processor;
        value           uniform (0 0 0);
    }
}


// ************************************************************************* //
