/*--------------------------------*- C++ -*----------------------------------*\
| =========                 |                                                 |
| \\      /  F ield         | OpenFOAM: The Open Source CFD Toolbox           |
|  \\    /   O peration     | Version:  v1706                                 |
|   \\  /    A nd           | Web:      www.OpenFOAM.com                      |
|    \\/     M anipulation  |                                                 |
\*---------------------------------------------------------------------------*/
FoamFile
{
    version     2.0;
    format      ascii;
    class       volVectorField;
    location    "2e-05";
    object      wallShearStress;
}
// * * * * * * * * * * * * * * * * * * * * * * * * * * * * * * * * * * * * * //

dimensions      [1 -1 -2 0 0 0 0];


internalField   uniform (0 0 0);

boundaryField
{
    cone
    {
        type            calculated;
        value           nonuniform List<vector> 
119
(
(-23.297 -0.120864 -5.96593e-11)
(-22.452 0.74972 -7.39126e-11)
(-21.496 1.4867 -8.54441e-11)
(-20.4453 2.06978 -9.27384e-11)
(-19.3207 2.48749 -9.50803e-11)
(-18.1458 2.73824 -9.2599e-11)
(-16.9463 2.83008 -8.61582e-11)
(-15.7474 2.77908 -7.69731e-11)
(-14.5726 2.60682 -6.63438e-11)
(-13.442 2.33759 -5.53958e-11)
(-12.3719 1.99597 -4.49716e-11)
(-11.3743 1.605 -3.56073e-11)
(-10.4572 1.1852 -2.7554e-11)
(-9.62546 0.754209 -2.08774e-11)
(-8.88129 0.326899 -1.54955e-11)
(-8.22408 -0.085341 -1.12639e-11)
(-7.6502 -0.475904 -7.98202e-12)
(-7.15484 -0.841622 -5.50235e-12)
(-6.73628 -1.18214 -3.64423e-12)
(-6.3968 -1.47871 -2.28679e-12)
(-6.1193 -1.72774 -1.30015e-12)
(-5.91223 -1.94234 -5.8955e-13)
(-5.76284 -2.11411 -9.89416e-14)
(-5.6626 -2.24918 2.47732e-13)
(-5.60413 -2.35332 4.7029e-13)
(-5.58489 -2.42437 6.02853e-13)
(-5.6009 -2.46377 6.76912e-13)
(-5.64666 -2.47437 7.07012e-13)
(-5.71588 -2.46029 7.15133e-13)
(-5.80251 -2.42594 7.07617e-13)
(-5.9004 -2.37607 6.82433e-13)
(-6.00385 -2.31604 6.47397e-13)
(-6.10828 -2.25112 6.27907e-13)
(-6.21067 -2.18551 5.86913e-13)
(-6.30876 -2.12198 5.62637e-13)
(-6.40072 -2.06271 5.33118e-13)
(-6.48506 -2.00971 5.10416e-13)
(-6.56121 -1.96378 4.7776e-13)
(-6.63032 -1.92302 4.55594e-13)
(-6.69192 -1.88663 4.33001e-13)
(-6.74491 -1.85574 4.00613e-13)
(-6.79077 -1.82766 3.85825e-13)
(-6.83068 -1.79972 3.61383e-13)
(-6.86538 -1.76944 3.34043e-13)
(-6.89542 -1.73414 3.15912e-13)
(-6.92188 -1.69044 2.87467e-13)
(-6.94718 -1.63491 2.7758e-13)
(-6.95757 -1.57052 2.71149e-13)
(-6.97272 -1.49511 2.37869e-13)
(-6.98958 -1.39171 2.20099e-13)
(-6.9983 -1.27009 1.99514e-13)
(-7.00189 -1.12788 1.7671e-13)
(-7.00039 -0.963413 1.59365e-13)
(-6.992 -0.77721 1.43551e-13)
(-6.97418 -0.57135 1.15662e-13)
(-6.94365 -0.349631 1.10234e-13)
(-6.89649 -0.11791 9.87009e-14)
(-6.82847 0.115667 7.65827e-14)
(-6.73548 0.340811 6.15275e-14)
(-6.61374 0.545615 5.36168e-14)
(-6.46001 0.717526 4.55496e-14)
(-6.27175 0.844396 3.87155e-14)
(-6.04764 0.915237 3.25024e-14)
(-5.78811 0.920934 2.38291e-14)
(-5.49517 0.85517 1.97844e-14)
(-5.17162 0.714804 1.10827e-14)
(-4.821 0.499095 9.84207e-15)
(-4.44603 0.205386 3.13009e-15)
(-4.06497 -0.157366 9.20426e-16)
(-3.66862 -0.574884 -9.3289e-16)
(-3.27338 -1.05204 -9.13713e-16)
(-2.88335 -1.57507 -3.38633e-15)
(-2.50388 -2.13256 -7.11059e-15)
(-2.14268 -2.71641 -3.504e-15)
(-1.80818 -3.3188 -6.51651e-15)
(-1.50953 -3.93152 -2.74718e-15)
(-1.25661 -4.5458 -2.94072e-15)
(-1.05736 -5.15512 -7.07856e-15)
(-0.919804 -5.7546 -2.10103e-15)
(-0.851048 -6.34034 -1.16722e-14)
(-0.857864 -6.90847 -3.89336e-15)
(-0.9479 -7.45464 -4.90728e-15)
(-1.12996 -7.97295 -8.56615e-15)
(-1.4146 -8.45447 -8.19709e-15)
(-1.8143 -8.88582 -8.12394e-15)
(-2.34326 -9.24804 1.12932e-15)
(-3.01724 -9.51519 -2.91785e-15)
(-3.85424 -9.651 -1.42708e-14)
(-4.87527 -9.60343 -1.10769e-14)
(-6.10077 -9.30218 -1.08979e-14)
(-7.54011 -8.66687 -9.43169e-15)
(-9.1777 -7.62499 -9.54918e-15)
(-10.9674 -6.06612 -1.73849e-14)
(-12.7322 -4.01821 -9.32173e-15)
(-14.5025 -1.56632 -9.47685e-15)
(-15.8716 1.2096 -1.4397e-14)
(-16.6575 3.8998 -2.51041e-14)
(-16.6081 6.05421 -3.8051e-15)
(-15.6041 7.16009 -8.28867e-15)
(-13.7921 7.0218 3.22786e-15)
(-11.5843 5.92756 1.96669e-15)
(-9.40372 4.36938 -7.75403e-15)
(-7.51768 2.76305 -5.19226e-15)
(-6.02609 1.34642 -4.34332e-16)
(-4.91768 0.202607 -1.68891e-14)
(-4.12881 -0.677156 -9.02669e-15)
(-3.57872 -1.34631 -1.54116e-14)
(-3.21001 -1.85788 -1.39071e-14)
(-2.9475 -2.23578 -1.28264e-14)
(-2.76375 -2.52997 -9.93165e-15)
(-2.62639 -2.77209 -8.79734e-15)
(-2.51868 -2.98574 -1.34276e-14)
(-2.44551 -3.198 -2.34235e-15)
(-2.41837 -3.43701 -1.05854e-14)
(-2.49242 -3.73784 -1.0729e-15)
(-2.5358 -4.09992 -1.04156e-14)
(-2.87883 -4.43881 -9.21371e-15)
(-2.63762 -4.68401 -4.79664e-15)
(-3.48962 -4.97665 -7.66378e-15)
)
;
    }
    inlet
    {
        type            calculated;
        value           uniform (0 0 0);
    }
    rWedge
    {
        type            wedge;
    }
    lWedge
    {
        type            wedge;
    }
    outlet
    {
        type            calculated;
        value           uniform (0 0 0);
    }
    procBoundary0to1
    {
        type            processor;
        value           uniform (0 0 0);
    }
    procBoundary0to2
    {
        type            processor;
        value           uniform (0 0 0);
    }
}


// ************************************************************************* //
