/*--------------------------------*- C++ -*----------------------------------*\
| =========                 |                                                 |
| \\      /  F ield         | OpenFOAM: The Open Source CFD Toolbox           |
|  \\    /   O peration     | Version:  v1706                                 |
|   \\  /    A nd           | Web:      www.OpenFOAM.com                      |
|    \\/     M anipulation  |                                                 |
\*---------------------------------------------------------------------------*/
FoamFile
{
    version     2.0;
    format      ascii;
    class       volVectorField;
    location    "3.7e-05";
    object      wallShearStress;
}
// * * * * * * * * * * * * * * * * * * * * * * * * * * * * * * * * * * * * * //

dimensions      [1 -1 -2 0 0 0 0];


internalField   uniform (0 0 0);

boundaryField
{
    cone
    {
        type            calculated;
        value           nonuniform List<vector> 
153
(
(-71.7433 -61.5232 -9.13459e-14)
(-71.9538 -60.9904 -8.64603e-14)
(-72.1538 -60.4519 -8.47934e-14)
(-72.3431 -59.9077 -8.57997e-14)
(-72.5215 -59.3577 -8.08248e-14)
(-72.6889 -58.8021 -7.75866e-14)
(-72.8453 -58.241 -7.9943e-14)
(-72.9907 -57.6748 -7.5589e-14)
(-73.125 -57.1035 -7.37957e-14)
(-73.2483 -56.5274 -7.26522e-14)
(-73.3606 -55.9468 -7.22817e-14)
(-73.4618 -55.3618 -7.00525e-14)
(-73.552 -54.7726 -7.05718e-14)
(-73.6311 -54.1795 -6.69129e-14)
(-73.6992 -53.5827 -6.41031e-14)
(-73.7562 -52.9823 -6.20335e-14)
(-73.8021 -52.3785 -6.37766e-14)
(-73.8369 -51.7716 -5.89081e-14)
(-73.8606 -51.1616 -5.85675e-14)
(-73.8731 -50.5488 -5.8603e-14)
(-73.8742 -49.9334 -5.58159e-14)
(-73.8637 -49.3156 -5.50366e-14)
(-73.8417 -48.6955 -5.09094e-14)
(-73.8079 -48.0732 -4.9607e-14)
(-73.7621 -47.4487 -4.92755e-14)
(-73.704 -46.8224 -4.68405e-14)
(-73.6333 -46.1942 -4.90055e-14)
(-73.5495 -45.5642 -4.8599e-14)
(-73.4521 -44.9324 -4.5089e-14)
(-73.3404 -44.299 -4.50508e-14)
(-73.2137 -43.6638 -4.6669e-14)
(-73.0709 -43.0269 -4.31391e-14)
(-72.911 -42.3882 -4.40216e-14)
(-72.7324 -41.7476 -3.95546e-14)
(-72.5336 -41.105 -3.89533e-14)
(-72.3125 -40.4601 -3.88379e-14)
(-72.0667 -39.8127 -3.81376e-14)
(-71.7933 -39.1625 -3.87344e-14)
(-71.4888 -38.5091 -3.89615e-14)
(-71.1491 -37.852 -3.67042e-14)
(-70.7693 -37.1908 -3.52157e-14)
(-70.3431 -36.5248 -3.58779e-14)
(-69.8637 -35.8526 -3.26897e-14)
(-69.322 -35.1763 -3.23539e-14)
(-68.7043 -34.4931 -3.18908e-14)
(-67.9934 -33.8029 -3.07156e-14)
(-67.1726 -33.1097 -3.05754e-14)
(-66.1749 -32.4742 -2.88795e-14)
(-65.0978 -31.7146 -2.77951e-14)
(-64.0891 -30.9626 -2.63875e-14)
(-63.1588 -30.3855 -2.81078e-14)
(-62.3127 -29.8961 -2.80005e-14)
(-61.5328 -29.4587 -2.69447e-14)
(-60.8056 -29.0603 -2.62234e-14)
(-60.1221 -28.6933 -2.56138e-14)
(-59.4757 -28.3517 -2.50536e-14)
(-58.8612 -28.0314 -2.58425e-14)
(-58.2747 -27.7292 -2.51017e-14)
(-57.7127 -27.4427 -2.39767e-14)
(-57.1726 -27.1698 -2.50878e-14)
(-56.6519 -26.909 -2.30437e-14)
(-56.1487 -26.659 -2.22073e-14)
(-55.6614 -26.4185 -2.28751e-14)
(-55.1883 -26.1866 -2.26478e-14)
(-54.7282 -25.9625 -2.2893e-14)
(-54.2798 -25.7455 -2.06913e-14)
(-53.8422 -25.5349 -2.00357e-14)
(-53.4144 -25.3301 -1.9429e-14)
(-52.9955 -25.1307 -2.1082e-14)
(-52.5848 -24.9362 -2.08423e-14)
(-52.1815 -24.7461 -1.87647e-14)
(-51.7851 -24.5601 -1.81456e-14)
(-51.3949 -24.3779 -1.7033e-14)
(-51.0104 -24.1992 -1.66954e-14)
(-50.631 -24.0236 -1.79618e-14)
(-50.2563 -23.8509 -1.79006e-14)
(-49.8859 -23.6808 -1.73529e-14)
(-49.5197 -23.5129 -1.66222e-14)
(-49.1572 -23.3473 -1.75367e-14)
(-48.7977 -23.184 -1.80745e-14)
(-48.4412 -23.0225 -1.68886e-14)
(-48.0871 -22.8625 -1.65285e-14)
(-47.7352 -22.704 -1.57112e-14)
(-47.3853 -22.5472 -1.45144e-14)
(-47.0369 -22.3927 -1.63003e-14)
(-46.6909 -22.2382 -1.51865e-14)
(-46.3464 -22.083 -1.45127e-14)
(-46.0027 -21.9295 -1.51241e-14)
(-45.66 -21.7775 -1.55206e-14)
(-45.3183 -21.6261 -1.48296e-14)
(-44.9773 -21.4752 -1.49102e-14)
(-44.6369 -21.3247 -1.31825e-14)
(-44.297 -21.1745 -1.15035e-14)
(-43.9575 -21.0247 -1.28974e-14)
(-43.6183 -20.8751 -1.1826e-14)
(-43.2793 -20.7256 -1.22739e-14)
(-42.9404 -20.5763 -1.35565e-14)
(-42.6015 -20.4271 -1.24046e-14)
(-42.2626 -20.2778 -1.18194e-14)
(-41.9237 -20.1286 -8.68588e-15)
(-41.5846 -19.9792 -1.0748e-14)
(-41.2455 -19.8297 -8.72368e-15)
(-40.9061 -19.6801 -9.71365e-15)
(-40.5666 -19.5304 -1.13112e-14)
(-40.2269 -19.3804 -9.26256e-15)
(-39.8871 -19.2302 -1.02611e-14)
(-39.547 -19.0799 -1.10497e-14)
(-39.2067 -18.9292 -1.23988e-14)
(-38.8663 -18.7783 -9.41534e-15)
(-38.5258 -18.6272 -9.5555e-15)
(-38.1851 -18.4758 -7.91513e-15)
(-37.8444 -18.3241 -1.09524e-14)
(-37.5036 -18.1722 -7.05762e-15)
(-37.1628 -18.0201 -7.41296e-15)
(-36.8221 -17.8677 -6.91257e-15)
(-36.4814 -17.7151 -6.76463e-15)
(-36.1409 -17.5623 -7.47821e-15)
(-35.8006 -17.4092 -7.96341e-15)
(-35.4605 -17.256 -6.68097e-15)
(-35.1207 -17.1027 -7.23475e-15)
(-34.7813 -16.9492 -7.95613e-15)
(-34.4424 -16.7955 -5.92574e-15)
(-34.104 -16.6419 -7.80613e-15)
(-33.7662 -16.4881 -8.91133e-15)
(-33.4291 -16.3343 -7.41169e-15)
(-33.0927 -16.1806 -6.40896e-15)
(-32.7571 -16.0269 -7.88092e-15)
(-32.4225 -15.8733 -5.91988e-15)
(-32.0888 -15.7197 -6.1287e-15)
(-31.7562 -15.5664 -6.90088e-15)
(-31.4248 -15.4132 -6.51037e-15)
(-31.0946 -15.2603 -5.85903e-15)
(-30.7657 -15.1076 -3.58302e-15)
(-30.4383 -14.9553 -4.29741e-15)
(-30.1123 -14.8033 -2.97027e-15)
(-29.788 -14.6517 -1.33264e-15)
(-29.4653 -14.5006 -3.59672e-15)
(-29.1444 -14.35 -2.16067e-15)
(-28.8252 -14.1999 -2.79179e-15)
(-28.5081 -14.0504 -4.80784e-15)
(-28.1928 -13.9015 -6.52536e-15)
(-27.8797 -13.7532 -6.2162e-15)
(-27.5687 -13.6057 -4.08105e-15)
(-27.2599 -13.4589 -1.96438e-15)
(-26.9534 -13.313 -2.54641e-15)
(-26.6492 -13.1678 -4.69682e-15)
(-26.3474 -13.0235 -3.12573e-15)
(-26.0481 -12.8801 -2.37754e-15)
(-25.7513 -12.7377 -3.62859e-15)
(-25.4571 -12.5962 -4.64531e-15)
(-25.1655 -12.4557 -3.25023e-15)
(-24.877 -12.3161 -3.84361e-15)
(-24.5913 -12.1781 -9.07194e-16)
)
;
    }
    inlet
    {
        type            calculated;
        value           uniform (0 0 0);
    }
    rWedge
    {
        type            wedge;
    }
    lWedge
    {
        type            wedge;
    }
    outlet
    {
        type            calculated;
        value           nonuniform 0();
    }
    procBoundary2to0
    {
        type            processor;
        value           uniform (0 0 0);
    }
    procBoundary2to1
    {
        type            processor;
        value           uniform (0 0 0);
    }
    procBoundary2to3
    {
        type            processor;
        value           uniform (0 0 0);
    }
}


// ************************************************************************* //
