/*--------------------------------*- C++ -*----------------------------------*\
| =========                 |                                                 |
| \\      /  F ield         | OpenFOAM: The Open Source CFD Toolbox           |
|  \\    /   O peration     | Version:  v1706                                 |
|   \\  /    A nd           | Web:      www.OpenFOAM.com                      |
|    \\/     M anipulation  |                                                 |
\*---------------------------------------------------------------------------*/
FoamFile
{
    version     2.0;
    format      ascii;
    class       volVectorField;
    location    "3.3e-05";
    object      wallShearStress;
}
// * * * * * * * * * * * * * * * * * * * * * * * * * * * * * * * * * * * * * //

dimensions      [1 -1 -2 0 0 0 0];


internalField   uniform (0 0 0);

boundaryField
{
    cone
    {
        type            calculated;
        value           nonuniform List<vector> 
153
(
(-71.3025 -61.166 -9.16039e-14)
(-71.5092 -60.6348 -8.664e-14)
(-71.7053 -60.0979 -8.51894e-14)
(-71.8907 -59.5553 -8.58587e-14)
(-72.0652 -59.007 -8.07443e-14)
(-72.2286 -58.4531 -7.81649e-14)
(-72.3811 -57.8937 -8.03857e-14)
(-72.5224 -57.3292 -7.55795e-14)
(-72.6526 -56.7596 -7.37964e-14)
(-72.7717 -56.1853 -7.2327e-14)
(-72.8797 -55.6064 -7.21838e-14)
(-72.9766 -55.0232 -7.00455e-14)
(-73.0623 -54.4358 -7.04533e-14)
(-73.1368 -53.8444 -6.73207e-14)
(-73.2002 -53.2493 -6.34495e-14)
(-73.2523 -52.6506 -6.28027e-14)
(-73.2931 -52.0485 -6.36806e-14)
(-73.3227 -51.4433 -5.87447e-14)
(-73.3409 -50.835 -5.84837e-14)
(-73.3476 -50.2238 -5.86242e-14)
(-73.3428 -49.6099 -5.60056e-14)
(-73.3261 -48.9935 -5.51885e-14)
(-73.2975 -48.3748 -5.08267e-14)
(-73.2566 -47.7538 -4.97599e-14)
(-73.2034 -47.1306 -4.93592e-14)
(-73.1373 -46.5054 -4.6873e-14)
(-73.0581 -45.8782 -4.89398e-14)
(-72.9652 -45.2491 -4.80743e-14)
(-72.858 -44.6182 -4.50606e-14)
(-72.7357 -43.9853 -4.46314e-14)
(-72.5976 -43.3506 -4.67202e-14)
(-72.4426 -42.7139 -4.32114e-14)
(-72.2693 -42.0753 -4.4082e-14)
(-72.0764 -41.4345 -3.98672e-14)
(-71.8619 -40.7914 -3.88056e-14)
(-71.6239 -40.1457 -3.86939e-14)
(-71.3598 -39.4972 -3.82994e-14)
(-71.0666 -38.8458 -3.88704e-14)
(-70.7406 -38.1907 -3.92362e-14)
(-70.3777 -37.5314 -3.71915e-14)
(-69.973 -36.8672 -3.47342e-14)
(-69.5208 -36.1985 -3.56182e-14)
(-69.0128 -35.524 -3.31619e-14)
(-68.44 -34.8425 -3.22631e-14)
(-67.791 -34.1534 -3.22531e-14)
(-67.0477 -33.4568 -3.08259e-14)
(-66.1942 -32.756 -3.03698e-14)
(-65.1636 -32.1079 -2.87888e-14)
(-64.0502 -31.3385 -2.8004e-14)
(-63.0011 -30.5791 -2.62037e-14)
(-62.0311 -29.9907 -2.78891e-14)
(-61.1435 -29.4885 -2.7975e-14)
(-60.3206 -29.0373 -2.66104e-14)
(-59.5488 -28.6246 -2.61354e-14)
(-58.819 -28.2422 -2.53272e-14)
(-58.1247 -27.8846 -2.52586e-14)
(-57.4608 -27.5475 -2.58913e-14)
(-56.8232 -27.2278 -2.49503e-14)
(-56.2086 -26.9229 -2.38593e-14)
(-55.6144 -26.631 -2.49697e-14)
(-55.0381 -26.3504 -2.30497e-14)
(-54.4779 -26.0798 -2.19622e-14)
(-53.9318 -25.8181 -2.2442e-14)
(-53.3986 -25.5643 -2.26255e-14)
(-52.877 -25.3173 -2.28604e-14)
(-52.3663 -25.0763 -2.04766e-14)
(-51.8652 -24.8414 -1.99723e-14)
(-51.3727 -24.6118 -1.92775e-14)
(-50.8877 -24.3869 -2.08319e-14)
(-50.4093 -24.1665 -2.04195e-14)
(-49.9367 -23.9514 -1.86113e-14)
(-49.4708 -23.7388 -1.792e-14)
(-49.0107 -23.5268 -1.68102e-14)
(-48.5548 -23.3179 -1.65108e-14)
(-48.1033 -23.1132 -1.75265e-14)
(-47.6559 -22.9109 -1.76448e-14)
(-47.2122 -22.7105 -1.67734e-14)
(-46.7719 -22.512 -1.6213e-14)
(-46.3348 -22.3151 -1.68954e-14)
(-45.9004 -22.1199 -1.75014e-14)
(-45.4688 -21.926 -1.61929e-14)
(-45.0395 -21.7335 -1.58665e-14)
(-44.6126 -21.5421 -1.45949e-14)
(-44.1878 -21.3517 -1.38165e-14)
(-43.7649 -21.1623 -1.54893e-14)
(-43.344 -20.9737 -1.43446e-14)
(-42.9248 -20.786 -1.40112e-14)
(-42.5073 -20.599 -1.45035e-14)
(-42.0915 -20.4126 -1.48731e-14)
(-41.6773 -20.2268 -1.39356e-14)
(-41.2646 -20.0416 -1.40805e-14)
(-40.8535 -19.8569 -1.24969e-14)
(-40.4438 -19.6727 -1.10765e-14)
(-40.0357 -19.489 -1.2411e-14)
(-39.6291 -19.3057 -1.10805e-14)
(-39.2241 -19.1229 -1.1722e-14)
(-38.8205 -18.9405 -1.33956e-14)
(-38.4186 -18.7585 -1.17323e-14)
(-38.0183 -18.577 -1.05503e-14)
(-37.6197 -18.3959 -7.7094e-15)
(-37.2227 -18.2152 -1.03797e-14)
(-36.8275 -18.0351 -7.85287e-15)
(-36.4341 -17.8554 -9.74451e-15)
(-36.0426 -17.6762 -1.07558e-14)
(-35.653 -17.4975 -8.06633e-15)
(-35.2654 -17.3194 -9.88835e-15)
(-34.8798 -17.1418 -1.08115e-14)
(-34.4963 -16.9649 -1.058e-14)
(-34.115 -16.7886 -7.92197e-15)
(-33.736 -16.613 -8.09157e-15)
(-33.3592 -16.438 -7.03627e-15)
(-32.9848 -16.2638 -9.65405e-15)
(-32.6129 -16.0904 -5.41373e-15)
(-32.2434 -15.9178 -5.60566e-15)
(-31.8765 -15.746 -5.99087e-15)
(-31.5122 -15.575 -6.10511e-15)
(-31.1506 -15.405 -7.06669e-15)
(-30.7917 -15.2359 -6.59845e-15)
(-30.4357 -15.0678 -5.46254e-15)
(-30.0825 -14.9006 -5.94883e-15)
(-29.7322 -14.7345 -6.34873e-15)
(-29.3848 -14.5695 -4.61035e-15)
(-29.0405 -14.4055 -6.72321e-15)
(-28.6992 -14.2427 -7.85276e-15)
(-28.3611 -14.081 -5.70732e-15)
(-28.0261 -13.9205 -4.93435e-15)
(-27.6944 -13.7611 -6.32067e-15)
(-27.3659 -13.603 -4.08395e-15)
(-27.0406 -13.4462 -4.40043e-15)
(-26.7187 -13.2906 -4.91806e-15)
(-26.4002 -13.1364 -4.29008e-15)
(-26.085 -12.9834 -3.76598e-15)
(-25.7733 -12.8318 -1.3147e-15)
(-25.465 -12.6816 -2.19555e-15)
(-25.1602 -12.5328 -9.80549e-16)
(-24.8589 -12.3854 5.58722e-16)
(-24.5611 -12.2394 -1.80194e-15)
(-24.2668 -12.0949 -1.6786e-16)
(-23.976 -11.9519 -9.62458e-16)
(-23.6888 -11.8103 -2.9699e-15)
(-23.4052 -11.6703 -4.81146e-15)
(-23.1252 -11.5318 -4.46229e-15)
(-22.8487 -11.3949 -2.35618e-15)
(-22.5758 -11.2595 -4.43431e-16)
(-22.3065 -11.1257 -1.13036e-15)
(-22.0408 -10.9935 -3.22605e-15)
(-21.7787 -10.8629 -1.76844e-15)
(-21.5202 -10.7339 -9.18503e-16)
(-21.2653 -10.6065 -2.2978e-15)
(-21.014 -10.4808 -3.37629e-15)
(-20.7662 -10.3567 -2.21003e-15)
(-20.5223 -10.2341 -2.98765e-15)
(-20.282 -10.1134 2.74162e-16)
)
;
    }
    inlet
    {
        type            calculated;
        value           uniform (0 0 0);
    }
    rWedge
    {
        type            wedge;
    }
    lWedge
    {
        type            wedge;
    }
    outlet
    {
        type            calculated;
        value           nonuniform 0();
    }
    procBoundary2to0
    {
        type            processor;
        value           uniform (0 0 0);
    }
    procBoundary2to1
    {
        type            processor;
        value           uniform (0 0 0);
    }
    procBoundary2to3
    {
        type            processor;
        value           uniform (0 0 0);
    }
}


// ************************************************************************* //
