/*--------------------------------*- C++ -*----------------------------------*\
| =========                 |                                                 |
| \\      /  F ield         | OpenFOAM: The Open Source CFD Toolbox           |
|  \\    /   O peration     | Version:  v1706                                 |
|   \\  /    A nd           | Web:      www.OpenFOAM.com                      |
|    \\/     M anipulation  |                                                 |
\*---------------------------------------------------------------------------*/
FoamFile
{
    version     2.0;
    format      ascii;
    class       volVectorField;
    location    "3.9e-05";
    object      wallShearStress;
}
// * * * * * * * * * * * * * * * * * * * * * * * * * * * * * * * * * * * * * //

dimensions      [1 -1 -2 0 0 0 0];


internalField   uniform (0 0 0);

boundaryField
{
    cone
    {
        type            calculated;
        value           nonuniform List<vector> 
147
(
(-0.523221 -0.542647 -1.0676e-13)
(-0.534399 -0.857088 -1.67297e-13)
(-0.546027 -1.19116 -3.53204e-13)
(-0.563147 -1.52348 -4.77544e-13)
(-0.583891 -1.85867 -5.98044e-13)
(-0.608469 -2.19405 -6.82119e-13)
(-0.636838 -2.52968 -7.89166e-13)
(-0.668976 -2.86515 -8.79149e-13)
(-0.70503 -3.20041 -9.72954e-13)
(-0.744759 -3.53708 -1.02691e-12)
(-0.786625 -3.87548 -1.10543e-12)
(-0.833007 -4.21277 -1.16079e-12)
(-0.884171 -4.54768 -1.21254e-12)
(-0.939593 -4.88044 -1.242e-12)
(-0.998923 -5.21148 -1.2782e-12)
(-1.06206 -5.54102 -1.30228e-12)
(-1.12898 -5.86908 -1.32905e-12)
(-1.19968 -6.19565 -1.34994e-12)
(-1.27412 -6.52065 -1.36252e-12)
(-1.35229 -6.84402 -1.37692e-12)
(-1.43416 -7.16571 -1.37969e-12)
(-1.51969 -7.48562 -1.3794e-12)
(-1.60885 -7.8037 -1.37045e-12)
(-1.70161 -8.11987 -1.36402e-12)
(-1.79794 -8.43404 -1.34853e-12)
(-1.8978 -8.74615 -1.33e-12)
(-2.00115 -9.05612 -1.31356e-12)
(-2.10795 -9.36387 -1.30302e-12)
(-2.21817 -9.66933 -1.27981e-12)
(-2.33177 -9.97242 -1.25476e-12)
(-2.44869 -10.2731 -1.23565e-12)
(-2.5689 -10.5712 -1.20907e-12)
(-2.69236 -10.8667 -1.18138e-12)
(-2.81901 -11.1596 -1.15952e-12)
(-2.94881 -11.4498 -1.13241e-12)
(-3.08171 -11.7371 -1.1079e-12)
(-3.21766 -12.0216 -1.08149e-12)
(-3.35662 -12.3031 -1.05153e-12)
(-3.49852 -12.5817 -1.02307e-12)
(-3.64332 -12.8571 -9.91605e-13)
(-3.79097 -13.1294 -9.67603e-13)
(-3.9414 -13.3986 -9.48719e-13)
(-4.09457 -13.6644 -9.23666e-13)
(-4.25042 -13.927 -8.91502e-13)
(-4.40888 -14.1862 -8.67249e-13)
(-4.5699 -14.4419 -8.42164e-13)
(-4.73343 -14.6941 -8.21881e-13)
(-4.89939 -14.9428 -7.95923e-13)
(-5.06774 -15.1879 -7.71283e-13)
(-5.23842 -15.4293 -7.44547e-13)
(-5.41134 -15.667 -7.23933e-13)
(-5.58645 -15.901 -7.01687e-13)
(-5.7637 -16.1311 -6.82184e-13)
(-5.94301 -16.3574 -6.59391e-13)
(-6.12432 -16.5798 -6.39802e-13)
(-6.30756 -16.7982 -6.21898e-13)
(-6.49267 -17.0127 -6.0374e-13)
(-6.67956 -17.2231 -5.82387e-13)
(-6.86819 -17.4294 -5.66665e-13)
(-7.05848 -17.6316 -5.47722e-13)
(-7.25036 -17.8297 -5.3127e-13)
(-7.44375 -18.0236 -5.17933e-13)
(-7.6386 -18.2132 -5.06209e-13)
(-7.83482 -18.3986 -4.92692e-13)
(-8.03235 -18.5796 -4.74866e-13)
(-8.23112 -18.7564 -4.58311e-13)
(-8.43104 -18.9288 -4.44523e-13)
(-8.63206 -19.0968 -4.28477e-13)
(-8.83409 -19.2605 -4.16319e-13)
(-9.03706 -19.4196 -4.00996e-13)
(-9.24091 -19.5744 -3.95893e-13)
(-9.44554 -19.7246 -3.85364e-13)
(-9.6509 -19.8704 -3.75828e-13)
(-9.85691 -20.0116 -3.57576e-13)
(-10.0635 -20.1483 -3.49476e-13)
(-10.2706 -20.2805 -3.36302e-13)
(-10.4781 -20.4081 -3.25022e-13)
(-10.6859 -20.5311 -3.15318e-13)
(-10.8941 -20.6495 -3.07441e-13)
(-11.1024 -20.7633 -2.97032e-13)
(-11.3108 -20.8726 -2.89468e-13)
(-11.5194 -20.9772 -2.82602e-13)
(-11.7278 -21.0772 -2.73584e-13)
(-11.9362 -21.1726 -2.67838e-13)
(-12.1445 -21.2633 -2.57251e-13)
(-12.3524 -21.3495 -2.51235e-13)
(-12.5601 -21.431 -2.43626e-13)
(-12.7674 -21.5079 -2.38798e-13)
(-12.9742 -21.5803 -2.31747e-13)
(-13.1804 -21.648 -2.27001e-13)
(-13.3861 -21.7111 -2.19765e-13)
(-13.591 -21.7696 -2.13584e-13)
(-13.7953 -21.8235 -2.06226e-13)
(-13.9987 -21.8729 -1.99725e-13)
(-14.2012 -21.9177 -1.93702e-13)
(-14.4027 -21.958 -1.90478e-13)
(-14.6032 -21.9938 -1.85276e-13)
(-14.8026 -22.025 -1.8198e-13)
(-15.0007 -22.0518 -1.76592e-13)
(-15.1977 -22.0741 -1.71225e-13)
(-15.3933 -22.0919 -1.67493e-13)
(-15.5876 -22.1054 -1.62188e-13)
(-15.7804 -22.1144 -1.60472e-13)
(-15.9716 -22.119 -1.53742e-13)
(-16.1613 -22.1193 -1.49576e-13)
(-16.3493 -22.1152 -1.47956e-13)
(-16.5356 -22.1068 -1.44693e-13)
(-16.7201 -22.0942 -1.39657e-13)
(-16.9027 -22.0772 -1.39013e-13)
(-17.0834 -22.0561 -1.35023e-13)
(-17.2621 -22.0308 -1.30537e-13)
(-17.4387 -22.0013 -1.27593e-13)
(-17.6133 -21.9676 -1.26651e-13)
(-17.7856 -21.9299 -1.22266e-13)
(-17.9557 -21.8881 -1.19953e-13)
(-18.1234 -21.8423 -1.15804e-13)
(-18.2888 -21.7925 -1.14026e-13)
(-18.4518 -21.7387 -1.08589e-13)
(-18.6122 -21.681 -1.04458e-13)
(-18.7701 -21.6194 -1.03296e-13)
(-18.9253 -21.554 -1.00989e-13)
(-19.0778 -21.4847 -9.8795e-14)
(-19.2276 -21.4117 -9.7515e-14)
(-19.3746 -21.335 -9.4273e-14)
(-19.5186 -21.2546 -9.06924e-14)
(-19.6598 -21.1705 -8.98732e-14)
(-19.7979 -21.0829 -8.68633e-14)
(-19.9329 -20.9917 -8.40221e-14)
(-20.0648 -20.8969 -8.15275e-14)
(-20.1935 -20.7987 -7.90997e-14)
(-20.3189 -20.6971 -7.82725e-14)
(-20.441 -20.5921 -7.5357e-14)
(-20.5597 -20.4837 -7.38769e-14)
(-20.6749 -20.3721 -7.07432e-14)
(-20.7866 -20.2571 -6.93583e-14)
(-20.8947 -20.139 -6.71711e-14)
(-20.9991 -20.0177 -6.6525e-14)
(-21.0998 -19.8933 -6.46464e-14)
(-21.1967 -19.7658 -6.33061e-14)
(-21.2898 -19.6352 -6.24082e-14)
(-21.379 -19.5018 -6.17545e-14)
(-21.4641 -19.3655 -6.01435e-14)
(-21.5449 -19.2264 -5.88329e-14)
(-21.6213 -19.0844 -5.75538e-14)
(-21.693 -18.9395 -5.56069e-14)
(-21.7606 -18.7916 -5.46409e-14)
(-0.558209 -0.240186 -8.83073e-14)
)
;
    }
    inlet
    {
        type            calculated;
        value           uniform (0 0 0);
    }
    rWedge
    {
        type            wedge;
    }
    lWedge
    {
        type            wedge;
    }
    outlet
    {
        type            calculated;
        value           nonuniform 0();
    }
    procBoundary3to2
    {
        type            processor;
        value           uniform (0 0 0);
    }
}


// ************************************************************************* //
