/*--------------------------------*- C++ -*----------------------------------*\
| =========                 |                                                 |
| \\      /  F ield         | OpenFOAM: The Open Source CFD Toolbox           |
|  \\    /   O peration     | Version:  v1706                                 |
|   \\  /    A nd           | Web:      www.OpenFOAM.com                      |
|    \\/     M anipulation  |                                                 |
\*---------------------------------------------------------------------------*/
FoamFile
{
    version     2.0;
    format      ascii;
    class       volVectorField;
    location    "3.9e-05";
    object      wallShearStress;
}
// * * * * * * * * * * * * * * * * * * * * * * * * * * * * * * * * * * * * * //

dimensions      [1 -1 -2 0 0 0 0];


internalField   uniform (0 0 0);

boundaryField
{
    cone
    {
        type            calculated;
        value           nonuniform List<vector> 
119
(
(0.435066 -0.277008 -3.22463e-11)
(0.344529 -0.271281 -3.17856e-11)
(0.253416 -0.266561 -3.02818e-11)
(0.162123 -0.262786 -2.78713e-11)
(0.0711106 -0.259562 -2.47738e-11)
(-0.0191648 -0.256174 -2.12547e-11)
(-0.108417 -0.25201 -1.75988e-11)
(-0.196368 -0.246662 -1.40566e-11)
(-0.282592 -0.239647 -1.08272e-11)
(-0.366492 -0.230351 -8.03821e-12)
(-0.447253 -0.218247 -5.74848e-12)
(-0.523688 -0.203224 -3.95703e-12)
(-0.59387 -0.185553 -2.62186e-12)
(-0.657367 -0.164757 -1.6569e-12)
(-0.711301 -0.140488 -1.01788e-12)
(-0.764219 -0.116423 -5.99208e-13)
(-0.803702 -0.0888645 -3.2994e-13)
(-0.83206 -0.0611256 -1.76419e-13)
(-0.850184 -0.033764 -8.83372e-14)
(-0.857143 -0.00870166 -4.35299e-14)
(-0.852964 0.0137169 -2.07974e-14)
(-0.837266 0.0319209 -8.60683e-15)
(-0.810879 0.0448527 -4.63686e-15)
(-0.775401 0.0521471 -2.11761e-16)
(-0.732758 0.0538461 8.2818e-16)
(-0.685009 0.0503137 -1.72235e-16)
(-0.634246 0.0421908 -1.08928e-15)
(-0.582491 0.0303307 -2.14704e-15)
(-0.531601 0.0157225 -1.91792e-15)
(-0.483177 -0.000597221 -6.93401e-16)
(-0.438502 -0.0176242 -1.34816e-15)
(-0.398509 -0.0344522 -2.59193e-15)
(-0.36377 -0.0503286 2.00924e-16)
(-0.334544 -0.0647231 -1.39241e-15)
(-0.31063 -0.0775253 7.25171e-17)
(-0.292601 -0.0881076 3.68008e-16)
(-0.278584 -0.0953409 1.51305e-15)
(-0.269566 -0.100569 7.02292e-17)
(-0.264196 -0.103704 3.46273e-17)
(-0.261743 -0.104812 -3.3879e-16)
(-0.261717 -0.103907 -2.537e-15)
(-0.263138 -0.101803 -1.4316e-15)
(-0.265439 -0.0986546 -1.74935e-15)
(-0.268066 -0.0948607 -3.06803e-15)
(-0.270539 -0.0907377 -2.49375e-15)
(-0.272537 -0.0865284 -3.7686e-15)
(-0.27386 -0.0823396 -6.72948e-16)
(-0.273964 -0.0786945 2.22923e-15)
(-0.272732 -0.0758398 -6.49319e-16)
(-0.270537 -0.0734666 -3.09818e-16)
(-0.267063 -0.0717879 -6.11479e-16)
(-0.262298 -0.0709564 -1.24074e-15)
(-0.256297 -0.0709997 -8.87381e-16)
(-0.249107 -0.07195 -5.58427e-16)
(-0.24077 -0.0738462 -2.73086e-15)
(-0.231328 -0.0767315 -1.93839e-19)
(-0.220819 -0.0806548 4.04824e-16)
(-0.209282 -0.0856695 -1.66646e-15)
(-0.196749 -0.091835 -2.34047e-15)
(-0.183241 -0.099237 -1.76228e-15)
(-0.1689 -0.107828 -9.12957e-16)
(-0.153728 -0.11763 -4.21215e-16)
(-0.13774 -0.128614 -5.43106e-16)
(-0.121073 -0.14095 -1.28819e-15)
(-0.103801 -0.154456 -1.24374e-15)
(-0.0860161 -0.16907 -2.12854e-15)
(-0.0678108 -0.184696 -1.49435e-15)
(-0.0492767 -0.201215 -2.37298e-15)
(-0.0305001 -0.218489 -2.30164e-15)
(-0.0115606 -0.236367 -2.3001e-15)
(0.00747023 -0.254693 -1.79616e-15)
(0.0265294 -0.273312 -2.03164e-15)
(0.0455612 -0.292075 -2.08291e-15)
(0.0645167 -0.310852 -8.50113e-16)
(0.0833504 -0.329529 -1.30456e-15)
(0.10202 -0.348021 -5.19066e-16)
(0.120482 -0.366271 -6.53441e-16)
(0.138689 -0.38426 -1.32137e-15)
(0.156577 -0.402007 -1.99115e-16)
(0.174055 -0.419587 -1.98021e-15)
(0.190972 -0.43714 1.28934e-16)
(0.207101 -0.454896 -6.29845e-17)
(0.222095 -0.473163 -1.08811e-15)
(0.235496 -0.492299 -6.7912e-16)
(0.246819 -0.51278 -5.07944e-16)
(0.255576 -0.535046 1.23446e-15)
(0.26124 -0.558946 2.14959e-16)
(0.263919 -0.584558 -1.97972e-15)
(0.263937 -0.611336 -1.11723e-15)
(0.261946 -0.638523 -1.17493e-15)
(0.258822 -0.665293 -1.24114e-15)
(0.255485 -0.690903 -1.46178e-15)
(0.252695 -0.714869 -2.85195e-15)
(0.25077 -0.737056 -1.48668e-15)
(0.250178 -0.757534 -1.40553e-15)
(0.250344 -0.776786 -2.35861e-15)
(0.250757 -0.79536 -4.08571e-15)
(0.25071 -0.813837 8.35266e-17)
(0.249413 -0.832737 -5.56922e-17)
(0.246123 -0.852462 2.46542e-15)
(0.240202 -0.873275 1.7659e-15)
(0.231145 -0.895308 -5.70123e-16)
(0.218575 -0.918584 2.53538e-16)
(0.202249 -0.943035 6.24126e-16)
(0.182065 -0.968514 -3.79744e-15)
(0.158042 -0.994809 -2.18172e-15)
(0.130288 -1.02168 -3.43629e-15)
(0.0989391 -1.04894 -3.32319e-15)
(0.0640698 -1.07648 -2.83455e-15)
(0.0256262 -1.10434 -1.68226e-15)
(-0.0165465 -1.13262 -1.16251e-15)
(-0.0625788 -1.1613 -1.99038e-15)
(-0.112479 -1.19016 7.32424e-16)
(-0.16618 -1.21891 -2.07608e-15)
(-0.224411 -1.24725 1.23522e-16)
(-0.287608 -1.27569 -2.07269e-15)
(-0.365547 -1.30409 -2.15824e-15)
(-0.430161 -1.34649 5.75569e-17)
(-0.611993 -1.38492 -1.18316e-15)
)
;
    }
    inlet
    {
        type            calculated;
        value           uniform (0 0 0);
    }
    rWedge
    {
        type            wedge;
    }
    lWedge
    {
        type            wedge;
    }
    outlet
    {
        type            calculated;
        value           uniform (0 0 0);
    }
    procBoundary0to1
    {
        type            processor;
        value           uniform (0 0 0);
    }
    procBoundary0to2
    {
        type            processor;
        value           uniform (0 0 0);
    }
}


// ************************************************************************* //
