/*--------------------------------*- C++ -*----------------------------------*\
| =========                 |                                                 |
| \\      /  F ield         | OpenFOAM: The Open Source CFD Toolbox           |
|  \\    /   O peration     | Version:  v1706                                 |
|   \\  /    A nd           | Web:      www.OpenFOAM.com                      |
|    \\/     M anipulation  |                                                 |
\*---------------------------------------------------------------------------*/
FoamFile
{
    version     2.0;
    format      ascii;
    class       volVectorField;
    location    "1.4e-05";
    object      wallShearStress;
}
// * * * * * * * * * * * * * * * * * * * * * * * * * * * * * * * * * * * * * //

dimensions      [1 -1 -2 0 0 0 0];


internalField   uniform (0 0 0);

boundaryField
{
    cone
    {
        type            calculated;
        value           nonuniform List<vector> 
153
(
(-169.356 -147.019 -7.27774e-14)
(-169.632 -145.551 -6.05211e-14)
(-169.879 -144.072 -5.88457e-14)
(-170.097 -142.582 -6.50457e-14)
(-170.284 -141.079 -5.50857e-14)
(-170.44 -139.564 -4.82006e-14)
(-170.565 -138.038 -5.73592e-14)
(-170.658 -136.502 -4.68502e-14)
(-170.721 -134.955 -4.44417e-14)
(-170.752 -133.398 -4.29959e-14)
(-170.752 -131.832 -4.44551e-14)
(-170.72 -130.258 -4.08654e-14)
(-170.657 -128.675 -4.59044e-14)
(-170.563 -127.085 -4.00619e-14)
(-170.437 -125.488 -3.27435e-14)
(-170.279 -123.885 -3.06918e-14)
(-170.09 -122.275 -3.60973e-14)
(-169.869 -120.66 -2.64309e-14)
(-169.615 -119.04 -2.70427e-14)
(-169.329 -117.415 -2.79995e-14)
(-169.011 -115.786 -2.36741e-14)
(-168.658 -114.153 -2.34996e-14)
(-168.272 -112.516 -1.31636e-14)
(-167.852 -110.876 -1.22069e-14)
(-167.395 -109.232 -1.27227e-14)
(-166.903 -107.585 -7.25463e-15)
(-166.373 -105.935 -1.54062e-14)
(-165.804 -104.282 -1.39834e-14)
(-165.195 -102.626 -7.10315e-15)
(-164.544 -100.966 -6.11212e-15)
(-163.848 -99.3028 -1.28254e-14)
(-163.104 -97.6353 -5.00132e-15)
(-162.309 -95.9634 -8.77708e-15)
(-161.46 -94.2861 1.65914e-15)
(-160.55 -92.6026 4.43422e-16)
(-159.576 -90.9115 -6.82003e-16)
(-158.53 -89.2115 5.86302e-16)
(-157.405 -87.5006 -2.35446e-15)
(-156.193 -85.7766 -3.09598e-15)
(-154.881 -84.0363 8.30785e-16)
(-153.461 -82.2751 4.38029e-15)
(-151.915 -80.4894 1.64411e-15)
(-150.22 -78.6785 8.36126e-15)
(-148.356 -76.8351 7.76809e-15)
(-146.294 -74.952 6.70384e-15)
(-143.979 -73.0241 8.04564e-15)
(-141.385 -71.0277 6.7247e-15)
(-138.348 -69.0667 1.06596e-14)
(-134.882 -66.9124 1.07154e-14)
(-131.462 -64.9362 1.29789e-14)
(-128.397 -63.3871 7.15742e-15)
(-125.578 -61.9934 6.78941e-15)
(-122.933 -60.6934 8.25513e-15)
(-120.423 -59.4689 7.95491e-15)
(-118.025 -58.3061 8.7784e-15)
(-115.723 -57.1947 9.42789e-15)
(-113.506 -56.1269 7.15222e-15)
(-111.364 -55.0972 8.17661e-15)
(-109.292 -54.1012 9.74828e-15)
(-107.283 -53.1356 6.10608e-15)
(-105.333 -52.1978 1.06235e-14)
(-103.438 -51.2856 1.10085e-14)
(-101.595 -50.3974 8.3993e-15)
(-99.8009 -49.5316 7.7824e-15)
(-98.0536 -48.6869 6.23232e-15)
(-96.3511 -47.8624 1.04689e-14)
(-94.6914 -47.0572 1.21054e-14)
(-93.073 -46.2703 1.24916e-14)
(-91.4943 -45.5011 6.90339e-15)
(-89.9541 -44.749 6.59142e-15)
(-88.451 -44.0134 1.10185e-14)
(-86.9839 -43.2938 1.18672e-14)
(-85.5517 -42.5896 1.246e-14)
(-84.1536 -41.9005 1.23356e-14)
(-82.7885 -41.226 8.91088e-15)
(-81.4555 -40.5658 6.29327e-15)
(-80.1539 -39.9195 6.92017e-15)
(-78.8829 -39.2867 6.73545e-15)
(-77.6417 -38.6673 2.73875e-15)
(-76.4296 -38.0608 9.27967e-16)
(-75.246 -37.467 3.05964e-15)
(-74.0902 -36.8857 3.58477e-15)
(-72.9616 -36.3166 3.26092e-15)
(-71.8596 -35.7594 4.37268e-15)
(-70.7836 -35.2141 -1.12587e-15)
(-69.7331 -34.6804 1.03506e-15)
(-68.7074 -34.1581 1.11277e-15)
(-67.706 -33.647 -1.23357e-15)
(-66.7285 -33.147 -3.638e-15)
(-65.7743 -32.6579 -1.98223e-15)
(-64.8428 -32.1796 -4.68728e-15)
(-63.9337 -31.712 -9.48032e-16)
(-63.0465 -31.2549 2.15592e-15)
(-62.1806 -30.8082 -3.02243e-15)
(-61.3359 -30.3717 -1.89439e-15)
(-60.5117 -29.9452 -4.78769e-15)
(-59.7078 -29.5287 -1.00203e-14)
(-58.9239 -29.1217 -6.42143e-15)
(-58.1595 -28.7241 -6.87666e-15)
(-57.4142 -28.3356 7.99006e-16)
(-56.6875 -27.9557 -8.08157e-15)
(-55.979 -27.5843 -1.38619e-15)
(-55.288 -27.2209 -7.31264e-15)
(-54.6138 -26.8652 -1.29008e-14)
(-53.9553 -26.5172 -6.46069e-15)
(-53.3118 -26.1767 -1.20861e-14)
(-52.682 -25.8438 -1.61355e-14)
(-52.065 -25.5188 -1.92737e-14)
(-51.4599 -25.2024 -1.13272e-14)
(-50.8659 -24.8952 -1.32209e-14)
(-50.2829 -24.5982 -1.13885e-14)
(-49.7112 -24.3122 -2.04779e-14)
(-49.1515 -24.0381 -9.95889e-15)
(-48.6057 -23.7765 -1.24118e-14)
(-48.076 -23.5274 -1.29695e-14)
(-47.5653 -23.2904 -1.36889e-14)
(-47.0769 -23.0641 -1.80671e-14)
(-46.6142 -22.8461 -1.89313e-14)
(-46.1797 -22.6332 -1.67826e-14)
(-45.7752 -22.4213 -2.06612e-14)
(-45.4009 -22.2057 -2.17771e-14)
(-45.0546 -21.9816 -1.70377e-14)
(-44.7321 -21.7438 -2.2857e-14)
(-44.4286 -21.4847 -2.61793e-14)
(-44.1287 -21.2093 -2.15525e-14)
(-43.8169 -20.9234 -2.04216e-14)
(-43.4901 -20.6193 -2.68874e-14)
(-43.1342 -20.3005 -2.31591e-14)
(-42.7345 -19.9815 -2.48581e-14)
(-42.2822 -19.6728 -2.71269e-14)
(-41.7722 -19.388 -2.59339e-14)
(-41.2041 -19.1426 -2.57512e-14)
(-40.5844 -18.953 -2.1135e-14)
(-39.9283 -18.8332 -2.46491e-14)
(-39.2589 -18.7943 -2.2069e-14)
(-38.6198 -18.8256 -1.79604e-14)
(-38.0281 -18.9054 -2.5645e-14)
(-37.5049 -19.0449 -2.17753e-14)
(-37.0672 -19.2475 -2.2873e-14)
(-36.7335 -19.4997 -2.80964e-14)
(-36.5304 -19.7849 -3.24468e-14)
(-36.4826 -20.06 -3.22015e-14)
(-36.5783 -20.3309 -3.00958e-14)
(-36.8282 -20.5604 -2.66707e-14)
(-37.2337 -20.7215 -2.83116e-14)
(-37.7689 -20.7976 -3.3734e-14)
(-38.3998 -20.7738 -3.05903e-14)
(-39.0889 -20.6432 -2.90631e-14)
(-39.7948 -20.4058 -3.33766e-14)
(-40.4831 -20.0643 -3.68823e-14)
(-41.1044 -19.5893 -3.41489e-14)
(-41.6676 -19.0315 -3.67739e-14)
(-42.1094 -18.3828 -2.97343e-14)
)
;
    }
    inlet
    {
        type            calculated;
        value           uniform (0 0 0);
    }
    rWedge
    {
        type            wedge;
    }
    lWedge
    {
        type            wedge;
    }
    outlet
    {
        type            calculated;
        value           nonuniform 0();
    }
    procBoundary2to0
    {
        type            processor;
        value           uniform (0 0 0);
    }
    procBoundary2to1
    {
        type            processor;
        value           uniform (0 0 0);
    }
    procBoundary2to3
    {
        type            processor;
        value           uniform (0 0 0);
    }
}


// ************************************************************************* //
