/*--------------------------------*- C++ -*----------------------------------*\
| =========                 |                                                 |
| \\      /  F ield         | OpenFOAM: The Open Source CFD Toolbox           |
|  \\    /   O peration     | Version:  v1706                                 |
|   \\  /    A nd           | Web:      www.OpenFOAM.com                      |
|    \\/     M anipulation  |                                                 |
\*---------------------------------------------------------------------------*/
FoamFile
{
    version     2.0;
    format      ascii;
    class       volVectorField;
    location    "3.2e-05";
    object      wallShearStress;
}
// * * * * * * * * * * * * * * * * * * * * * * * * * * * * * * * * * * * * * //

dimensions      [1 -1 -2 0 0 0 0];


internalField   uniform (0 0 0);

boundaryField
{
    cone
    {
        type            calculated;
        value           nonuniform List<vector> 
153
(
(-71.1359 -61.0299 -9.16618e-14)
(-71.341 -60.4992 -8.65198e-14)
(-71.5355 -59.9628 -8.55344e-14)
(-71.7194 -59.4207 -8.58989e-14)
(-71.8922 -58.8729 -8.08872e-14)
(-72.054 -58.3194 -7.77677e-14)
(-72.2048 -57.7606 -8.0093e-14)
(-72.3444 -57.1965 -7.57921e-14)
(-72.4729 -56.6275 -7.3623e-14)
(-72.5902 -56.0537 -7.24326e-14)
(-72.6964 -55.4753 -7.2331e-14)
(-72.7914 -54.8926 -7.00208e-14)
(-72.8752 -54.3056 -7.07909e-14)
(-72.9478 -53.7148 -6.73949e-14)
(-73.0091 -53.1201 -6.35295e-14)
(-73.0591 -52.5219 -6.29413e-14)
(-73.0977 -51.9203 -6.37604e-14)
(-73.125 -51.3155 -5.88246e-14)
(-73.1408 -50.7076 -5.83734e-14)
(-73.145 -50.0969 -5.80552e-14)
(-73.1376 -49.4833 -5.56069e-14)
(-73.1181 -48.8673 -5.51057e-14)
(-73.0866 -48.2489 -5.07833e-14)
(-73.0426 -47.6282 -4.96162e-14)
(-72.9861 -47.0052 -4.92664e-14)
(-72.9165 -46.3803 -4.66534e-14)
(-72.8335 -45.7532 -4.89494e-14)
(-72.7366 -45.1242 -4.83494e-14)
(-72.6251 -44.4933 -4.49268e-14)
(-72.4982 -43.8604 -4.43908e-14)
(-72.3551 -43.2256 -4.63835e-14)
(-72.1947 -42.5888 -4.30797e-14)
(-72.0157 -41.9499 -4.40444e-14)
(-71.8165 -41.3088 -3.93054e-14)
(-71.5954 -40.6652 -3.90865e-14)
(-71.3501 -40.0191 -3.84772e-14)
(-71.0782 -39.3701 -3.79651e-14)
(-70.7764 -38.7177 -3.86197e-14)
(-70.4413 -38.0616 -3.9186e-14)
(-70.0688 -37.4011 -3.68318e-14)
(-69.6539 -36.736 -3.42138e-14)
(-69.1904 -36.0662 -3.56541e-14)
(-68.6703 -35.3897 -3.29385e-14)
(-68.0852 -34.706 -3.22618e-14)
(-67.4232 -34.0145 -3.19548e-14)
(-66.6668 -33.3152 -3.07751e-14)
(-65.8001 -32.6112 -3.03671e-14)
(-64.7565 -31.9581 -2.87111e-14)
(-63.6285 -31.1846 -2.80343e-14)
(-62.5637 -30.4222 -2.63816e-14)
(-61.5781 -29.8293 -2.78448e-14)
(-60.6745 -29.3219 -2.7914e-14)
(-59.835 -28.8653 -2.67357e-14)
(-59.0462 -28.4468 -2.63223e-14)
(-58.2989 -28.0585 -2.55953e-14)
(-57.5867 -27.6946 -2.51075e-14)
(-56.9044 -27.351 -2.58313e-14)
(-56.2481 -27.0245 -2.51386e-14)
(-55.6144 -26.7127 -2.40528e-14)
(-55.0005 -26.4137 -2.46995e-14)
(-54.4042 -26.1257 -2.29839e-14)
(-53.8236 -25.8474 -2.21668e-14)
(-53.2576 -25.5772 -2.23459e-14)
(-52.7045 -25.3149 -2.23967e-14)
(-52.1629 -25.0598 -2.27673e-14)
(-51.6312 -24.8111 -2.029e-14)
(-51.1081 -24.5685 -1.98122e-14)
(-50.5928 -24.3326 -1.89503e-14)
(-50.0866 -24.0993 -2.08932e-14)
(-49.5872 -23.8669 -2.03854e-14)
(-49.0938 -23.64 -1.82067e-14)
(-48.6061 -23.4177 -1.77153e-14)
(-48.1239 -23.1983 -1.66951e-14)
(-47.6466 -22.9814 -1.63115e-14)
(-47.1738 -22.767 -1.75936e-14)
(-46.7052 -22.5549 -1.76414e-14)
(-46.2405 -22.3448 -1.65347e-14)
(-45.7793 -22.1366 -1.59149e-14)
(-45.3216 -21.9301 -1.69021e-14)
(-44.8669 -21.7252 -1.72677e-14)
(-44.4152 -21.5218 -1.59405e-14)
(-43.9663 -21.3196 -1.56154e-14)
(-43.52 -21.1186 -1.4378e-14)
(-43.0763 -20.9188 -1.37844e-14)
(-42.635 -20.72 -1.54383e-14)
(-42.1961 -20.5221 -1.38682e-14)
(-41.7594 -20.3252 -1.3308e-14)
(-41.325 -20.1291 -1.41454e-14)
(-40.8928 -19.9338 -1.44477e-14)
(-40.4627 -19.7393 -1.37777e-14)
(-40.0349 -19.5455 -1.39562e-14)
(-39.6091 -19.3525 -1.21121e-14)
(-39.1856 -19.1601 -1.08272e-14)
(-38.7642 -18.9684 -1.20088e-14)
(-38.345 -18.7775 -1.08932e-14)
(-37.928 -18.5872 -1.13553e-14)
(-37.5134 -18.3976 -1.30403e-14)
(-37.101 -18.2087 -1.12501e-14)
(-36.691 -18.0205 -1.03634e-14)
(-36.2833 -17.8331 -7.37081e-15)
(-35.8782 -17.6464 -1.01228e-14)
(-35.4755 -17.4605 -7.6185e-15)
(-35.0755 -17.2754 -9.78176e-15)
(-34.678 -17.0911 -1.06826e-14)
(-34.2833 -16.9077 -7.85473e-15)
(-33.8913 -16.7251 -9.82436e-15)
(-33.5021 -16.5435 -1.04678e-14)
(-33.1158 -16.3627 -1.03604e-14)
(-32.7324 -16.183 -7.54721e-15)
(-32.352 -16.0042 -7.74032e-15)
(-31.9746 -15.8265 -6.67244e-15)
(-31.6003 -15.6498 -9.16001e-15)
(-31.2292 -15.4742 -4.94365e-15)
(-30.8612 -15.2997 -5.11356e-15)
(-30.4965 -15.1264 -5.69621e-15)
(-30.135 -14.9542 -5.7283e-15)
(-29.7768 -14.7832 -6.64681e-15)
(-29.422 -14.6135 -6.24325e-15)
(-29.0705 -14.445 -4.84423e-15)
(-28.7224 -14.2778 -5.38563e-15)
(-28.3778 -14.1119 -5.70175e-15)
(-28.0366 -13.9474 -4.08168e-15)
(-27.6989 -13.7843 -6.22645e-15)
(-27.3648 -13.6226 -7.39012e-15)
(-27.0342 -13.4623 -5.14671e-15)
(-26.7071 -13.3035 -4.37559e-15)
(-26.3837 -13.1462 -5.94653e-15)
(-26.0639 -12.9904 -3.75025e-15)
(-25.7477 -12.8361 -3.894e-15)
(-25.4352 -12.6834 -4.46643e-15)
(-25.1264 -12.5323 -3.98007e-15)
(-24.8213 -12.3828 -3.32638e-15)
(-24.5199 -12.2349 -9.97405e-16)
(-24.2223 -12.0886 -1.80003e-15)
(-23.9285 -11.944 -4.91349e-16)
(-23.6384 -11.801 1.21573e-15)
(-23.3522 -11.6597 -1.35736e-15)
(-23.0697 -11.5201 2.71483e-16)
(-22.7911 -11.3822 -4.24736e-16)
(-22.5163 -11.246 -2.55743e-15)
(-22.2453 -11.1115 -4.46049e-15)
(-21.9782 -10.9787 -3.99327e-15)
(-21.7149 -10.8475 -2.08169e-15)
(-21.4555 -10.7181 -3.1575e-16)
(-21.1999 -10.5903 -9.96344e-16)
(-20.9481 -10.4643 -3.16809e-15)
(-20.7001 -10.3399 -1.72335e-15)
(-20.4559 -10.2173 -7.9046e-16)
(-20.2154 -10.0963 -2.22686e-15)
(-19.9787 -9.97699 -3.55016e-15)
(-19.7457 -9.85933 -2.26718e-15)
(-19.5166 -9.74325 -3.10494e-15)
(-19.2912 -9.62903 1.85796e-16)
)
;
    }
    inlet
    {
        type            calculated;
        value           uniform (0 0 0);
    }
    rWedge
    {
        type            wedge;
    }
    lWedge
    {
        type            wedge;
    }
    outlet
    {
        type            calculated;
        value           nonuniform 0();
    }
    procBoundary2to0
    {
        type            processor;
        value           uniform (0 0 0);
    }
    procBoundary2to1
    {
        type            processor;
        value           uniform (0 0 0);
    }
    procBoundary2to3
    {
        type            processor;
        value           uniform (0 0 0);
    }
}


// ************************************************************************* //
