/*--------------------------------*- C++ -*----------------------------------*\
| =========                 |                                                 |
| \\      /  F ield         | OpenFOAM: The Open Source CFD Toolbox           |
|  \\    /   O peration     | Version:  v1706                                 |
|   \\  /    A nd           | Web:      www.OpenFOAM.com                      |
|    \\/     M anipulation  |                                                 |
\*---------------------------------------------------------------------------*/
FoamFile
{
    version     2.0;
    format      ascii;
    class       volVectorField;
    location    "3.4e-05";
    object      wallShearStress;
}
// * * * * * * * * * * * * * * * * * * * * * * * * * * * * * * * * * * * * * //

dimensions      [1 -1 -2 0 0 0 0];


internalField   uniform (0 0 0);

boundaryField
{
    cone
    {
        type            calculated;
        value           nonuniform List<vector> 
147
(
(-0.517972 -0.530182 -8.80007e-14)
(-0.528879 -0.837513 -1.33047e-13)
(-0.540247 -1.16385 -3.25486e-13)
(-0.556979 -1.4886 -4.18439e-13)
(-0.577238 -1.8161 -5.29267e-13)
(-0.601244 -2.14381 -5.99771e-13)
(-0.62894 -2.47175 -6.88289e-13)
(-0.660288 -2.79951 -7.6484e-13)
(-0.695537 -3.12712 -8.48385e-13)
(-0.733846 -3.4566 -9.03968e-13)
(-0.774843 -3.78737 -9.72282e-13)
(-0.82037 -4.11668 -1.02918e-12)
(-0.870462 -4.44367 -1.07078e-12)
(-0.924625 -4.76866 -1.09788e-12)
(-0.982578 -5.09203 -1.1293e-12)
(-1.04425 -5.41393 -1.15344e-12)
(-1.10962 -5.7344 -1.17798e-12)
(-1.17868 -6.05338 -1.19341e-12)
(-1.2514 -6.37081 -1.21121e-12)
(-1.32775 -6.68665 -1.22888e-12)
(-1.40771 -7.00081 -1.23141e-12)
(-1.49124 -7.31322 -1.23296e-12)
(-1.57832 -7.62382 -1.22488e-12)
(-1.6689 -7.93252 -1.2222e-12)
(-1.76296 -8.23926 -1.20866e-12)
(-1.86045 -8.54395 -1.19476e-12)
(-1.96135 -8.84652 -1.1805e-12)
(-2.06561 -9.1469 -1.17444e-12)
(-2.17318 -9.44502 -1.15466e-12)
(-2.28404 -9.74079 -1.13374e-12)
(-2.39814 -10.0341 -1.11675e-12)
(-2.51543 -10.325 -1.09512e-12)
(-2.63587 -10.6133 -1.0713e-12)
(-2.75942 -10.899 -1.05087e-12)
(-2.88602 -11.182 -1.02731e-12)
(-3.01563 -11.4622 -1.00659e-12)
(-3.14821 -11.7396 -9.85384e-13)
(-3.2837 -12.0141 -9.59508e-13)
(-3.42204 -12.2856 -9.34198e-13)
(-3.5632 -12.5541 -9.07694e-13)
(-3.70711 -12.8195 -8.8494e-13)
(-3.85372 -13.0817 -8.70406e-13)
(-4.00299 -13.3408 -8.49753e-13)
(-4.15484 -13.5965 -8.19883e-13)
(-4.30923 -13.8489 -7.97871e-13)
(-4.46609 -14.0979 -7.75939e-13)
(-4.62537 -14.3435 -7.57562e-13)
(-4.78701 -14.5856 -7.34147e-13)
(-4.95095 -14.8241 -7.12457e-13)
(-5.11712 -15.059 -6.89153e-13)
(-5.28548 -15.2903 -6.712e-13)
(-5.45594 -15.5178 -6.51468e-13)
(-5.62845 -15.7416 -6.34895e-13)
(-5.80294 -15.9616 -6.14226e-13)
(-5.97936 -16.1777 -5.97134e-13)
(-6.15763 -16.39 -5.80615e-13)
(-6.33768 -16.5982 -5.64796e-13)
(-6.51945 -16.8025 -5.455e-13)
(-6.70287 -17.0028 -5.32138e-13)
(-6.88787 -17.199 -5.13688e-13)
(-7.07438 -17.3911 -4.98551e-13)
(-7.26233 -17.5791 -4.87332e-13)
(-7.45166 -17.7629 -4.76708e-13)
(-7.64228 -17.9425 -4.64349e-13)
(-7.83413 -18.1178 -4.4871e-13)
(-8.02714 -18.2889 -4.34116e-13)
(-8.22123 -18.4557 -4.21364e-13)
(-8.41633 -18.6181 -4.06557e-13)
(-8.61236 -18.7762 -3.95968e-13)
(-8.80925 -18.9299 -3.82197e-13)
(-9.00694 -19.0792 -3.78277e-13)
(-9.20533 -19.224 -3.68849e-13)
(-9.40437 -19.3645 -3.59855e-13)
(-9.60397 -19.5004 -3.43062e-13)
(-9.80406 -19.6319 -3.35298e-13)
(-10.0046 -19.7588 -3.22798e-13)
(-10.2054 -19.8813 -3.13142e-13)
(-10.4065 -19.9992 -3.03274e-13)
(-10.6078 -20.1126 -2.96063e-13)
(-10.8092 -20.2214 -2.86135e-13)
(-11.0107 -20.3257 -2.7901e-13)
(-11.2121 -20.4254 -2.72777e-13)
(-11.4134 -20.5206 -2.642e-13)
(-11.6145 -20.6111 -2.58726e-13)
(-11.8154 -20.6971 -2.48296e-13)
(-12.0159 -20.7786 -2.42735e-13)
(-12.216 -20.8554 -2.35728e-13)
(-12.4156 -20.9277 -2.31291e-13)
(-12.6147 -20.9954 -2.24563e-13)
(-12.8131 -21.0586 -2.1992e-13)
(-13.0109 -21.1172 -2.13225e-13)
(-13.2078 -21.1712 -2.07082e-13)
(-13.4039 -21.2208 -2.00111e-13)
(-13.599 -21.2657 -1.93687e-13)
(-13.7932 -21.3062 -1.87612e-13)
(-13.9862 -21.3422 -1.84479e-13)
(-14.1781 -21.3736 -1.79363e-13)
(-14.3688 -21.4006 -1.76336e-13)
(-14.5582 -21.4232 -1.71327e-13)
(-14.7462 -21.4413 -1.65662e-13)
(-14.9328 -21.4549 -1.62157e-13)
(-15.1178 -21.4642 -1.56879e-13)
(-15.3013 -21.4691 -1.55064e-13)
(-15.4831 -21.4696 -1.48512e-13)
(-15.6632 -21.4658 -1.44456e-13)
(-15.8415 -21.4576 -1.42545e-13)
(-16.0178 -21.4452 -1.39231e-13)
(-16.1923 -21.4285 -1.34212e-13)
(-16.3647 -21.4076 -1.33658e-13)
(-16.535 -21.3824 -1.29512e-13)
(-16.7032 -21.353 -1.24983e-13)
(-16.8691 -21.3195 -1.22149e-13)
(-17.0327 -21.2819 -1.20891e-13)
(-17.194 -21.2402 -1.16244e-13)
(-17.3528 -21.1944 -1.14141e-13)
(-17.5091 -21.1445 -1.0994e-13)
(-17.6628 -21.0907 -1.07647e-13)
(-17.8138 -21.0329 -1.02319e-13)
(-17.9621 -20.9711 -9.83732e-14)
(-18.1076 -20.9055 -9.71518e-14)
(-18.2503 -20.836 -9.4387e-14)
(-18.39 -20.7627 -9.24554e-14)
(-18.5267 -20.6856 -9.11889e-14)
(-18.6603 -20.6047 -8.79372e-14)
(-18.7907 -20.5202 -8.40909e-14)
(-18.9179 -20.432 -8.31896e-14)
(-19.0419 -20.3401 -8.03158e-14)
(-19.1625 -20.2446 -7.70839e-14)
(-19.2796 -20.1457 -7.47313e-14)
(-19.3932 -20.0432 -7.21455e-14)
(-19.5032 -19.9372 -7.1094e-14)
(-19.6095 -19.8278 -6.79744e-14)
(-19.7121 -19.715 -6.66687e-14)
(-19.8109 -19.5989 -6.33749e-14)
(-19.9057 -19.4795 -6.20398e-14)
(-19.9966 -19.3568 -5.96493e-14)
(-20.0834 -19.2309 -5.91755e-14)
(-20.1661 -19.1019 -5.72832e-14)
(-20.2446 -18.9696 -5.57812e-14)
(-20.3188 -18.8344 -5.4516e-14)
(-20.3887 -18.6961 -5.39746e-14)
(-20.454 -18.5549 -5.25344e-14)
(-20.5146 -18.4108 -5.11898e-14)
(-20.5703 -18.2639 -4.96785e-14)
(-20.621 -18.1139 -4.75009e-14)
(-20.667 -17.9608 -4.67301e-14)
(-0.552222 -0.234649 3.12559e-15)
)
;
    }
    inlet
    {
        type            calculated;
        value           uniform (0 0 0);
    }
    rWedge
    {
        type            wedge;
    }
    lWedge
    {
        type            wedge;
    }
    outlet
    {
        type            calculated;
        value           nonuniform 0();
    }
    procBoundary3to2
    {
        type            processor;
        value           uniform (0 0 0);
    }
}


// ************************************************************************* //
