/*--------------------------------*- C++ -*----------------------------------*\
| =========                 |                                                 |
| \\      /  F ield         | OpenFOAM: The Open Source CFD Toolbox           |
|  \\    /   O peration     | Version:  v1706                                 |
|   \\  /    A nd           | Web:      www.OpenFOAM.com                      |
|    \\/     M anipulation  |                                                 |
\*---------------------------------------------------------------------------*/
FoamFile
{
    version     2.0;
    format      ascii;
    class       volVectorField;
    location    "1.7e-05";
    object      wallShearStress;
}
// * * * * * * * * * * * * * * * * * * * * * * * * * * * * * * * * * * * * * //

dimensions      [1 -1 -2 0 0 0 0];


internalField   uniform (0 0 0);

boundaryField
{
    cone
    {
        type            calculated;
        value           nonuniform List<vector> 
147
(
(4.27577 -5.34237 -2.58455e-12)
(4.40163 -8.13184 -3.67791e-12)
(4.32161 -11.3292 -5.86955e-12)
(4.19832 -14.4213 -7.21445e-12)
(4.01079 -17.636 -8.24587e-12)
(3.79302 -20.7675 -9.38126e-12)
(3.5249 -23.9612 -1.01958e-11)
(3.2263 -27.102 -1.10518e-11)
(2.88254 -30.2702 -1.17085e-11)
(2.50616 -33.406 -1.20502e-11)
(2.08821 -36.5488 -1.26289e-11)
(1.63585 -39.6702 -1.28494e-11)
(1.14435 -42.7875 -1.3014e-11)
(0.617486 -45.8882 -1.29982e-11)
(0.0530927 -48.979 -1.29749e-11)
(-0.546957 -52.0545 -1.28108e-11)
(-1.18346 -55.1167 -1.27052e-11)
(-1.85544 -58.1632 -1.24885e-11)
(-2.56303 -61.1942 -1.22871e-11)
(-3.30565 -64.2082 -1.20125e-11)
(-4.08314 -67.2046 -1.1734e-11)
(-4.89866 -70.181 -1.13823e-11)
(-5.7491 -73.137 -1.09987e-11)
(-6.62996 -76.0743 -1.06831e-11)
(-7.54414 -78.9912 -1.02926e-11)
(-8.49128 -81.8863 -9.94407e-12)
(-9.47106 -84.7588 -9.54265e-12)
(-10.483 -87.6079 -9.23121e-12)
(-11.5267 -90.4327 -8.85426e-12)
(-12.6017 -93.2324 -8.474e-12)
(-13.7075 -96.0062 -8.16517e-12)
(-14.8436 -98.7534 -7.78609e-12)
(-16.0096 -101.473 -7.41308e-12)
(-17.2049 -104.165 -7.14415e-12)
(-18.429 -106.827 -6.81736e-12)
(-19.6814 -109.461 -6.53699e-12)
(-20.9615 -112.063 -6.2676e-12)
(-22.2688 -114.635 -5.95442e-12)
(-23.603 -117.174 -5.67387e-12)
(-24.9631 -119.68 -5.40019e-12)
(-26.3486 -122.154 -5.16383e-12)
(-27.7589 -124.595 -4.99717e-12)
(-29.1934 -127.001 -4.76942e-12)
(-30.6515 -129.373 -4.51449e-12)
(-32.1325 -131.709 -4.30068e-12)
(-33.6359 -134.009 -4.12767e-12)
(-35.161 -136.272 -3.97135e-12)
(-36.7071 -138.498 -3.79918e-12)
(-38.2736 -140.687 -3.60704e-12)
(-39.8597 -142.837 -3.40252e-12)
(-41.4649 -144.949 -3.28196e-12)
(-43.0884 -147.022 -3.144e-12)
(-44.7294 -149.055 -3.00869e-12)
(-46.3874 -151.047 -2.86371e-12)
(-48.0616 -153 -2.74843e-12)
(-49.7513 -154.911 -2.62129e-12)
(-51.4558 -156.781 -2.51813e-12)
(-53.1742 -158.609 -2.38185e-12)
(-54.9055 -160.394 -2.30497e-12)
(-56.6499 -162.137 -2.18631e-12)
(-58.4061 -163.838 -2.08405e-12)
(-60.1733 -165.496 -2.01189e-12)
(-61.9511 -167.11 -1.95277e-12)
(-63.7384 -168.681 -1.87992e-12)
(-65.5346 -170.208 -1.78198e-12)
(-67.3388 -171.69 -1.69046e-12)
(-69.1503 -173.128 -1.6311e-12)
(-70.9685 -174.522 -1.54207e-12)
(-72.7927 -175.871 -1.49243e-12)
(-74.6217 -177.175 -1.39932e-12)
(-76.455 -178.434 -1.38579e-12)
(-78.2919 -179.647 -1.35463e-12)
(-80.1316 -180.815 -1.3172e-12)
(-81.9735 -181.938 -1.21956e-12)
(-83.8165 -183.015 -1.19417e-12)
(-85.6601 -184.046 -1.12192e-12)
(-87.5035 -185.032 -1.07348e-12)
(-89.3457 -185.972 -1.02447e-12)
(-91.1862 -186.866 -9.89048e-13)
(-93.0246 -187.714 -9.40383e-13)
(-94.8597 -188.517 -9.0236e-13)
(-96.6904 -189.274 -8.79851e-13)
(-98.5167 -189.986 -8.38988e-13)
(-100.338 -190.652 -8.14219e-13)
(-102.152 -191.272 -7.59271e-13)
(-103.96 -191.847 -7.3426e-13)
(-105.76 -192.376 -7.07227e-13)
(-107.552 -192.86 -6.87725e-13)
(-109.336 -193.3 -6.51226e-13)
(-111.109 -193.695 -6.45873e-13)
(-112.872 -194.045 -6.13464e-13)
(-114.624 -194.351 -5.86743e-13)
(-116.365 -194.613 -5.54699e-13)
(-118.093 -194.831 -5.32644e-13)
(-119.807 -195.004 -5.05833e-13)
(-121.509 -195.135 -5.05097e-13)
(-123.196 -195.223 -4.77244e-13)
(-124.868 -195.268 -4.74239e-13)
(-126.524 -195.27 -4.53502e-13)
(-128.165 -195.23 -4.28678e-13)
(-129.789 -195.149 -4.15818e-13)
(-131.395 -195.026 -3.90733e-13)
(-132.982 -194.862 -4.09047e-13)
(-134.552 -194.656 -3.66989e-13)
(-136.102 -194.411 -3.46841e-13)
(-137.633 -194.126 -3.51222e-13)
(-139.143 -193.801 -3.4147e-13)
(-140.633 -193.437 -3.14794e-13)
(-142.102 -193.035 -3.30967e-13)
(-143.55 -192.595 -3.15728e-13)
(-144.975 -192.117 -2.91198e-13)
(-146.377 -191.601 -2.83381e-13)
(-147.754 -191.051 -2.93572e-13)
(-149.109 -190.465 -2.74114e-13)
(-150.442 -189.842 -2.73399e-13)
(-151.747 -189.186 -2.49978e-13)
(-153.02 -188.505 -2.53748e-13)
(-154.277 -187.78 -2.2314e-13)
(-155.511 -187.019 -2.07107e-13)
(-156.72 -186.224 -2.1124e-13)
(-157.902 -185.398 -2.00959e-13)
(-159.058 -184.539 -1.94166e-13)
(-160.187 -183.649 -1.97676e-13)
(-161.289 -182.728 -1.82738e-13)
(-162.363 -181.777 -1.65778e-13)
(-163.409 -180.797 -1.73704e-13)
(-164.428 -179.788 -1.61193e-13)
(-165.418 -178.751 -1.49696e-13)
(-166.38 -177.686 -1.38812e-13)
(-167.312 -176.594 -1.27239e-13)
(-168.216 -175.475 -1.3563e-13)
(-169.091 -174.331 -1.16208e-13)
(-169.936 -173.161 -1.18019e-13)
(-170.752 -171.967 -1.02641e-13)
(-171.537 -170.749 -1.04753e-13)
(-172.293 -169.508 -9.33074e-14)
(-173.019 -168.244 -9.94337e-14)
(-173.714 -166.958 -9.02388e-14)
(-174.379 -165.65 -8.58632e-14)
(-175.013 -164.321 -8.44153e-14)
(-175.618 -162.972 -8.50943e-14)
(-176.196 -161.605 -8.21283e-14)
(-176.75 -160.225 -8.01608e-14)
(-177.279 -158.834 -7.78596e-14)
(-177.774 -157.427 -6.72506e-14)
(-178.235 -155.999 -6.83713e-14)
(3.80307 -2.75498 -1.20517e-12)
)
;
    }
    inlet
    {
        type            calculated;
        value           uniform (0 0 0);
    }
    rWedge
    {
        type            wedge;
    }
    lWedge
    {
        type            wedge;
    }
    outlet
    {
        type            calculated;
        value           nonuniform 0();
    }
    procBoundary3to2
    {
        type            processor;
        value           uniform (0 0 0);
    }
}


// ************************************************************************* //
