/*--------------------------------*- C++ -*----------------------------------*\
| =========                 |                                                 |
| \\      /  F ield         | OpenFOAM: The Open Source CFD Toolbox           |
|  \\    /   O peration     | Version:  v1706                                 |
|   \\  /    A nd           | Web:      www.OpenFOAM.com                      |
|    \\/     M anipulation  |                                                 |
\*---------------------------------------------------------------------------*/
FoamFile
{
    version     2.0;
    format      ascii;
    class       volVectorField;
    location    "1.4e-05";
    object      wallShearStress;
}
// * * * * * * * * * * * * * * * * * * * * * * * * * * * * * * * * * * * * * //

dimensions      [1 -1 -2 0 0 0 0];


internalField   uniform (0 0 0);

boundaryField
{
    cone
    {
        type            calculated;
        value           nonuniform List<vector> 
119
(
(-3.89937 -8.77162 -3.18944e-10)
(-3.71404 -9.05894 -2.94052e-10)
(-3.58706 -9.31239 -2.47563e-10)
(-3.51083 -9.53679 -1.92193e-10)
(-3.4784 -9.74076 -1.38645e-10)
(-3.48284 -9.93255 -9.36315e-11)
(-3.51858 -10.1208 -5.96527e-11)
(-3.58158 -10.3137 -3.61452e-11)
(-3.66964 -10.5183 -2.10557e-11)
(-3.7826 -10.7402 -1.19748e-11)
(-3.9223 -10.9838 -6.80747e-12)
(-4.09262 -11.2515 -4.00737e-12)
(-4.29936 -11.544 -2.53051e-12)
(-4.55031 -11.8604 -1.76916e-12)
(-4.85524 -12.1971 -1.36311e-12)
(-5.226 -12.5483 -1.13815e-12)
(-5.67664 -12.9042 -9.55557e-13)
(-6.22331 -13.2508 -8.23299e-13)
(-6.88374 -13.5685 -7.02029e-13)
(-7.67577 -13.8314 -6.06091e-13)
(-8.61489 -14.0082 -5.16137e-13)
(-9.71056 -14.0632 -4.19721e-13)
(-10.9625 -13.9606 -3.47449e-13)
(-12.3576 -13.668 -2.56691e-13)
(-13.8691 -13.1602 -1.92569e-13)
(-15.4588 -12.4195 -1.51133e-13)
(-17.0788 -11.436 -1.19062e-13)
(-18.6911 -10.1855 -9.87039e-14)
(-20.1498 -8.6582 -7.31425e-14)
(-21.5204 -6.95772 -4.85725e-14)
(-22.5953 -5.07102 -4.1819e-14)
(-23.3035 -3.14677 -4.47265e-14)
(-23.5732 -1.34541 -1.784e-14)
(-23.3506 0.159864 -2.99794e-14)
(-22.6493 1.2035 -1.39821e-14)
(-21.5619 1.71616 -1.18455e-14)
(-20.2536 1.7602 -1.51418e-15)
(-18.9062 1.48744 -1.29049e-14)
(-17.6659 1.06896 -7.51979e-15)
(-16.6205 0.645683 -5.86039e-15)
(-15.8021 0.308207 -2.3327e-14)
(-15.2011 0.098146 -1.11969e-14)
(-14.7842 0.0211761 -1.57133e-14)
(-14.5085 0.0607277 -2.56634e-14)
(-14.3291 0.188061 -2.00345e-14)
(-14.2062 0.372195 -3.1851e-14)
(-14.1085 0.585759 -1.54832e-14)
(-14.0126 0.805862 7.83198e-15)
(-13.9018 1.0138 -1.0189e-14)
(-13.7644 1.19468 -6.13403e-15)
(-13.5938 1.33742 -6.83597e-15)
(-13.3873 1.43487 -1.25311e-14)
(-13.1454 1.48369 -1.07079e-14)
(-12.8713 1.48367 -7.03373e-15)
(-12.5694 1.43689 -2.32929e-14)
(-12.2449 1.34679 -8.24462e-15)
(-11.9034 1.21768 -2.95473e-15)
(-11.5499 1.05434 -1.52387e-14)
(-11.1895 0.861738 -1.94493e-14)
(-10.8264 0.644653 -1.45333e-14)
(-10.4643 0.407561 -1.23439e-14)
(-10.1066 0.154724 -1.0655e-14)
(-9.75607 -0.10976 -8.5269e-15)
(-9.41541 -0.381998 -1.14383e-14)
(-9.08646 -0.658556 -9.66174e-15)
(-8.77047 -0.936645 -1.57965e-14)
(-8.46818 -1.21407 -1.21217e-14)
(-8.18015 -1.48899 -1.7212e-14)
(-7.90679 -1.75982 -1.63199e-14)
(-7.64838 -2.02515 -1.57503e-14)
(-7.40488 -2.28389 -1.26291e-14)
(-7.17591 -2.53553 -1.34669e-14)
(-6.96032 -2.78078 -1.71827e-14)
(-6.76 -3.01802 -9.98968e-15)
(-6.5706 -3.24648 -1.27937e-14)
(-6.3936 -3.46941 -6.85225e-15)
(-6.22806 -3.68603 -6.49117e-15)
(-6.07303 -3.8966 -1.19193e-14)
(-5.92781 -4.10171 -4.5848e-15)
(-5.79187 -4.3018 -1.71163e-14)
(-5.66488 -4.4971 -7.14843e-15)
(-5.54669 -4.68775 -7.2594e-15)
(-5.43715 -4.87386 -1.21436e-14)
(-5.33609 -5.05557 -1.14973e-14)
(-5.24328 -5.23304 -1.08849e-14)
(-5.15851 -5.40641 4.1248e-16)
(-5.08163 -5.57583 -4.46752e-15)
(-5.01249 -5.74145 -1.7341e-14)
(-4.95093 -5.90348 -1.30915e-14)
(-4.89691 -6.06225 -1.2874e-14)
(-4.85018 -6.21801 -1.13601e-14)
(-4.81072 -6.37118 -1.13378e-14)
(-4.77847 -6.52205 -1.95256e-14)
(-4.75338 -6.6709 -9.5843e-15)
(-4.73531 -6.81788 -9.35926e-15)
(-4.72386 -6.96285 -1.47394e-14)
(-4.7181 -7.10531 -2.84116e-14)
(-4.71629 -7.24412 -2.5955e-15)
(-4.71553 -7.37748 -8.5595e-15)
(-4.7117 -7.50294 2.62788e-15)
(-4.69965 -7.61782 3.23451e-16)
(-4.67432 -7.72006 -1.30709e-14)
(-4.63215 -7.8096 -1.08935e-14)
(-4.57451 -7.88999 -4.14276e-15)
(-4.50882 -7.96871 -2.75146e-14)
(-4.45346 -8.05827 -1.41937e-14)
(-4.43263 -8.17088 -2.41118e-14)
(-4.46268 -8.3094 -2.28781e-14)
(-4.5328 -8.4561 -1.88213e-14)
(-4.60891 -8.58302 -1.52367e-14)
(-4.66052 -8.68335 -1.28981e-14)
(-4.70049 -8.78134 -2.18273e-14)
(-4.77751 -8.91535 -5.50487e-15)
(-4.94986 -9.10317 -2.10256e-14)
(-5.22461 -9.33246 -2.97155e-15)
(-5.54831 -9.5823 -1.67703e-14)
(-6.07068 -9.8376 -1.55663e-14)
(-5.91782 -9.99534 -4.75584e-15)
(-7.40808 -10.4688 -1.01856e-14)
)
;
    }
    inlet
    {
        type            calculated;
        value           uniform (0 0 0);
    }
    rWedge
    {
        type            wedge;
    }
    lWedge
    {
        type            wedge;
    }
    outlet
    {
        type            calculated;
        value           uniform (0 0 0);
    }
    procBoundary0to1
    {
        type            processor;
        value           uniform (0 0 0);
    }
    procBoundary0to2
    {
        type            processor;
        value           uniform (0 0 0);
    }
}


// ************************************************************************* //
