/*--------------------------------*- C++ -*----------------------------------*\
| =========                 |                                                 |
| \\      /  F ield         | OpenFOAM: The Open Source CFD Toolbox           |
|  \\    /   O peration     | Version:  v1706                                 |
|   \\  /    A nd           | Web:      www.OpenFOAM.com                      |
|    \\/     M anipulation  |                                                 |
\*---------------------------------------------------------------------------*/
FoamFile
{
    version     2.0;
    format      ascii;
    class       volVectorField;
    location    "3.8e-05";
    object      wallShearStress;
}
// * * * * * * * * * * * * * * * * * * * * * * * * * * * * * * * * * * * * * //

dimensions      [1 -1 -2 0 0 0 0];


internalField   uniform (0 0 0);

boundaryField
{
    cone
    {
        type            calculated;
        value           nonuniform List<vector> 
181
(
(-4.53049 -2.13807 -2.26919e-15)
(-4.50694 -2.12019 -2.1681e-15)
(-4.48067 -2.10308 -1.8517e-15)
(-4.45144 -2.087 -2.59056e-15)
(-4.41909 -2.07226 -2.63934e-15)
(-4.3836 -2.05913 -2.8108e-15)
(-4.34506 -2.04794 -3.14837e-15)
(-4.30367 -2.03897 -3.49618e-15)
(-4.2598 -2.03252 -3.56575e-15)
(-4.21395 -2.02881 -3.1062e-15)
(-4.16685 -2.02803 -3.46596e-15)
(-4.11937 -2.0303 -3.34577e-15)
(-4.07238 -2.03516 -3.60956e-15)
(-4.02821 -2.04439 -3.53203e-15)
(-3.98377 -2.05486 -3.26562e-15)
(-3.94355 -2.06837 -3.06769e-15)
(-3.90849 -2.08495 -3.43043e-15)
(-3.87833 -2.10352 -3.44061e-15)
(-3.85404 -2.12382 -3.58071e-15)
(-3.83637 -2.14626 -2.34279e-15)
(-3.82523 -2.17049 -2.05401e-15)
(-3.8216 -2.19501 -2.26224e-15)
(-3.82617 -2.22027 -2.7544e-15)
(-3.83936 -2.24538 -2.67692e-15)
(-3.86107 -2.26978 -3.0099e-15)
(-3.89098 -2.29301 -2.7761e-15)
(-3.92854 -2.31466 -3.1121e-15)
(-3.97304 -2.33436 -3.2786e-15)
(-4.02359 -2.3518 -3.82831e-15)
(-4.07917 -2.36675 -4.27859e-15)
(-4.13862 -2.37908 -3.82481e-15)
(-4.20073 -2.38874 -2.9842e-15)
(-4.26428 -2.39582 -3.55202e-15)
(-4.32807 -2.40052 -4.09883e-15)
(-4.39108 -2.40314 -2.19573e-15)
(-4.45249 -2.4041 -2.63505e-15)
(-4.51181 -2.40389 -1.5069e-15)
(-4.56899 -2.40303 -2.75825e-15)
(-4.6244 -2.40207 -3.15493e-15)
(-4.67897 -2.40152 -3.85689e-15)
(-4.7341 -2.40181 -2.32291e-15)
(-4.79169 -2.40328 -2.25186e-15)
(-4.85403 -2.40616 -2.22488e-15)
(-4.92379 -2.4105 -4.08366e-15)
(-5.00387 -2.41623 -4.5002e-15)
(-5.0973 -2.42311 -3.32649e-15)
(-5.20713 -2.43072 -3.50686e-15)
(-5.3363 -2.43842 -2.16389e-15)
(-5.48758 -2.44525 -3.14045e-15)
(-5.66328 -2.4497 -2.01796e-15)
(-5.86542 -2.45015 -1.42905e-15)
(-6.09291 -2.44544 -1.80927e-15)
(-6.3504 -2.43755 -2.90604e-15)
(-6.63403 -2.41667 -3.33277e-15)
(-6.94213 -2.38235 -4.09203e-15)
(-7.27073 -2.33171 -3.96066e-15)
(-7.61343 -2.26071 -2.34347e-15)
(-7.96107 -2.16536 -2.32036e-15)
(-8.30131 -2.04213 -2.41113e-15)
(-8.61843 -1.88861 -2.90734e-15)
(-8.89381 -1.70405 -3.0153e-15)
(-9.10653 -1.48584 -2.73746e-15)
(-9.24822 -1.22744 -2.7125e-15)
(-9.28844 -0.9559 -2.22482e-15)
(-9.21106 -0.667498 -2.58913e-15)
(-8.99707 -0.374109 -2.00874e-15)
(-8.64965 -0.0881235 -2.21301e-15)
(-8.18158 0.178934 -3.24394e-15)
(-7.61515 0.413778 -1.90732e-15)
(-6.97315 0.601819 -2.20781e-15)
(-6.29084 0.75306 -2.96694e-15)
(-5.59648 0.868844 -2.5079e-15)
(-4.91379 0.951888 -2.52432e-15)
(-4.2592 1.00625 -2.1383e-15)
(-3.64653 1.03746 -2.07568e-15)
(-3.08842 1.05428 -1.61551e-15)
(-2.58318 1.05309 -1.70648e-15)
(-2.13059 1.03857 -1.72418e-15)
(-1.72885 1.0149 -1.373e-15)
(-1.37498 0.985096 -2.5167e-15)
(-1.06526 0.951428 -2.74949e-15)
(-0.795678 0.915639 -2.05015e-15)
(-0.562193 0.878977 -2.23207e-15)
(-0.360815 0.842262 -2.23986e-15)
(-0.187675 0.805973 -2.11292e-15)
(-0.0390735 0.770369 -1.97601e-15)
(0.0884355 0.735604 -1.71426e-15)
(0.197961 0.701756 -2.17027e-15)
(0.292272 0.668802 -2.25829e-15)
(0.373816 0.636615 -1.91828e-15)
(0.444777 0.604995 -2.56742e-15)
(0.506978 0.573654 -2.51453e-15)
(0.562158 0.542092 -2.72903e-15)
(0.611278 0.510516 -2.37266e-15)
(0.656582 0.480337 -2.66291e-15)
(0.697615 0.448467 -2.5102e-15)
(0.736003 0.415828 -2.21161e-15)
(0.772294 0.382629 -2.29086e-15)
(0.806862 0.348738 -1.54172e-15)
(0.84 0.314123 -1.20752e-15)
(0.871906 0.278825 -1.79638e-15)
(0.902695 0.242918 -1.89142e-15)
(0.932418 0.206508 -1.382e-15)
(0.961086 0.169725 -1.57331e-15)
(0.988679 0.132716 -9.01427e-16)
(1.01517 0.0956406 -1.51519e-15)
(1.04052 0.0586649 -7.39824e-16)
(1.06472 0.0219567 -1.16509e-15)
(1.08773 -0.0143179 -1.22294e-15)
(1.10957 -0.0499975 -1.47303e-15)
(1.13023 -0.0849259 -1.31284e-15)
(1.14976 -0.118955 -1.52674e-15)
(1.16818 -0.151946 -1.14186e-15)
(1.18555 -0.183744 -6.49318e-16)
(1.2019 -0.214289 -7.46042e-16)
(1.21732 -0.243395 -8.21039e-16)
(1.23191 -0.270971 -1.90653e-15)
(1.24574 -0.296977 -1.04568e-15)
(1.25884 -0.32126 -2.85913e-15)
(1.27131 -0.34376 -2.77804e-15)
(1.28325 -0.364416 -2.72818e-15)
(1.29473 -0.383169 -2.9194e-15)
(1.30584 -0.39998 -2.35853e-15)
(1.31663 -0.414819 -2.63418e-15)
(1.32715 -0.427665 -2.28268e-15)
(1.33744 -0.438507 -3.32733e-15)
(1.34757 -0.447349 -1.77918e-15)
(1.35759 -0.454215 -3.15777e-15)
(1.36756 -0.459149 -2.0195e-15)
(1.37751 -0.462216 -3.69835e-15)
(1.38749 -0.463495 -3.58062e-15)
(1.3975 -0.463079 -2.41314e-15)
(1.40756 -0.46108 -1.72557e-15)
(1.41767 -0.457619 -2.92228e-15)
(1.42781 -0.452831 -2.67443e-15)
(1.43798 -0.446866 -2.97068e-15)
(1.44812 -0.439878 -3.4392e-15)
(1.4582 -0.432034 -3.46882e-15)
(1.46814 -0.423498 -3.75707e-15)
(1.47788 -0.414439 -2.25473e-15)
(1.48732 -0.405023 -1.5564e-15)
(1.49635 -0.395406 -3.18475e-15)
(1.50486 -0.385735 -3.49022e-15)
(1.51271 -0.376146 -3.3688e-15)
(1.51976 -0.366754 -2.41421e-15)
(1.52583 -0.357658 -2.42211e-15)
(1.53075 -0.348936 -2.36883e-15)
(1.53433 -0.340637 -2.72734e-15)
(1.53637 -0.332775 -3.9816e-15)
(1.53661 -0.325322 -3.2714e-15)
(1.53491 -0.318626 -2.55857e-15)
(1.531 -0.311889 -1.63497e-15)
(1.52497 -0.305687 -9.77318e-16)
(1.51627 -0.299666 -1.77707e-15)
(1.50474 -0.293828 -1.05752e-15)
(1.49023 -0.288062 -6.32892e-16)
(1.47258 -0.28226 -1.17458e-15)
(1.45164 -0.276327 -2.68008e-15)
(1.42728 -0.270181 -5.21789e-15)
(1.3994 -0.26376 -1.0053e-14)
(1.36794 -0.257024 -2.1854e-14)
(1.33287 -0.249971 -4.54527e-14)
(1.2942 -0.24263 -9.09837e-14)
(1.25198 -0.235075 -1.69931e-13)
(1.20631 -0.227426 -3.01706e-13)
(1.1573 -0.219845 -5.21561e-13)
(1.10513 -0.212536 -8.71536e-13)
(1.04998 -0.205741 -1.39897e-12)
(0.99208 -0.199724 -2.17413e-12)
(0.931648 -0.194767 -3.26678e-12)
(0.868919 -0.191144 -4.75492e-12)
(0.804112 -0.189107 -6.7065e-12)
(0.73743 -0.188866 -9.16346e-12)
(0.669039 -0.190557 -1.2126e-11)
(0.599058 -0.19423 -1.55396e-11)
(0.527562 -0.199828 -1.92821e-11)
(0.45457 -0.20717 -2.31598e-11)
(0.38005 -0.215958 -2.69124e-11)
(0.303931 -0.225771 -3.02397e-11)
(0.226125 -0.236066 -3.28421e-11)
(0.146619 -0.246109 -3.44574e-11)
)
;
    }
    inlet
    {
        type            calculated;
        value           uniform (0 0 0);
    }
    rWedge
    {
        type            wedge;
    }
    lWedge
    {
        type            wedge;
    }
    outlet
    {
        type            calculated;
        value           nonuniform 0();
    }
    procBoundary1to0
    {
        type            processor;
        value           uniform (0 0 0);
    }
    procBoundary1to2
    {
        type            processor;
        value           uniform (0 0 0);
    }
}


// ************************************************************************* //
