/*--------------------------------*- C++ -*----------------------------------*\
| =========                 |                                                 |
| \\      /  F ield         | OpenFOAM: The Open Source CFD Toolbox           |
|  \\    /   O peration     | Version:  v1706                                 |
|   \\  /    A nd           | Web:      www.OpenFOAM.com                      |
|    \\/     M anipulation  |                                                 |
\*---------------------------------------------------------------------------*/
FoamFile
{
    version     2.0;
    format      ascii;
    class       volVectorField;
    location    "3.3e-05";
    object      wallShearStress;
}
// * * * * * * * * * * * * * * * * * * * * * * * * * * * * * * * * * * * * * //

dimensions      [1 -1 -2 0 0 0 0];


internalField   uniform (0 0 0);

boundaryField
{
    cone
    {
        type            calculated;
        value           nonuniform List<vector> 
119
(
(-8.26644 -0.948575 -2.97657e-11)
(-8.17251 -0.588863 -3.31288e-11)
(-8.0371 -0.239435 -3.53466e-11)
(-7.8614 0.0940825 -3.61852e-11)
(-7.64714 0.405873 -3.55857e-11)
(-7.39665 0.690111 -3.36528e-11)
(-7.11287 0.941307 -3.0654e-11)
(-6.79943 1.15465 -2.69258e-11)
(-6.46065 1.3264 -2.28352e-11)
(-6.10148 1.45415 -1.8712e-11)
(-5.72745 1.53707 -1.48212e-11)
(-5.34446 1.57604 -1.13457e-11)
(-4.95864 1.57354 -8.37899e-12)
(-4.576 1.53341 -5.95385e-12)
(-4.20228 1.46059 -4.04364e-12)
(-3.84263 1.36061 -2.59375e-12)
(-3.5015 1.23931 -1.52031e-12)
(-3.18248 1.10237 -7.61762e-13)
(-2.88834 0.955133 -2.42108e-13)
(-2.62109 0.802491 9.48519e-14)
(-2.38207 0.648853 3.03437e-13)
(-2.17212 0.498191 4.25579e-13)
(-1.99142 0.3539 4.83268e-13)
(-1.83976 0.21867 5.0775e-13)
(-1.71627 0.0926357 5.03198e-13)
(-1.6229 -0.0184009 4.82195e-13)
(-1.55377 -0.109167 4.54837e-13)
(-1.51417 -0.183658 4.239e-13)
(-1.49798 -0.239167 3.96187e-13)
(-1.50287 -0.277745 3.71612e-13)
(-1.52699 -0.296075 3.46157e-13)
(-1.57033 -0.293324 3.21857e-13)
(-1.62906 -0.270471 3.08331e-13)
(-1.70043 -0.228574 2.87675e-13)
(-1.77841 -0.165508 2.75163e-13)
(-1.86629 -0.087029 2.60793e-13)
(-1.95599 0.00701077 2.49326e-13)
(-2.0415 0.114651 2.33035e-13)
(-2.12125 0.232324 2.20319e-13)
(-2.19189 0.357173 2.06793e-13)
(-2.24901 0.485717 1.89097e-13)
(-2.28942 0.614172 1.78907e-13)
(-2.31039 0.73944 1.64811e-13)
(-2.3094 0.857726 1.49688e-13)
(-2.28447 0.965394 1.38469e-13)
(-2.23425 1.05904 1.23569e-13)
(-2.15817 1.13561 1.1765e-13)
(-2.05646 1.19261 1.12221e-13)
(-1.93014 1.22814 9.59544e-14)
(-1.78106 1.24097 8.67288e-14)
(-1.61179 1.23064 7.68466e-14)
(-1.42558 1.19751 6.703e-14)
(-1.22624 1.14273 5.99938e-14)
(-1.01794 1.06813 5.35092e-14)
(-0.804929 0.975927 4.2924e-14)
(-0.59137 0.868602 4.1865e-14)
(-0.381782 0.749075 3.75192e-14)
(-0.179813 0.617398 2.90233e-14)
(0.00395686 0.483877 2.37739e-14)
(0.178584 0.356121 2.12367e-14)
(0.327753 0.227445 1.93426e-14)
(0.453447 0.106901 1.76371e-14)
(0.55349 -0.00197761 1.50275e-14)
(0.626062 -0.0963352 1.14823e-14)
(0.670368 -0.174381 9.68829e-15)
(0.687179 -0.232513 5.89667e-15)
(0.676344 -0.270288 5.54848e-15)
(0.637722 -0.284437 2.63428e-15)
(0.573553 -0.273131 1.71787e-15)
(0.488072 -0.237075 6.58947e-16)
(0.386816 -0.178407 4.62689e-16)
(0.276621 -0.100939 -6.31021e-16)
(0.166012 -0.0110762 -1.48188e-15)
(0.0646821 0.0828535 1.25034e-16)
(-0.0190131 0.175696 -9.07633e-16)
(-0.0767211 0.251859 1.65791e-16)
(-0.100098 0.301102 -3.07096e-16)
(-0.0915861 0.324668 -1.83556e-15)
(-0.0441245 0.30739 1.03131e-16)
(0.0391906 0.246034 -3.88047e-15)
(0.150695 0.142778 -2.43201e-16)
(0.282478 -0.00083101 -4.07449e-16)
(0.42478 -0.179263 -2.77425e-15)
(0.567596 -0.384004 -2.11154e-15)
(0.702289 -0.60677 -1.3756e-15)
(0.821921 -0.840674 2.35586e-15)
(0.919286 -1.07829 -2.80837e-17)
(0.99065 -1.31472 -4.44373e-15)
(1.02954 -1.5468 -2.54321e-15)
(1.03178 -1.77206 -2.41457e-15)
(0.993163 -1.98814 -2.4665e-15)
(0.909692 -2.19269 -2.81945e-15)
(0.777965 -2.38255 -5.81269e-15)
(0.595188 -2.55351 -2.69639e-15)
(0.359248 -2.69996 -2.97118e-15)
(0.0691965 -2.81489 -5.04757e-15)
(-0.274683 -2.88985 -9.31315e-15)
(-0.670281 -2.91534 -2.88244e-16)
(-1.11284 -2.88107 -1.62148e-15)
(-1.59491 -2.77654 4.00064e-15)
(-2.10596 -2.5913 2.62494e-15)
(-2.64028 -2.30472 -2.38648e-15)
(-3.14647 -1.91651 -3.78859e-16)
(-3.67155 -1.44904 1.16995e-15)
(-4.12904 -0.876431 -7.94238e-15)
(-4.5076 -0.233131 -4.20066e-15)
(-4.77463 0.424143 -6.77498e-15)
(-4.89017 1.02699 -6.15744e-15)
(-4.82766 1.49728 -5.73283e-15)
(-4.58612 1.7597 -4.04784e-15)
(-4.19752 1.78372 -3.20927e-15)
(-3.72401 1.59588 -4.68524e-15)
(-3.23385 1.25988 7.49783e-16)
(-2.78099 0.852355 -3.81183e-15)
(-2.3966 0.435298 -5.73773e-17)
(-2.03809 0.0756675 -4.01991e-15)
(-1.8198 -0.246109 -3.58372e-15)
(-1.47012 -0.45872 -1.87389e-15)
(-1.47591 -0.580567 -3.1492e-15)
)
;
    }
    inlet
    {
        type            calculated;
        value           uniform (0 0 0);
    }
    rWedge
    {
        type            wedge;
    }
    lWedge
    {
        type            wedge;
    }
    outlet
    {
        type            calculated;
        value           uniform (0 0 0);
    }
    procBoundary0to1
    {
        type            processor;
        value           uniform (0 0 0);
    }
    procBoundary0to2
    {
        type            processor;
        value           uniform (0 0 0);
    }
}


// ************************************************************************* //
