/*--------------------------------*- C++ -*----------------------------------*\
| =========                 |                                                 |
| \\      /  F ield         | OpenFOAM: The Open Source CFD Toolbox           |
|  \\    /   O peration     | Version:  v1706                                 |
|   \\  /    A nd           | Web:      www.OpenFOAM.com                      |
|    \\/     M anipulation  |                                                 |
\*---------------------------------------------------------------------------*/
FoamFile
{
    version     2.0;
    format      ascii;
    class       volVectorField;
    location    "1.7e-05";
    object      wallShearStress;
}
// * * * * * * * * * * * * * * * * * * * * * * * * * * * * * * * * * * * * * //

dimensions      [1 -1 -2 0 0 0 0];


internalField   uniform (0 0 0);

boundaryField
{
    cone
    {
        type            calculated;
        value           nonuniform List<vector> 
153
(
(-178.654 -154.546 -6.17217e-14)
(-179.04 -153.069 -5.01072e-14)
(-179.399 -151.582 -4.96961e-14)
(-179.729 -150.083 -5.61128e-14)
(-180.03 -148.572 -4.69283e-14)
(-180.301 -147.048 -4.11145e-14)
(-180.542 -145.512 -5.11508e-14)
(-180.753 -143.965 -4.08069e-14)
(-180.934 -142.407 -3.71744e-14)
(-181.085 -140.838 -3.68113e-14)
(-181.205 -139.26 -3.8318e-14)
(-181.296 -137.673 -3.47989e-14)
(-181.357 -136.077 -3.98255e-14)
(-181.388 -134.473 -3.43295e-14)
(-181.39 -132.862 -2.74325e-14)
(-181.362 -131.244 -2.63151e-14)
(-181.304 -129.62 -3.17691e-14)
(-181.218 -127.991 -2.18238e-14)
(-181.101 -126.356 -2.22638e-14)
(-180.956 -124.717 -2.40034e-14)
(-180.781 -123.073 -1.96804e-14)
(-180.577 -121.426 -1.95666e-14)
(-180.343 -119.776 -1.03686e-14)
(-180.08 -118.123 -8.5133e-15)
(-179.786 -116.468 -9.76319e-15)
(-179.462 -114.81 -4.66734e-15)
(-179.108 -113.151 -1.23424e-14)
(-178.723 -111.491 -1.13276e-14)
(-178.305 -109.828 -4.42425e-15)
(-177.854 -108.165 -4.2446e-15)
(-177.368 -106.501 -1.03777e-14)
(-176.847 -104.836 -3.12232e-15)
(-176.287 -103.169 -7.19827e-15)
(-175.686 -101.501 2.41198e-15)
(-175.041 -99.831 7.97498e-16)
(-174.349 -98.1581 -2.38199e-16)
(-173.603 -96.4815 1.62288e-16)
(-172.799 -94.7998 -3.08418e-15)
(-171.93 -93.1141 -3.6362e-15)
(-170.983 -91.4194 2.28459e-16)
(-169.949 -89.712 3.59336e-15)
(-168.813 -87.9884 1.06191e-15)
(-167.551 -86.2492 6.96117e-15)
(-166.14 -84.4882 5.82649e-15)
(-164.546 -82.6994 5.3551e-15)
(-162.71 -80.88 5.77113e-15)
(-160.58 -79.0151 4.68575e-15)
(-157.947 -77.1472 8.38394e-15)
(-154.785 -75.0812 8.50763e-15)
(-151.807 -73.3713 1.09755e-14)
(-149.15 -71.983 6.33775e-15)
(-146.701 -70.7533 5.92986e-15)
(-144.41 -69.6083 7.01237e-15)
(-142.24 -68.5512 6.77151e-15)
(-140.169 -67.5608 7.34399e-15)
(-138.18 -66.6187 8.08379e-15)
(-136.259 -65.7156 5.42909e-15)
(-134.397 -64.8454 6.32755e-15)
(-132.584 -64.0032 7.80195e-15)
(-130.816 -63.1849 4.73423e-15)
(-129.087 -62.3875 8.41814e-15)
(-127.393 -61.6082 9.65312e-15)
(-125.73 -60.845 7.59057e-15)
(-124.096 -60.096 7.34358e-15)
(-122.488 -59.3598 6.03592e-15)
(-120.904 -58.6351 9.75489e-15)
(-119.343 -57.9209 1.25487e-14)
(-117.804 -57.2162 1.35204e-14)
(-116.284 -56.5204 9.18533e-15)
(-114.784 -55.8329 8.08196e-15)
(-113.301 -55.153 1.3046e-14)
(-111.837 -54.4805 1.44662e-14)
(-110.39 -53.8149 1.66673e-14)
(-108.959 -53.1559 1.72106e-14)
(-107.544 -52.5034 1.37793e-14)
(-106.146 -51.8571 1.2204e-14)
(-104.763 -51.2168 1.30409e-14)
(-103.396 -50.5826 1.38655e-14)
(-102.045 -49.9543 1.15223e-14)
(-100.709 -49.3319 1.02267e-14)
(-99.388 -48.7153 1.22883e-14)
(-98.0826 -48.1046 1.27448e-14)
(-96.7924 -47.4997 1.34176e-14)
(-95.5176 -46.9007 1.53736e-14)
(-94.2581 -46.3076 1.13299e-14)
(-93.0139 -45.7204 1.35617e-14)
(-91.7852 -45.1393 1.49587e-14)
(-90.5719 -44.5642 1.30137e-14)
(-89.3741 -43.9952 1.12829e-14)
(-88.1918 -43.4323 1.25222e-14)
(-87.0252 -42.8756 1.09165e-14)
(-85.8741 -42.3252 1.39958e-14)
(-84.7388 -41.7811 1.77395e-14)
(-83.6191 -41.2434 1.40966e-14)
(-82.5152 -40.7121 1.55094e-14)
(-81.4271 -40.1872 1.3464e-14)
(-80.3548 -39.6688 9.39823e-15)
(-79.2983 -39.157 1.29266e-14)
(-78.2576 -38.6518 1.41474e-14)
(-77.2328 -38.1532 2.13922e-14)
(-76.2239 -37.6613 1.32965e-14)
(-75.2308 -37.1761 2.00836e-14)
(-74.2535 -36.6975 1.4187e-14)
(-73.292 -36.2257 1.03683e-14)
(-72.3463 -35.7607 1.66664e-14)
(-71.4163 -35.3024 1.14667e-14)
(-70.502 -34.8508 8.23506e-15)
(-69.6033 -34.4061 6.45385e-15)
(-68.7202 -33.9681 1.40519e-14)
(-67.8526 -33.5368 1.2716e-14)
(-67.0003 -33.1123 1.42896e-14)
(-66.1632 -32.6945 6.36049e-15)
(-65.3414 -32.2834 1.61916e-14)
(-64.5345 -31.879 1.39336e-14)
(-63.7426 -31.4812 1.3115e-14)
(-62.9653 -31.09 1.29276e-14)
(-62.2027 -30.7054 8.82775e-15)
(-61.4544 -30.3274 8.19731e-15)
(-60.7204 -29.9558 1.02365e-14)
(-60.0004 -29.5907 6.82191e-15)
(-59.2942 -29.2319 5.71043e-15)
(-58.6017 -28.8795 1.00122e-14)
(-57.9226 -28.5334 4.35179e-15)
(-57.2568 -28.1935 8.22056e-16)
(-56.6039 -27.8597 5.42055e-15)
(-55.9638 -27.5321 6.20296e-15)
(-55.3364 -27.2105 3.53266e-17)
(-54.7212 -26.8948 3.88532e-15)
(-54.1183 -26.5851 1.85628e-15)
(-53.5273 -26.2812 -9.76669e-16)
(-52.9481 -25.983 -2.95588e-16)
(-52.3804 -25.6905 3.28482e-16)
(-51.8241 -25.4035 4.74589e-15)
(-51.279 -25.122 1.24147e-15)
(-50.7448 -24.8459 3.82307e-15)
(-50.2213 -24.5752 7.45086e-15)
(-49.7083 -24.3096 -1.53792e-17)
(-49.2056 -24.0493 3.52985e-15)
(-48.7128 -23.7941 2.11717e-15)
(-48.2299 -23.5442 -3.49536e-15)
(-47.7566 -23.2996 -8.34996e-15)
(-47.2929 -23.0603 -8.60487e-15)
(-46.8389 -22.8264 -5.37485e-15)
(-46.3947 -22.5978 -1.48028e-15)
(-45.9606 -22.3744 -3.75601e-15)
(-45.537 -22.1559 -8.8469e-15)
(-45.1242 -21.9419 -5.7355e-15)
(-44.7223 -21.7318 -4.286e-15)
(-44.3312 -21.5247 -8.07842e-15)
(-43.9505 -21.3198 -1.18834e-14)
(-43.5791 -21.1164 -9.72595e-15)
(-43.2154 -20.9138 -1.22742e-14)
(-42.8574 -20.7119 -4.99192e-15)
)
;
    }
    inlet
    {
        type            calculated;
        value           uniform (0 0 0);
    }
    rWedge
    {
        type            wedge;
    }
    lWedge
    {
        type            wedge;
    }
    outlet
    {
        type            calculated;
        value           nonuniform 0();
    }
    procBoundary2to0
    {
        type            processor;
        value           uniform (0 0 0);
    }
    procBoundary2to1
    {
        type            processor;
        value           uniform (0 0 0);
    }
    procBoundary2to3
    {
        type            processor;
        value           uniform (0 0 0);
    }
}


// ************************************************************************* //
