/*--------------------------------*- C++ -*----------------------------------*\
| =========                 |                                                 |
| \\      /  F ield         | OpenFOAM: The Open Source CFD Toolbox           |
|  \\    /   O peration     | Version:  v1706                                 |
|   \\  /    A nd           | Web:      www.OpenFOAM.com                      |
|    \\/     M anipulation  |                                                 |
\*---------------------------------------------------------------------------*/
FoamFile
{
    version     2.0;
    format      ascii;
    class       volVectorField;
    location    "3.4e-05";
    object      wallShearStress;
}
// * * * * * * * * * * * * * * * * * * * * * * * * * * * * * * * * * * * * * //

dimensions      [1 -1 -2 0 0 0 0];


internalField   uniform (0 0 0);

boundaryField
{
    cone
    {
        type            calculated;
        value           nonuniform List<vector> 
147
(
(-0.641977 -1.96797 -9.78718e-13)
(-0.662442 -3.00581 -1.37147e-12)
(-0.716041 -4.21444 -2.2756e-12)
(-0.767903 -5.36462 -2.81072e-12)
(-0.840916 -6.56359 -3.34126e-12)
(-0.923382 -7.73654 -3.81636e-12)
(-1.02217 -8.92498 -4.25895e-12)
(-1.13307 -10.1031 -4.63197e-12)
(-1.25856 -11.2837 -4.96557e-12)
(-1.39719 -12.4591 -5.16927e-12)
(-1.54971 -13.6325 -5.41526e-12)
(-1.71565 -14.8019 -5.60572e-12)
(-1.89517 -15.9676 -5.73247e-12)
(-2.08809 -17.1291 -5.78868e-12)
(-2.2944 -18.2862 -5.81235e-12)
(-2.514 -19.4385 -5.78644e-12)
(-2.74681 -20.5859 -5.78193e-12)
(-2.99274 -21.7281 -5.77258e-12)
(-3.25169 -22.8646 -5.71e-12)
(-3.52356 -23.9954 -5.63727e-12)
(-3.80824 -25.1199 -5.55208e-12)
(-4.10562 -26.238 -5.42641e-12)
(-4.41558 -27.3494 -5.31893e-12)
(-4.73799 -28.4536 -5.2062e-12)
(-5.07273 -29.5505 -5.04577e-12)
(-5.41965 -30.6397 -4.90808e-12)
(-5.77861 -31.7209 -4.75829e-12)
(-6.14947 -32.7938 -4.62562e-12)
(-6.53207 -33.8581 -4.46877e-12)
(-6.92631 -34.9135 -4.3117e-12)
(-7.33271 -35.9593 -4.17965e-12)
(-7.75117 -36.995 -4.03367e-12)
(-8.17947 -38.0217 -3.87655e-12)
(-8.61856 -39.0384 -3.743e-12)
(-9.06838 -40.0449 -3.59879e-12)
(-9.52873 -41.0409 -3.47862e-12)
(-9.99947 -42.026 -3.34115e-12)
(-10.4803 -43 -3.20241e-12)
(-10.9712 -43.9627 -3.06721e-12)
(-11.4719 -44.9138 -2.93438e-12)
(-11.9821 -45.8531 -2.82288e-12)
(-12.5018 -46.7804 -2.7404e-12)
(-13.0307 -47.6952 -2.63733e-12)
(-13.5687 -48.597 -2.5146e-12)
(-14.1153 -49.4866 -2.41253e-12)
(-14.6703 -50.3633 -2.3217e-12)
(-15.2336 -51.227 -2.24126e-12)
(-15.8048 -52.0774 -2.14222e-12)
(-16.3839 -52.9141 -2.05831e-12)
(-16.9709 -53.7373 -1.96481e-12)
(-17.5651 -54.5467 -1.89359e-12)
(-18.1664 -55.3417 -1.81847e-12)
(-18.7748 -56.1227 -1.75582e-12)
(-19.3893 -56.8897 -1.67747e-12)
(-20.009 -57.6425 -1.61379e-12)
(-20.6323 -58.3815 -1.54991e-12)
(-21.2591 -59.1072 -1.49726e-12)
(-21.8965 -59.815 -1.43315e-12)
(-22.5409 -60.5063 -1.38798e-12)
(-23.1902 -61.182 -1.3297e-12)
(-23.8443 -61.8425 -1.27671e-12)
(-24.503 -62.4875 -1.23459e-12)
(-25.1659 -63.1169 -1.20078e-12)
(-25.833 -63.7306 -1.16608e-12)
(-26.5039 -64.3284 -1.11202e-12)
(-27.1783 -64.9104 -1.06311e-12)
(-27.8561 -65.4764 -1.02518e-12)
(-28.5368 -66.0262 -9.78313e-13)
(-29.2203 -66.5599 -9.49819e-13)
(-29.9064 -67.0773 -9.07673e-13)
(-30.5947 -67.5784 -8.93361e-13)
(-31.2848 -68.0631 -8.67915e-13)
(-31.9768 -68.5313 -8.4474e-13)
(-32.6702 -68.983 -7.95592e-13)
(-33.3647 -69.4182 -7.76054e-13)
(-34.0602 -69.8369 -7.40889e-13)
(-34.7563 -70.239 -7.12267e-13)
(-35.4528 -70.6245 -6.86424e-13)
(-36.1494 -70.9933 -6.67865e-13)
(-36.8458 -71.3454 -6.40646e-13)
(-37.5418 -71.6807 -6.19202e-13)
(-38.2371 -71.9994 -6.04038e-13)
(-38.9315 -72.3015 -5.81853e-13)
(-39.6247 -72.587 -5.69136e-13)
(-40.3165 -72.8559 -5.39107e-13)
(-41.0066 -73.1081 -5.27243e-13)
(-41.6947 -73.3438 -5.09362e-13)
(-42.3806 -73.5629 -4.98106e-13)
(-43.064 -73.7656 -4.80797e-13)
(-43.7448 -73.9518 -4.72176e-13)
(-44.4223 -74.1214 -4.53735e-13)
(-45.0969 -74.2746 -4.40018e-13)
(-45.768 -74.4118 -4.21613e-13)
(-46.4354 -74.5328 -4.07568e-13)
(-47.0988 -74.6377 -3.92051e-13)
(-47.7581 -74.7265 -3.86539e-13)
(-48.413 -74.7994 -3.70532e-13)
(-49.0633 -74.8563 -3.65773e-13)
(-49.7085 -74.8972 -3.54006e-13)
(-50.3488 -74.9225 -3.40734e-13)
(-50.9837 -74.9325 -3.32172e-13)
(-51.613 -74.927 -3.19738e-13)
(-52.2366 -74.9061 -3.20385e-13)
(-52.8541 -74.87 -3.01062e-13)
(-53.4656 -74.8188 -2.89832e-13)
(-54.0707 -74.7525 -2.89215e-13)
(-54.6691 -74.6714 -2.79993e-13)
(-55.2609 -74.5756 -2.6811e-13)
(-55.8455 -74.4649 -2.70701e-13)
(-56.4231 -74.3399 -2.60282e-13)
(-56.9933 -74.2009 -2.46884e-13)
(-57.556 -74.0479 -2.42568e-13)
(-58.1109 -73.881 -2.42426e-13)
(-58.6581 -73.7003 -2.32012e-13)
(-59.1972 -73.5059 -2.2822e-13)
(-59.7281 -73.2981 -2.15969e-13)
(-60.2506 -73.0771 -2.16235e-13)
(-60.7647 -72.8429 -2.02889e-13)
(-61.2701 -72.5958 -1.93159e-13)
(-61.7666 -72.3361 -1.93351e-13)
(-62.2542 -72.0638 -1.86169e-13)
(-62.7328 -71.7792 -1.82831e-13)
(-63.2021 -71.4825 -1.83511e-13)
(-63.662 -71.1738 -1.74685e-13)
(-64.1125 -70.8534 -1.65983e-13)
(-64.5534 -70.5215 -1.67545e-13)
(-64.9846 -70.1783 -1.6017e-13)
(-65.4059 -69.8239 -1.53968e-13)
(-65.8173 -69.4587 -1.49086e-13)
(-66.2187 -69.0828 -1.43153e-13)
(-66.61 -68.6964 -1.43014e-13)
(-66.9911 -68.2998 -1.34735e-13)
(-67.3618 -67.8931 -1.34027e-13)
(-67.7222 -67.4766 -1.25963e-13)
(-68.0721 -67.0505 -1.24483e-13)
(-68.4115 -66.6151 -1.18971e-13)
(-68.7404 -66.1705 -1.19525e-13)
(-69.0585 -65.717 -1.14312e-13)
(-69.3661 -65.2547 -1.10994e-13)
(-69.6631 -64.784 -1.09262e-13)
(-69.9499 -64.3052 -1.08577e-13)
(-70.2264 -63.819 -1.06037e-13)
(-70.4925 -63.3258 -1.04345e-13)
(-70.7478 -62.8257 -1.01739e-13)
(-70.9909 -62.3183 -9.65365e-14)
(-71.2228 -61.8027 -9.54789e-14)
(-0.700695 -0.958522 -3.78571e-13)
)
;
    }
    inlet
    {
        type            calculated;
        value           uniform (0 0 0);
    }
    rWedge
    {
        type            wedge;
    }
    lWedge
    {
        type            wedge;
    }
    outlet
    {
        type            calculated;
        value           nonuniform 0();
    }
    procBoundary3to2
    {
        type            processor;
        value           uniform (0 0 0);
    }
}


// ************************************************************************* //
