/*--------------------------------*- C++ -*----------------------------------*\
| =========                 |                                                 |
| \\      /  F ield         | OpenFOAM: The Open Source CFD Toolbox           |
|  \\    /   O peration     | Version:  v1706                                 |
|   \\  /    A nd           | Web:      www.OpenFOAM.com                      |
|    \\/     M anipulation  |                                                 |
\*---------------------------------------------------------------------------*/
FoamFile
{
    version     2.0;
    format      ascii;
    class       volVectorField;
    location    "1.9e-05";
    object      wallShearStress;
}
// * * * * * * * * * * * * * * * * * * * * * * * * * * * * * * * * * * * * * //

dimensions      [1 -1 -2 0 0 0 0];


internalField   uniform (0 0 0);

boundaryField
{
    cone
    {
        type            calculated;
        value           nonuniform List<vector> 
181
(
(-3.4767 -2.56985 -7.63597e-15)
(-3.22159 -2.51246 -6.8838e-15)
(-2.98135 -2.45723 -6.60343e-15)
(-2.75572 -2.40403 -7.57326e-15)
(-2.54392 -2.3528 -7.53415e-15)
(-2.3449 -2.30361 -7.87461e-15)
(-2.15749 -2.25653 -8.0744e-15)
(-1.98041 -2.21172 -8.48096e-15)
(-1.81211 -2.16964 -8.45304e-15)
(-1.65066 -2.13017 -7.76784e-15)
(-1.5001 -2.08965 -8.14018e-15)
(-1.35672 -2.05386 -7.88642e-15)
(-1.21967 -2.02171 -8.20348e-15)
(-1.08843 -1.99269 -7.99757e-15)
(-0.962553 -1.96663 -7.7518e-15)
(-0.841707 -1.94347 -7.43195e-15)
(-0.725625 -1.92317 -7.80037e-15)
(-0.614128 -1.90564 -7.69734e-15)
(-0.507054 -1.89084 -7.87064e-15)
(-0.404136 -1.87872 -6.10266e-15)
(-0.305473 -1.86939 -5.78657e-15)
(-0.211113 -1.86418 -6.1646e-15)
(-0.118926 -1.86162 -6.73685e-15)
(-0.0277546 -1.85886 -6.42869e-15)
(0.0571769 -1.86037 -6.79499e-15)
(0.137443 -1.86499 -6.71601e-15)
(0.213842 -1.87193 -7.16411e-15)
(0.286418 -1.8811 -7.30297e-15)
(0.355059 -1.89249 -7.8123e-15)
(0.419664 -1.90602 -8.26957e-15)
(0.480143 -1.92159 -7.64446e-15)
(0.536412 -1.93905 -6.64005e-15)
(0.588164 -1.95856 -7.16196e-15)
(0.635834 -1.97953 -7.6637e-15)
(0.678715 -2.00215 -5.41325e-15)
(0.716839 -2.02629 -5.93638e-15)
(0.750069 -2.05181 -4.71293e-15)
(0.778191 -2.07868 -6.30305e-15)
(0.800196 -2.10532 -6.75876e-15)
(0.816894 -2.13263 -7.51143e-15)
(0.828321 -2.16026 -5.7374e-15)
(0.834204 -2.18818 -5.59069e-15)
(0.834453 -2.21653 -5.57266e-15)
(0.828871 -2.24505 -7.74812e-15)
(0.817231 -2.27366 -8.25827e-15)
(0.799188 -2.30228 -6.7628e-15)
(0.774155 -2.3306 -7.0332e-15)
(0.744378 -2.35986 -5.62566e-15)
(0.710003 -2.38926 -6.90413e-15)
(0.669608 -2.41688 -5.61044e-15)
(0.623215 -2.4429 -4.73611e-15)
(0.570828 -2.46713 -5.20902e-15)
(0.51263 -2.48985 -6.82524e-15)
(0.448518 -2.51019 -7.45814e-15)
(0.378763 -2.5284 -8.32652e-15)
(0.303496 -2.54417 -7.74945e-15)
(0.222945 -2.55732 -5.77234e-15)
(0.13739 -2.56766 -5.738e-15)
(0.0471612 -2.57503 -5.63538e-15)
(-0.0473531 -2.57926 -6.36562e-15)
(-0.145704 -2.58022 -7.32333e-15)
(-0.247385 -2.57783 -7.06881e-15)
(-0.351826 -2.57202 -6.78134e-15)
(-0.458403 -2.56275 -6.24884e-15)
(-0.566437 -2.55007 -6.75672e-15)
(-0.675197 -2.53403 -5.62008e-15)
(-0.783915 -2.51478 -5.80909e-15)
(-0.891791 -2.4925 -7.55208e-15)
(-0.998009 -2.46744 -5.30169e-15)
(-1.10174 -2.43991 -5.86155e-15)
(-1.20219 -2.41028 -7.42707e-15)
(-1.29856 -2.37897 -6.4723e-15)
(-1.39013 -2.34644 -6.63828e-15)
(-1.47625 -2.31319 -6.09124e-15)
(-1.55634 -2.27974 -5.98139e-15)
(-1.62994 -2.24661 -5.1495e-15)
(-1.69673 -2.21434 -5.50042e-15)
(-1.75649 -2.1834 -5.59171e-15)
(-1.80919 -2.15424 -4.65628e-15)
(-1.85489 -2.12726 -7.51371e-15)
(-1.89383 -2.10276 -7.51775e-15)
(-1.92637 -2.08098 -5.93712e-15)
(-1.95297 -2.06208 -6.53484e-15)
(-1.97418 -2.04612 -6.33747e-15)
(-1.99061 -2.03312 -6.01826e-15)
(-2.00291 -2.023 -5.69607e-15)
(-2.01176 -2.01566 -5.48755e-15)
(-2.0178 -2.01095 -6.47103e-15)
(-2.02169 -2.00868 -6.56679e-15)
(-2.02408 -2.00859 -5.61506e-15)
(-2.0256 -2.01037 -7.22091e-15)
(-2.02681 -2.01374 -7.11014e-15)
(-2.02817 -2.01842 -7.75978e-15)
(-2.03008 -2.02416 -6.89584e-15)
(-2.03289 -2.03072 -7.53606e-15)
(-2.03688 -2.03784 -7.35112e-15)
(-2.04229 -2.04531 -6.75283e-15)
(-2.04929 -2.05291 -7.18373e-15)
(-2.05803 -2.06047 -5.58558e-15)
(-2.06858 -2.06781 -4.82058e-15)
(-2.08101 -2.07479 -6.14254e-15)
(-2.09533 -2.08129 -6.59562e-15)
(-2.11153 -2.08719 -5.5534e-15)
(-2.12957 -2.09241 -5.97754e-15)
(-2.14938 -2.0969 -4.18932e-15)
(-2.17088 -2.1006 -5.58889e-15)
(-2.19397 -2.1035 -3.56049e-15)
(-2.21854 -2.1056 -4.55583e-15)
(-2.24445 -2.1069 -4.58024e-15)
(-2.27156 -2.10743 -5.09667e-15)
(-2.29975 -2.10725 -4.53912e-15)
(-2.32887 -2.10641 -4.86851e-15)
(-2.35877 -2.10498 -3.98134e-15)
(-2.38932 -2.10302 -2.74424e-15)
(-2.4204 -2.10062 -2.9237e-15)
(-2.45189 -2.09785 -2.83773e-15)
(-2.48368 -2.09479 -5.11654e-15)
(-2.51569 -2.09152 -2.53607e-15)
(-2.54782 -2.0881 -6.41452e-15)
(-2.58004 -2.08458 -5.81764e-15)
(-2.61228 -2.08103 -5.58738e-15)
(-2.64452 -2.07747 -5.99827e-15)
(-2.67673 -2.07395 -4.56743e-15)
(-2.70892 -2.07048 -5.33271e-15)
(-2.74107 -2.06708 -4.30454e-15)
(-2.77322 -2.06375 -6.62839e-15)
(-2.80537 -2.06048 -2.65713e-15)
(-2.83754 -2.05729 -6.07997e-15)
(-2.86977 -2.05414 -3.20683e-15)
(-2.90207 -2.05104 -7.06356e-15)
(-2.93448 -2.04796 -6.57596e-15)
(-2.96703 -2.04489 -4.10909e-15)
(-2.99973 -2.04182 -2.42112e-15)
(-3.03261 -2.03872 -4.99358e-15)
(-3.0657 -2.03559 -4.519e-15)
(-3.099 -2.03241 -4.74684e-15)
(-3.13255 -2.02917 -6.00875e-15)
(-3.16636 -2.02585 -5.85653e-15)
(-3.20044 -2.02245 -6.43254e-15)
(-3.23481 -2.01896 -3.40691e-15)
(-3.26947 -2.01536 -1.97161e-15)
(-3.30445 -2.01164 -5.52028e-15)
(-3.33974 -2.00781 -5.99861e-15)
(-3.37537 -2.00385 -5.69832e-15)
(-3.41134 -1.99976 -3.6631e-15)
(-3.44765 -1.99552 -3.63386e-15)
(-3.48433 -1.99114 -3.60282e-15)
(-3.52137 -1.9866 -4.13853e-15)
(-3.5588 -1.9819 -6.89903e-15)
(-3.59661 -1.97704 -5.48973e-15)
(-3.63482 -1.972 -4.44622e-15)
(-3.67343 -1.96678 -2.97155e-15)
(-3.71246 -1.96137 -1.97377e-15)
(-3.75192 -1.95577 -4.06137e-15)
(-3.79182 -1.94998 -2.48886e-15)
(-3.83217 -1.94397 -4.93189e-16)
(-3.87297 -1.93776 1.18281e-15)
(-3.91425 -1.93133 4.94617e-15)
(-3.95601 -1.92466 1.49192e-14)
(-3.99828 -1.91775 3.56854e-14)
(-4.04108 -1.91056 7.09354e-14)
(-4.08435 -1.90324 1.32471e-13)
(-4.12809 -1.89563 2.30321e-13)
(-4.1725 -1.88787 3.86047e-13)
(-4.21744 -1.8797 6.1041e-13)
(-4.26295 -1.87129 8.56262e-13)
(-4.30907 -1.86261 9.53425e-13)
(-4.35579 -1.85365 4.25372e-13)
(-4.40315 -1.8444 -1.89569e-12)
(-4.45117 -1.83485 -8.31377e-12)
(-4.49985 -1.82501 -2.26925e-11)
(-4.54924 -1.81485 -5.01491e-11)
(-4.59935 -1.80438 -9.53187e-11)
(-4.65021 -1.79358 -1.59052e-10)
(-4.70184 -1.78244 -2.34972e-10)
(-4.75425 -1.77094 -3.08643e-10)
(-4.80748 -1.75907 -3.61544e-10)
(-4.86154 -1.74683 -3.78856e-10)
(-4.91647 -1.7342 -3.56439e-10)
(-4.97231 -1.72118 -3.0234e-10)
(-5.02908 -1.70776 -2.32183e-10)
)
;
    }
    inlet
    {
        type            calculated;
        value           uniform (0 0 0);
    }
    rWedge
    {
        type            wedge;
    }
    lWedge
    {
        type            wedge;
    }
    outlet
    {
        type            calculated;
        value           nonuniform 0();
    }
    procBoundary1to0
    {
        type            processor;
        value           uniform (0 0 0);
    }
    procBoundary1to2
    {
        type            processor;
        value           uniform (0 0 0);
    }
}


// ************************************************************************* //
