/*--------------------------------*- C++ -*----------------------------------*\
| =========                 |                                                 |
| \\      /  F ield         | OpenFOAM: The Open Source CFD Toolbox           |
|  \\    /   O peration     | Version:  v1706                                 |
|   \\  /    A nd           | Web:      www.OpenFOAM.com                      |
|    \\/     M anipulation  |                                                 |
\*---------------------------------------------------------------------------*/
FoamFile
{
    version     2.0;
    format      ascii;
    class       volVectorField;
    location    "1.1e-05";
    object      wallShearStress;
}
// * * * * * * * * * * * * * * * * * * * * * * * * * * * * * * * * * * * * * //

dimensions      [1 -1 -2 0 0 0 0];


internalField   uniform (0 0 0);

boundaryField
{
    cone
    {
        type            calculated;
        value           nonuniform List<vector> 
119
(
(0.0855985 -0.203427 1.49202e-14)
(0.0855577 -0.203406 1.02678e-14)
(0.085519 -0.203378 6.69779e-15)
(0.08548 -0.203347 4.17693e-15)
(0.0854404 -0.203317 2.44143e-15)
(0.0854008 -0.203289 1.67294e-15)
(0.0853615 -0.203261 1.00517e-15)
(0.0853224 -0.203233 5.65142e-16)
(0.0852836 -0.203205 1.84682e-16)
(0.0852452 -0.203177 4.36598e-17)
(0.0852069 -0.203149 9.81747e-17)
(0.0851686 -0.203121 2.02732e-16)
(0.0851305 -0.203094 6.37893e-16)
(0.0850924 -0.203066 7.55093e-16)
(0.0850544 -0.203038 7.68526e-16)
(0.0850164 -0.203011 4.27574e-16)
(0.0849785 -0.202983 5.96252e-16)
(0.0849406 -0.202956 4.34614e-16)
(0.0849029 -0.202928 3.00537e-16)
(0.0848652 -0.202901 -5.34954e-17)
(0.0848276 -0.202873 -3.03409e-16)
(0.0847901 -0.202846 -1.27228e-16)
(0.0847528 -0.202818 -8.84636e-17)
(0.0847156 -0.202791 4.1041e-16)
(0.0846786 -0.202764 6.38946e-16)
(0.0846418 -0.202736 5.31021e-16)
(0.0846051 -0.202709 3.64617e-16)
(0.0845686 -0.202681 1.77272e-16)
(0.0845323 -0.202654 2.2868e-16)
(0.0844962 -0.202626 4.74547e-16)
(0.0844603 -0.202599 3.31856e-16)
(0.0844246 -0.202572 1.77671e-16)
(0.084389 -0.202544 5.79573e-16)
(0.0843536 -0.202517 3.49534e-16)
(0.0843184 -0.202489 5.3533e-16)
(0.0842833 -0.202462 6.48257e-16)
(0.0842484 -0.202435 8.07889e-16)
(0.0842136 -0.202407 5.91732e-16)
(0.084179 -0.20238 5.2066e-16)
(0.0841445 -0.202352 4.44125e-16)
(0.0841101 -0.202325 9.79662e-17)
(0.084076 -0.202298 2.68784e-16)
(0.0840419 -0.20227 2.39168e-16)
(0.084008 -0.202243 4.96546e-18)
(0.0839743 -0.202216 3.74912e-17)
(0.0839406 -0.202189 -9.56577e-17)
(0.0839071 -0.202161 4.04719e-16)
(0.0838738 -0.202134 8.36356e-16)
(0.0838405 -0.202107 4.44701e-16)
(0.0838075 -0.20208 4.66266e-16)
(0.0837746 -0.202053 4.54498e-16)
(0.0837418 -0.202026 3.95578e-16)
(0.0837091 -0.201998 3.98e-16)
(0.0836766 -0.201971 4.04103e-16)
(0.0836441 -0.201944 7.38236e-17)
(0.0836119 -0.201917 4.70364e-16)
(0.0835798 -0.20189 4.89276e-16)
(0.0835478 -0.201863 1.68428e-16)
(0.0835159 -0.201836 4.78902e-17)
(0.0834842 -0.201809 1.36106e-16)
(0.0834526 -0.201782 3.46467e-16)
(0.0834212 -0.201755 3.40753e-16)
(0.0833899 -0.201728 2.20068e-16)
(0.0833587 -0.201701 9.12835e-17)
(0.0833276 -0.201675 1.0886e-16)
(0.0832967 -0.201648 -2.00052e-18)
(0.0832659 -0.201621 9.45956e-17)
(0.0832352 -0.201594 -6.55336e-17)
(0.0832046 -0.201567 -7.16106e-17)
(0.0831742 -0.201541 -6.40233e-17)
(0.0831439 -0.201514 2.87766e-17)
(0.0831137 -0.201487 6.7986e-17)
(0.0830836 -0.201461 1.09624e-16)
(0.0830536 -0.201434 2.82599e-16)
(0.0830239 -0.201408 1.99923e-16)
(0.0829942 -0.201381 3.58505e-16)
(0.0829646 -0.201354 3.21204e-16)
(0.0829351 -0.201328 2.13928e-16)
(0.0829058 -0.201301 3.43726e-16)
(0.0828766 -0.201275 7.44542e-17)
(0.0828476 -0.201249 4.34219e-16)
(0.0828186 -0.201222 3.86486e-16)
(0.0827898 -0.201196 2.8923e-16)
(0.082761 -0.20117 3.65112e-16)
(0.0827324 -0.201143 4.06332e-16)
(0.0827038 -0.201117 6.14932e-16)
(0.0826753 -0.201091 4.24301e-16)
(0.0826467 -0.201065 3.69477e-17)
(0.0826178 -0.201039 1.02487e-16)
(0.082588 -0.201014 6.46854e-17)
(0.0825561 -0.200989 7.7619e-17)
(0.0825201 -0.200967 5.9357e-17)
(0.0824758 -0.20095 -1.3405e-16)
(0.082416 -0.200942 6.68462e-17)
(0.0823253 -0.200949 1.68177e-16)
(0.0821661 -0.200977 -2.49751e-17)
(0.0818848 -0.201059 -2.25816e-16)
(0.0814772 -0.201227 4.0221e-16)
(0.0808209 -0.201558 5.32815e-16)
(0.079791 -0.202122 8.34309e-16)
(0.0782665 -0.203014 6.80568e-16)
(0.0761115 -0.204342 2.82123e-16)
(0.0732105 -0.20621 3.39996e-16)
(0.069498 -0.208685 2.86401e-16)
(0.0649823 -0.21176 -3.19058e-16)
(0.0597576 -0.215335 -1.30117e-16)
(0.0539936 -0.219207 -3.24028e-16)
(0.0479017 -0.223092 -3.83209e-16)
(0.0416832 -0.226668 -1.32528e-16)
(0.0354779 -0.229641 3.45339e-18)
(0.0293269 -0.231799 7.37273e-17)
(0.0231369 -0.232982 -5.27902e-17)
(0.0165961 -0.232949 3.25381e-16)
(0.00918276 -0.231739 -1.20078e-16)
(0.000551449 -0.231249 3.01895e-16)
(-0.010259 -0.231735 2.53864e-17)
(-0.025723 -0.226508 1.45133e-16)
(-0.054794 -0.231433 3.15288e-16)
(-0.0418784 -0.255868 1.73741e-16)
)
;
    }
    inlet
    {
        type            calculated;
        value           uniform (0 0 0);
    }
    rWedge
    {
        type            wedge;
    }
    lWedge
    {
        type            wedge;
    }
    outlet
    {
        type            calculated;
        value           uniform (0 0 0);
    }
    procBoundary0to1
    {
        type            processor;
        value           uniform (0 0 0);
    }
    procBoundary0to2
    {
        type            processor;
        value           uniform (0 0 0);
    }
}


// ************************************************************************* //
