/*--------------------------------*- C++ -*----------------------------------*\
| =========                 |                                                 |
| \\      /  F ield         | OpenFOAM: The Open Source CFD Toolbox           |
|  \\    /   O peration     | Version:  v1706                                 |
|   \\  /    A nd           | Web:      www.OpenFOAM.com                      |
|    \\/     M anipulation  |                                                 |
\*---------------------------------------------------------------------------*/
FoamFile
{
    version     2.0;
    format      ascii;
    class       volVectorField;
    location    "4e-05";
    object      wallShearStress;
}
// * * * * * * * * * * * * * * * * * * * * * * * * * * * * * * * * * * * * * //

dimensions      [1 -1 -2 0 0 0 0];


internalField   uniform (0 0 0);

boundaryField
{
    cone
    {
        type            calculated;
        value           nonuniform List<vector> 
119
(
(-12.7266 1.02206 -5.50442e-12)
(-11.9667 1.5542 -6.66793e-12)
(-11.1194 1.98367 -7.83609e-12)
(-10.2066 2.29885 -8.95725e-12)
(-9.25163 2.49496 -9.98426e-12)
(-8.27785 2.57425 -1.08652e-11)
(-7.30739 2.54529 -1.15715e-11)
(-6.36018 2.42172 -1.2069e-11)
(-5.45319 2.22053 -1.234e-11)
(-4.59995 1.96015 -1.23755e-11)
(-3.81022 1.65867 -1.21828e-11)
(-3.08989 1.33219 -1.17842e-11)
(-2.44096 0.993444 -1.12072e-11)
(-1.86245 0.650793 -1.04947e-11)
(-1.3476 0.30438 -9.68318e-12)
(-0.913468 -0.0385914 -8.81494e-12)
(-0.519293 -0.354475 -7.9177e-12)
(-0.197453 -0.66256 -7.02349e-12)
(0.0652129 -0.954477 -6.16053e-12)
(0.274921 -1.2271 -5.34621e-12)
(0.433495 -1.48134 -4.59056e-12)
(0.542816 -1.71662 -3.89284e-12)
(0.606222 -1.92924 -3.26831e-12)
(0.62421 -2.12098 -2.70462e-12)
(0.599592 -2.29036 -2.21135e-12)
(0.53489 -2.43602 -1.78314e-12)
(0.433022 -2.55734 -1.41218e-12)
(0.297623 -2.65411 -1.09506e-12)
(0.13304 -2.72662 -8.21952e-13)
(-0.0557015 -2.77577 -5.89133e-13)
(-0.262996 -2.80304 -3.96056e-13)
(-0.4828 -2.81057 -2.36698e-13)
(-0.708897 -2.80102 -9.56382e-14)
(-0.935173 -2.77746 1.18877e-14)
(-1.15595 -2.74313 1.07417e-13)
(-1.36625 -2.70125 1.82703e-13)
(-1.56201 -2.65481 2.46855e-13)
(-1.7402 -2.60643 2.93598e-13)
(-1.89881 -2.55835 3.35147e-13)
(-2.03683 -2.51233 3.67884e-13)
(-2.15418 -2.46968 3.88938e-13)
(-2.25157 -2.43121 4.14057e-13)
(-2.33044 -2.39728 4.29744e-13)
(-2.39275 -2.36784 4.40361e-13)
(-2.44085 -2.34246 4.52728e-13)
(-2.47731 -2.32045 4.56928e-13)
(-2.50485 -2.30088 4.69321e-13)
(-2.52616 -2.28269 4.8091e-13)
(-2.5439 -2.26471 4.75799e-13)
(-2.56056 -2.24571 4.77252e-13)
(-2.57845 -2.2244 4.75359e-13)
(-2.5996 -2.19951 4.70748e-13)
(-2.62577 -2.16979 4.67102e-13)
(-2.65833 -2.13405 4.62066e-13)
(-2.69825 -2.09121 4.48751e-13)
(-2.74608 -2.04034 4.46286e-13)
(-2.80185 -1.98073 4.37714e-13)
(-2.86514 -1.91194 4.21265e-13)
(-2.93496 -1.83392 4.06923e-13)
(-3.00991 -1.74695 3.94851e-13)
(-3.08819 -1.65164 3.81331e-13)
(-3.16871 -1.54692 3.66846e-13)
(-3.2452 -1.43435 3.50774e-13)
(-3.32341 -1.31927 3.32218e-13)
(-3.39241 -1.19935 3.15083e-13)
(-3.45285 -1.07795 2.94982e-13)
(-3.50237 -0.95778 2.78806e-13)
(-3.53951 -0.840781 2.58834e-13)
(-3.56249 -0.728837 2.41444e-13)
(-3.57051 -0.623582 2.24193e-13)
(-3.56331 -0.526534 2.08203e-13)
(-3.54112 -0.438738 1.91656e-13)
(-3.50489 -0.36069 1.75089e-13)
(-3.45616 -0.292336 1.62921e-13)
(-3.39688 -0.233175 1.47322e-13)
(-3.32921 -0.18245 1.35975e-13)
(-3.25527 -0.139261 1.23038e-13)
(-3.17697 -0.10265 1.09272e-13)
(-3.0959 -0.0716224 1.00922e-13)
(-3.01323 -0.0451779 8.63553e-14)
(-2.92962 -0.0223132 8.13062e-14)
(-2.84527 -0.00206999 7.25445e-14)
(-2.75988 0.016445 6.23029e-14)
(-2.67277 0.0339932 5.58583e-14)
(-2.58289 0.051137 4.98185e-14)
(-2.48885 0.0681712 4.74703e-14)
(-2.38905 0.0850136 3.98839e-14)
(-2.28165 0.101128 3.06091e-14)
(-2.1648 0.115462 2.82885e-14)
(-2.03673 0.126432 2.45114e-14)
(-1.89601 0.131965 2.10031e-14)
(-1.74172 0.12957 1.7643e-14)
(-1.57392 0.11651 1.2323e-14)
(-1.39406 0.0902651 1.28322e-14)
(-1.20523 0.0491034 1.08743e-14)
(-1.01168 -0.00768575 7.29361e-15)
(-0.817857 -0.0801466 2.35531e-15)
(-0.628049 -0.168247 8.62534e-15)
(-0.444533 -0.275797 6.32812e-15)
(-0.28151 -0.395067 1.00656e-14)
(-0.125588 -0.517429 7.98608e-15)
(0.00380114 -0.651178 3.22425e-15)
(0.11041 -0.786681 4.0355e-15)
(0.193568 -0.919772 4.74316e-15)
(0.250983 -1.04673 -3.66929e-15)
(0.281973 -1.16323 -8.43248e-16)
(0.281431 -1.26903 -3.654e-15)
(0.24699 -1.36365 -3.69212e-15)
(0.175116 -1.44726 -3.87329e-15)
(0.0624011 -1.52041 -2.12611e-15)
(-0.0931851 -1.58264 -1.70537e-15)
(-0.290903 -1.63106 -3.4492e-15)
(-0.524383 -1.6588 1.75409e-15)
(-0.779635 -1.65587 -3.38729e-15)
(-1.04446 -1.61907 6.28081e-16)
(-1.32419 -1.56123 -3.72826e-15)
(-1.61688 -1.51089 -3.70975e-15)
(-1.763 -1.38858 -5.25093e-16)
(-2.32998 -1.36457 -3.00349e-15)
)
;
    }
    inlet
    {
        type            calculated;
        value           uniform (0 0 0);
    }
    rWedge
    {
        type            wedge;
    }
    lWedge
    {
        type            wedge;
    }
    outlet
    {
        type            calculated;
        value           uniform (0 0 0);
    }
    procBoundary0to1
    {
        type            processor;
        value           uniform (0 0 0);
    }
    procBoundary0to2
    {
        type            processor;
        value           uniform (0 0 0);
    }
}


// ************************************************************************* //
