/*--------------------------------*- C++ -*----------------------------------*\
| =========                 |                                                 |
| \\      /  F ield         | OpenFOAM: The Open Source CFD Toolbox           |
|  \\    /   O peration     | Version:  v1706                                 |
|   \\  /    A nd           | Web:      www.OpenFOAM.com                      |
|    \\/     M anipulation  |                                                 |
\*---------------------------------------------------------------------------*/
FoamFile
{
    version     2.0;
    format      ascii;
    class       volVectorField;
    location    "4e-05";
    object      wallShearStress;
}
// * * * * * * * * * * * * * * * * * * * * * * * * * * * * * * * * * * * * * //

dimensions      [1 -1 -2 0 0 0 0];


internalField   uniform (0 0 0);

boundaryField
{
    cone
    {
        type            calculated;
        value           nonuniform List<vector> 
153
(
(-71.9261 -61.6717 -9.13745e-14)
(-72.138 -61.1381 -8.62492e-14)
(-72.3394 -60.5988 -8.45091e-14)
(-72.5301 -60.0538 -8.55373e-14)
(-72.7099 -59.503 -8.08735e-14)
(-72.8788 -58.9466 -7.74568e-14)
(-73.0366 -58.3847 -7.97456e-14)
(-73.1835 -57.8176 -7.55921e-14)
(-73.3193 -57.2455 -7.35254e-14)
(-73.4441 -56.6686 -7.20743e-14)
(-73.5579 -56.0871 -7.16792e-14)
(-73.6606 -55.5012 -6.99207e-14)
(-73.7524 -54.9112 -7.05578e-14)
(-73.8331 -54.3172 -6.68494e-14)
(-73.9028 -53.7195 -6.39659e-14)
(-73.9614 -53.1182 -6.26658e-14)
(-74.0091 -52.5136 -6.39404e-14)
(-74.0457 -51.9058 -5.86414e-14)
(-74.0713 -51.2949 -5.83181e-14)
(-74.0857 -50.6813 -5.85193e-14)
(-74.0887 -50.0651 -5.54719e-14)
(-74.0804 -49.4465 -5.51038e-14)
(-74.0606 -48.8256 -5.07144e-14)
(-74.0292 -48.2025 -4.89937e-14)
(-73.9859 -47.5774 -4.93939e-14)
(-73.9304 -46.9503 -4.66728e-14)
(-73.8626 -46.3215 -4.9014e-14)
(-73.7818 -45.6908 -4.82373e-14)
(-73.6876 -45.0585 -4.49011e-14)
(-73.5795 -44.4245 -4.44824e-14)
(-73.4565 -43.7889 -4.63983e-14)
(-73.3179 -43.1516 -4.30266e-14)
(-73.1624 -42.5126 -4.4006e-14)
(-72.9887 -41.8718 -3.99767e-14)
(-72.7952 -41.2289 -3.90388e-14)
(-72.5798 -40.584 -3.84891e-14)
(-72.3403 -39.9366 -3.80227e-14)
(-72.0736 -39.2866 -3.8748e-14)
(-71.7764 -38.6335 -3.91441e-14)
(-71.4447 -37.9768 -3.69676e-14)
(-71.0734 -37.3162 -3.47693e-14)
(-70.6567 -36.651 -3.56638e-14)
(-70.187 -35.9801 -3.32252e-14)
(-69.6556 -35.3041 -3.2376e-14)
(-69.0496 -34.6228 -3.18494e-14)
(-68.35 -33.9349 -3.09431e-14)
(-67.5409 -33.2441 -3.08162e-14)
(-66.555 -32.613 -2.89317e-14)
(-65.491 -31.8566 -2.81062e-14)
(-64.497 -31.107 -2.64492e-14)
(-63.5813 -30.5338 -2.81102e-14)
(-62.7505 -30.0488 -2.80942e-14)
(-61.9867 -29.6161 -2.69597e-14)
(-61.2764 -29.2229 -2.64832e-14)
(-60.6105 -28.8612 -2.5583e-14)
(-59.9825 -28.5254 -2.50385e-14)
(-59.3871 -28.2112 -2.58675e-14)
(-58.8205 -27.9154 -2.51409e-14)
(-58.2793 -27.6356 -2.39208e-14)
(-57.7607 -27.3698 -2.48734e-14)
(-57.2625 -27.1164 -2.30882e-14)
(-56.7826 -26.874 -2.23169e-14)
(-56.3193 -26.6416 -2.29477e-14)
(-55.8712 -26.4182 -2.32435e-14)
(-55.4369 -26.2029 -2.30741e-14)
(-55.0153 -25.995 -2.10143e-14)
(-54.6053 -25.794 -2.02014e-14)
(-54.206 -25.5991 -1.94441e-14)
(-53.8165 -25.41 -2.11829e-14)
(-53.4361 -25.2261 -2.09471e-14)
(-53.0641 -25.0471 -1.89499e-14)
(-52.6998 -24.8726 -1.83826e-14)
(-52.3426 -24.7023 -1.73685e-14)
(-51.992 -24.5358 -1.69515e-14)
(-51.6475 -24.3729 -1.78617e-14)
(-51.3086 -24.2133 -1.81565e-14)
(-50.9749 -24.0567 -1.76674e-14)
(-50.646 -23.903 -1.69441e-14)
(-50.3215 -23.7519 -1.77918e-14)
(-50.001 -23.6033 -1.82831e-14)
(-49.6843 -23.4569 -1.69663e-14)
(-49.3709 -23.3126 -1.68145e-14)
(-49.0606 -23.1702 -1.58563e-14)
(-48.7531 -23.0296 -1.53753e-14)
(-48.4481 -22.8907 -1.6833e-14)
(-48.1453 -22.7532 -1.53629e-14)
(-47.8448 -22.617 -1.47488e-14)
(-47.5462 -22.4819 -1.55207e-14)
(-47.2493 -22.3481 -1.55584e-14)
(-46.9538 -22.2154 -1.48372e-14)
(-46.6594 -22.0836 -1.53719e-14)
(-46.3661 -21.9525 -1.33231e-14)
(-46.0737 -21.8221 -1.19579e-14)
(-45.782 -21.6923 -1.32375e-14)
(-45.4906 -21.5637 -1.26807e-14)
(-45.1997 -21.4359 -1.32848e-14)
(-44.91 -21.3075 -1.4443e-14)
(-44.62 -21.1782 -1.27537e-14)
(-44.3299 -21.0504 -1.2346e-14)
(-44.0399 -20.923 -9.17976e-15)
(-43.7497 -20.7957 -1.1552e-14)
(-43.4594 -20.6683 -9.30801e-15)
(-43.1687 -20.5409 -1.04072e-14)
(-42.8776 -20.4135 -1.17016e-14)
(-42.5861 -20.2859 -9.56904e-15)
(-42.2941 -20.1583 -1.09399e-14)
(-42.0014 -20.0304 -1.21282e-14)
(-41.7081 -19.9022 -1.25679e-14)
(-41.4141 -19.7738 -9.77453e-15)
(-41.1194 -19.6451 -9.84171e-15)
(-40.8238 -19.516 -8.99997e-15)
(-40.5275 -19.3866 -1.14433e-14)
(-40.2303 -19.2568 -7.85056e-15)
(-39.9323 -19.1265 -7.81288e-15)
(-39.6333 -18.9957 -7.98374e-15)
(-39.3335 -18.8645 -7.81097e-15)
(-39.0328 -18.7328 -8.85901e-15)
(-38.7312 -18.6006 -8.54835e-15)
(-38.4286 -18.4679 -7.5433e-15)
(-38.1252 -18.3346 -8.41112e-15)
(-37.821 -18.2008 -8.37125e-15)
(-37.5159 -18.0665 -6.65965e-15)
(-37.2099 -17.9316 -8.33326e-15)
(-36.9032 -17.7961 -9.39332e-15)
(-36.5958 -17.6602 -7.71729e-15)
(-36.2876 -17.5236 -6.92014e-15)
(-35.9787 -17.3866 -8.5319e-15)
(-35.6693 -17.249 -7.05559e-15)
(-35.3592 -17.111 -7.23861e-15)
(-35.0487 -16.9724 -8.03362e-15)
(-34.7377 -16.8334 -7.44153e-15)
(-34.4263 -16.6939 -6.96311e-15)
(-34.1147 -16.554 -4.79295e-15)
(-33.8027 -16.4137 -5.31878e-15)
(-33.4907 -16.273 -4.11641e-15)
(-33.1785 -16.132 -2.60845e-15)
(-32.8663 -15.9907 -4.82006e-15)
(-32.5542 -15.8491 -3.57144e-15)
(-32.2423 -15.7072 -3.83925e-15)
(-31.9306 -15.5652 -5.46129e-15)
(-31.6193 -15.423 -7.10201e-15)
(-31.3084 -15.2806 -7.1064e-15)
(-30.9981 -15.1382 -5.40419e-15)
(-30.6883 -14.9958 -3.48245e-15)
(-30.3793 -14.8533 -3.3316e-15)
(-30.0711 -14.7109 -4.91093e-15)
(-29.7637 -14.5686 -4.07082e-15)
(-29.4574 -14.4264 -3.15983e-15)
(-29.1522 -14.2844 -4.3063e-15)
(-28.8481 -14.1426 -5.28511e-15)
(-28.5454 -14.0011 -4.33967e-15)
(-28.2445 -13.8598 -5.51428e-15)
(-27.9451 -13.7196 -2.41505e-15)
)
;
    }
    inlet
    {
        type            calculated;
        value           uniform (0 0 0);
    }
    rWedge
    {
        type            wedge;
    }
    lWedge
    {
        type            wedge;
    }
    outlet
    {
        type            calculated;
        value           nonuniform 0();
    }
    procBoundary2to0
    {
        type            processor;
        value           uniform (0 0 0);
    }
    procBoundary2to1
    {
        type            processor;
        value           uniform (0 0 0);
    }
    procBoundary2to3
    {
        type            processor;
        value           uniform (0 0 0);
    }
}


// ************************************************************************* //
