/*--------------------------------*- C++ -*----------------------------------*\
| =========                 |                                                 |
| \\      /  F ield         | OpenFOAM: The Open Source CFD Toolbox           |
|  \\    /   O peration     | Version:  v1706                                 |
|   \\  /    A nd           | Web:      www.OpenFOAM.com                      |
|    \\/     M anipulation  |                                                 |
\*---------------------------------------------------------------------------*/
FoamFile
{
    version     2.0;
    format      ascii;
    class       volVectorField;
    location    "3.7e-05";
    object      wallShearStress;
}
// * * * * * * * * * * * * * * * * * * * * * * * * * * * * * * * * * * * * * //

dimensions      [1 -1 -2 0 0 0 0];


internalField   uniform (0 0 0);

boundaryField
{
    cone
    {
        type            calculated;
        value           nonuniform List<vector> 
119
(
(-0.279017 -0.266452 -3.76238e-11)
(-0.367199 -0.244005 -3.64279e-11)
(-0.451021 -0.216765 -3.39476e-11)
(-0.527458 -0.186465 -3.04609e-11)
(-0.594331 -0.153197 -2.61948e-11)
(-0.65111 -0.119044 -2.17879e-11)
(-0.702497 -0.0861699 -1.73747e-11)
(-0.737611 -0.0531799 -1.32936e-11)
(-0.760224 -0.0229855 -9.81342e-12)
(-0.770389 0.00340947 -6.95652e-12)
(-0.768641 0.0252433 -4.72631e-12)
(-0.754716 0.0415701 -3.07308e-12)
(-0.729534 0.051452 -1.91371e-12)
(-0.695071 0.0550013 -1.14083e-12)
(-0.653594 0.0527565 -6.49442e-13)
(-0.607355 0.0454741 -3.5327e-13)
(-0.558518 0.0340736 -1.79416e-13)
(-0.50909 0.0195845 -8.59331e-14)
(-0.460839 0.00306703 -3.76965e-14)
(-0.41521 -0.0144688 -1.6633e-14)
(-0.373296 -0.0321294 -7.77233e-15)
(-0.335823 -0.0491821 -2.99292e-15)
(-0.30319 -0.0650992 -2.35974e-15)
(-0.275354 -0.0797037 4.79633e-16)
(-0.253006 -0.0924605 9.13911e-16)
(-0.234336 -0.102371 -1.8007e-16)
(-0.220222 -0.110675 -1.08317e-15)
(-0.209603 -0.11742 -2.18916e-15)
(-0.201715 -0.122549 -1.97185e-15)
(-0.195961 -0.126381 -6.78488e-16)
(-0.191722 -0.129249 -1.30849e-15)
(-0.188421 -0.131468 -2.61694e-15)
(-0.18555 -0.13334 2.19819e-16)
(-0.182683 -0.135137 -1.40307e-15)
(-0.179471 -0.137096 1.11628e-16)
(-0.175646 -0.13941 4.09701e-16)
(-0.171014 -0.142233 1.55227e-15)
(-0.165444 -0.145679 9.60814e-17)
(-0.158858 -0.149829 1.74907e-16)
(-0.151216 -0.154741 -2.46362e-16)
(-0.142509 -0.160458 -2.63555e-15)
(-0.132742 -0.16701 -1.25029e-15)
(-0.121935 -0.174425 -1.68326e-15)
(-0.110115 -0.18273 -2.93312e-15)
(-0.0973119 -0.191953 -2.38801e-15)
(-0.0835644 -0.202123 -3.64616e-15)
(-0.0689153 -0.213268 -5.40438e-16)
(-0.0534161 -0.225412 2.37566e-15)
(-0.037129 -0.238575 -5.31204e-16)
(-0.0201285 -0.252769 -2.05698e-16)
(-0.00250265 -0.267994 -4.85134e-16)
(0.0156451 -0.284238 -1.13028e-15)
(0.0341968 -0.301475 -8.93621e-16)
(0.0530211 -0.319663 -5.42064e-16)
(0.0719741 -0.338744 -2.79106e-15)
(0.0909043 -0.358646 -1.55371e-17)
(0.109654 -0.379283 4.11216e-16)
(0.128066 -0.400554 -1.81381e-15)
(0.145985 -0.422353 -2.44452e-15)
(0.163266 -0.444567 -1.71341e-15)
(0.179778 -0.467078 -9.84194e-16)
(0.195406 -0.489769 -4.35184e-16)
(0.21006 -0.512528 -5.3248e-16)
(0.223672 -0.53525 -1.31453e-15)
(0.236206 -0.557836 -1.23442e-15)
(0.247655 -0.580214 -2.13428e-15)
(0.258037 -0.602294 -1.61222e-15)
(0.26739 -0.623987 -2.51081e-15)
(0.275794 -0.645265 -2.49421e-15)
(0.283346 -0.666087 -2.40783e-15)
(0.290126 -0.686421 -1.89254e-15)
(0.296341 -0.706196 -2.13446e-15)
(0.302077 -0.725442 -2.19216e-15)
(0.307462 -0.744099 -8.77494e-16)
(0.312648 -0.762161 -1.33267e-15)
(0.317755 -0.779617 -4.21494e-16)
(0.32288 -0.796466 -5.81917e-16)
(0.328098 -0.812717 -1.39553e-15)
(0.333447 -0.828391 -1.79542e-16)
(0.338934 -0.843523 -2.03197e-15)
(0.344526 -0.858158 2.02617e-16)
(0.350155 -0.872357 -2.14815e-18)
(0.355699 -0.88621 -1.13003e-15)
(0.36097 -0.899855 -7.41851e-16)
(0.365673 -0.913502 -4.286e-16)
(0.369356 -0.927473 1.4356e-15)
(0.371394 -0.942211 2.00015e-16)
(0.371016 -0.958244 -2.14698e-15)
(0.367417 -0.976067 -1.21724e-15)
(0.359928 -0.995973 -1.28027e-15)
(0.348218 -1.01788 -1.35331e-15)
(0.332468 -1.04128 -1.68786e-15)
(0.313405 -1.06522 -3.09463e-15)
(0.292185 -1.08857 -1.638e-15)
(0.270135 -1.11025 -1.52775e-15)
(0.248444 -1.12951 -2.43314e-15)
(0.227895 -1.14605 -4.25461e-15)
(0.208723 -1.16011 9.5195e-17)
(0.190611 -1.17229 -1.77009e-16)
(0.172813 -1.18343 2.60523e-15)
(0.154345 -1.19439 1.82435e-15)
(0.134173 -1.20588 -7.3654e-16)
(0.111359 -1.21844 1.60529e-16)
(0.0851332 -1.23239 6.74283e-16)
(0.0549142 -1.24792 -4.10938e-15)
(0.0202868 -1.26505 -2.28055e-15)
(-0.0190027 -1.28372 -3.66978e-15)
(-0.0630235 -1.30375 -3.52036e-15)
(-0.111632 -1.32487 -3.00849e-15)
(-0.16447 -1.3467 -1.82281e-15)
(-0.220977 -1.36887 -1.24746e-15)
(-0.280497 -1.39105 -2.20508e-15)
(-0.342536 -1.41317 7.31711e-16)
(-0.407091 -1.4355 -2.28692e-15)
(-0.475204 -1.45844 1.09671e-16)
(-0.54797 -1.48244 -2.25329e-15)
(-0.634172 -1.50673 -2.32247e-15)
(-0.703124 -1.53943 7.39764e-17)
(-0.865719 -1.57794 -1.31679e-15)
)
;
    }
    inlet
    {
        type            calculated;
        value           uniform (0 0 0);
    }
    rWedge
    {
        type            wedge;
    }
    lWedge
    {
        type            wedge;
    }
    outlet
    {
        type            calculated;
        value           uniform (0 0 0);
    }
    procBoundary0to1
    {
        type            processor;
        value           uniform (0 0 0);
    }
    procBoundary0to2
    {
        type            processor;
        value           uniform (0 0 0);
    }
}


// ************************************************************************* //
