/*--------------------------------*- C++ -*----------------------------------*\
| =========                 |                                                 |
| \\      /  F ield         | OpenFOAM: The Open Source CFD Toolbox           |
|  \\    /   O peration     | Version:  v1706                                 |
|   \\  /    A nd           | Web:      www.OpenFOAM.com                      |
|    \\/     M anipulation  |                                                 |
\*---------------------------------------------------------------------------*/
FoamFile
{
    version     2.0;
    format      ascii;
    class       volVectorField;
    location    "1.4e-05";
    object      wallShearStress;
}
// * * * * * * * * * * * * * * * * * * * * * * * * * * * * * * * * * * * * * //

dimensions      [1 -1 -2 0 0 0 0];


internalField   uniform (0 0 0);

boundaryField
{
    cone
    {
        type            calculated;
        value           nonuniform List<vector> 
147
(
(5.83024 -0.389448 -1.82783e-13)
(5.82008 -0.610594 -5.41944e-13)
(5.80682 -0.850479 -9.81195e-13)
(5.78958 -1.08364 -1.24211e-12)
(5.7683 -1.32293 -1.47223e-12)
(5.74288 -1.56062 -1.65625e-12)
(5.71334 -1.79992 -1.81902e-12)
(5.67959 -2.03923 -1.94432e-12)
(5.6416 -2.27891 -2.0338e-12)
(5.59937 -2.51859 -2.05032e-12)
(5.55292 -2.75812 -2.06906e-12)
(5.50234 -2.99726 -2.05396e-12)
(5.44775 -3.23586 -2.00682e-12)
(5.3892 -3.47392 -1.9268e-12)
(5.3265 -3.71164 -1.84243e-12)
(5.25919 -3.94939 -1.74575e-12)
(5.18665 -4.18749 -1.64632e-12)
(5.10842 -4.426 -1.55515e-12)
(5.02448 -4.66457 -1.45184e-12)
(4.93531 -4.90266 -1.35579e-12)
(4.84152 -5.13974 -1.26468e-12)
(4.74344 -5.37559 -1.17401e-12)
(4.64096 -5.61029 -1.08397e-12)
(4.53376 -5.84403 -1.00994e-12)
(4.42157 -6.07695 -9.28001e-13)
(4.30438 -6.30903 -8.59599e-13)
(4.18246 -6.54014 -7.95204e-13)
(4.0557 -6.77012 -7.41441e-13)
(3.92373 -6.99901 -6.87878e-13)
(3.78614 -7.22651 -6.3437e-13)
(3.6434 -7.45266 -5.94388e-13)
(3.49547 -7.67747 -5.5065e-13)
(3.34233 -7.90083 -5.08931e-13)
(3.18399 -8.12263 -4.79895e-13)
(3.02044 -8.34276 -4.47535e-13)
(2.85171 -8.56111 -4.23652e-13)
(2.67782 -8.77757 -3.99072e-13)
(2.49881 -8.99201 -3.70224e-13)
(2.31475 -9.20431 -3.47109e-13)
(2.1257 -9.41434 -3.22484e-13)
(1.93175 -9.62198 -3.06715e-13)
(1.73299 -9.8271 -3.02971e-13)
(1.52955 -10.0296 -2.87656e-13)
(1.32154 -10.2292 -2.6586e-13)
(1.10912 -10.426 -2.51086e-13)
(0.892448 -10.6197 -2.41293e-13)
(0.671695 -10.8102 -2.35293e-13)
(0.447057 -10.9974 -2.23105e-13)
(0.218743 -11.1811 -2.11156e-13)
(-0.0130219 -11.3612 -1.97811e-13)
(-0.247995 -11.5377 -1.92394e-13)
(-0.485917 -11.7103 -1.84001e-13)
(-0.726512 -11.8789 -1.78431e-13)
(-0.969488 -12.0435 -1.68556e-13)
(-1.21453 -12.2039 -1.62875e-13)
(-1.46133 -12.36 -1.58172e-13)
(-1.70953 -12.5118 -1.54906e-13)
(-1.9588 -12.6591 -1.45064e-13)
(-2.20878 -12.8018 -1.44838e-13)
(-2.45912 -12.9399 -1.35997e-13)
(-2.70944 -13.0734 -1.30568e-13)
(-2.95939 -13.202 -1.29617e-13)
(-3.20861 -13.3259 -1.31385e-13)
(-3.45664 -13.4449 -1.29349e-13)
(-3.7031 -13.5591 -1.19687e-13)
(-3.94773 -13.6685 -1.11514e-13)
(-4.19018 -13.7731 -1.08961e-13)
(-4.43012 -13.8728 -1.01386e-13)
(-4.66725 -13.9676 -1.0129e-13)
(-4.90128 -14.0576 -9.50641e-14)
(-5.13195 -14.1428 -1.02405e-13)
(-5.35906 -14.2233 -1.00109e-13)
(-5.58231 -14.2989 -9.98094e-14)
(-5.80148 -14.3698 -8.69075e-14)
(-6.01644 -14.4361 -8.90269e-14)
(-6.22705 -14.4978 -8.18232e-14)
(-6.43324 -14.555 -7.91306e-14)
(-6.63494 -14.6077 -7.64878e-14)
(-6.83207 -14.6559 -7.61799e-14)
(-7.02462 -14.6999 -7.16927e-14)
(-7.2126 -14.7395 -7.09846e-14)
(-7.39602 -14.7748 -7.16769e-14)
(-7.57493 -14.8059 -6.86203e-14)
(-7.74938 -14.8329 -6.9909e-14)
(-7.91947 -14.8558 -6.33786e-14)
(-8.08527 -14.8745 -6.43741e-14)
(-8.24691 -14.8891 -6.26809e-14)
(-8.40444 -14.8997 -6.36293e-14)
(-8.55793 -14.9063 -6.14253e-14)
(-8.70753 -14.9089 -6.3744e-14)
(-8.8533 -14.9075 -6.0449e-14)
(-8.99536 -14.9022 -5.85215e-14)
(-9.13381 -14.8929 -5.50612e-14)
(-9.26871 -14.8796 -5.34196e-14)
(-9.40003 -14.8622 -5.14735e-14)
(-9.5279 -14.8411 -5.37389e-14)
(-9.65229 -14.8162 -5.20059e-14)
(-9.77327 -14.7874 -5.35761e-14)
(-9.89082 -14.7547 -5.15685e-14)
(-10.005 -14.7181 -4.992e-14)
(-10.1157 -14.6777 -5.05154e-14)
(-10.2229 -14.6335 -4.78805e-14)
(-10.3266 -14.5854 -5.12849e-14)
(-10.4268 -14.5336 -4.52653e-14)
(-10.5233 -14.4781 -4.44056e-14)
(-10.616 -14.4188 -4.83337e-14)
(-10.705 -14.3559 -4.74755e-14)
(-10.79 -14.2894 -4.44668e-14)
(-10.871 -14.2193 -4.81619e-14)
(-10.9479 -14.1457 -4.57419e-14)
(-11.0205 -14.0687 -4.30846e-14)
(-11.0887 -13.9883 -4.38595e-14)
(-11.1523 -13.9046 -4.61766e-14)
(-11.2111 -13.8177 -4.31507e-14)
(-11.2653 -13.7277 -4.3878e-14)
(-11.3145 -13.6348 -4.07349e-14)
(-11.3585 -13.539 -4.1294e-14)
(-11.3972 -13.4405 -3.68042e-14)
(-11.4304 -13.3395 -3.46954e-14)
(-11.458 -13.236 -3.61691e-14)
(-11.4796 -13.1303 -3.56885e-14)
(-11.4953 -13.0226 -3.52134e-14)
(-11.5048 -12.913 -3.66354e-14)
(-11.5081 -12.8019 -3.48461e-14)
(-11.505 -12.6893 -3.22068e-14)
(-11.4954 -12.5756 -3.35616e-14)
(-11.4793 -12.461 -3.15863e-14)
(-11.4567 -12.3458 -2.9893e-14)
(-11.4275 -12.2301 -2.8956e-14)
(-11.3917 -12.1143 -2.80838e-14)
(-11.3494 -11.9987 -2.9364e-14)
(-11.3007 -11.8834 -2.68091e-14)
(-11.2458 -11.7688 -2.72573e-14)
(-11.1846 -11.6551 -2.45894e-14)
(-11.1172 -11.5427 -2.47813e-14)
(-11.044 -11.4317 -2.37395e-14)
(-10.965 -11.3224 -2.55156e-14)
(-10.8806 -11.215 -2.48442e-14)
(-10.791 -11.1099 -2.49703e-14)
(-10.6966 -11.0072 -2.54118e-14)
(-10.5975 -10.9072 -2.61978e-14)
(-10.4941 -10.81 -2.61167e-14)
(-10.3869 -10.7159 -2.55572e-14)
(-10.2761 -10.6251 -2.52249e-14)
(-10.1622 -10.5377 -2.35612e-14)
(-10.0457 -10.4539 -2.36767e-14)
(5.80675 -0.175236 1.68265e-13)
)
;
    }
    inlet
    {
        type            calculated;
        value           uniform (0 0 0);
    }
    rWedge
    {
        type            wedge;
    }
    lWedge
    {
        type            wedge;
    }
    outlet
    {
        type            calculated;
        value           nonuniform 0();
    }
    procBoundary3to2
    {
        type            processor;
        value           uniform (0 0 0);
    }
}


// ************************************************************************* //
