/*--------------------------------*- C++ -*----------------------------------*\
| =========                 |                                                 |
| \\      /  F ield         | OpenFOAM: The Open Source CFD Toolbox           |
|  \\    /   O peration     | Version:  v1706                                 |
|   \\  /    A nd           | Web:      www.OpenFOAM.com                      |
|    \\/     M anipulation  |                                                 |
\*---------------------------------------------------------------------------*/
FoamFile
{
    version     2.0;
    format      ascii;
    class       volVectorField;
    location    "3.1e-05";
    object      wallShearStress;
}
// * * * * * * * * * * * * * * * * * * * * * * * * * * * * * * * * * * * * * //

dimensions      [1 -1 -2 0 0 0 0];


internalField   uniform (0 0 0);

boundaryField
{
    cone
    {
        type            calculated;
        value           nonuniform List<vector> 
153
(
(-70.9322 -60.8635 -9.14754e-14)
(-71.1352 -60.3334 -8.63607e-14)
(-71.3278 -59.7977 -8.47347e-14)
(-71.5095 -59.2562 -8.59378e-14)
(-71.6803 -58.7091 -8.09127e-14)
(-71.84 -58.1563 -7.79215e-14)
(-71.9886 -57.5981 -8.04804e-14)
(-72.126 -57.0348 -7.58351e-14)
(-72.2523 -56.4665 -7.37087e-14)
(-72.3674 -55.8934 -7.25279e-14)
(-72.4713 -55.3157 -7.23211e-14)
(-72.5639 -54.7337 -7.01766e-14)
(-72.6453 -54.1475 -7.04534e-14)
(-72.7154 -53.5574 -6.75898e-14)
(-72.7741 -52.9634 -6.36303e-14)
(-72.8215 -52.3659 -6.25988e-14)
(-72.8574 -51.765 -6.39698e-14)
(-72.8818 -51.1609 -5.9098e-14)
(-72.8946 -50.5537 -5.84367e-14)
(-72.8957 -49.9436 -5.85933e-14)
(-72.8851 -49.3307 -5.54859e-14)
(-72.8623 -48.7152 -5.50609e-14)
(-72.8272 -48.0973 -5.09864e-14)
(-72.7794 -47.4771 -4.91741e-14)
(-72.7189 -46.8547 -4.91805e-14)
(-72.6451 -46.2301 -4.69878e-14)
(-72.5575 -45.6034 -4.89732e-14)
(-72.4557 -44.9747 -4.86248e-14)
(-72.339 -44.344 -4.49074e-14)
(-72.2066 -43.7112 -4.46972e-14)
(-72.0575 -43.0765 -4.61255e-14)
(-71.8906 -42.4396 -4.31611e-14)
(-71.7047 -41.8005 -4.38383e-14)
(-71.498 -41.1591 -3.94081e-14)
(-71.2688 -40.5152 -3.89864e-14)
(-71.0148 -39.8685 -3.86711e-14)
(-70.7334 -39.2187 -3.8077e-14)
(-70.4215 -38.5654 -3.86849e-14)
(-70.0756 -37.9081 -3.92539e-14)
(-69.6916 -37.2463 -3.68435e-14)
(-69.2643 -36.5805 -3.43617e-14)
(-68.787 -35.9085 -3.54878e-14)
(-68.253 -35.2297 -3.26838e-14)
(-67.6531 -34.5435 -3.25007e-14)
(-66.9759 -33.8492 -3.18572e-14)
(-66.204 -33.1465 -3.10963e-14)
(-65.3219 -32.4386 -3.07127e-14)
(-64.2629 -31.7794 -2.88294e-14)
(-63.1179 -31.001 -2.80438e-14)
(-62.0348 -30.2349 -2.62347e-14)
(-61.0313 -29.6364 -2.77871e-14)
(-60.1093 -29.1228 -2.78507e-14)
(-59.2508 -28.6597 -2.67367e-14)
(-58.4426 -28.2343 -2.62846e-14)
(-57.6754 -27.8388 -2.56226e-14)
(-56.9429 -27.4675 -2.47086e-14)
(-56.2398 -27.1162 -2.57759e-14)
(-55.5622 -26.7818 -2.53927e-14)
(-54.9069 -26.4617 -2.40705e-14)
(-54.2716 -26.1537 -2.49046e-14)
(-53.6543 -25.856 -2.31456e-14)
(-53.0528 -25.5686 -2.22875e-14)
(-52.4649 -25.2901 -2.22877e-14)
(-51.8884 -25.0201 -2.27053e-14)
(-51.3226 -24.7584 -2.22362e-14)
(-50.7687 -24.5003 -2.03342e-14)
(-50.2234 -24.2438 -1.93353e-14)
(-49.6864 -23.995 -1.91248e-14)
(-49.157 -23.7517 -2.06225e-14)
(-48.6347 -23.5121 -2.02593e-14)
(-48.119 -23.2759 -1.81839e-14)
(-47.6092 -23.043 -1.76834e-14)
(-47.1049 -22.8131 -1.65414e-14)
(-46.6058 -22.5859 -1.62153e-14)
(-46.1115 -22.3611 -1.71643e-14)
(-45.6217 -22.1387 -1.72339e-14)
(-45.136 -21.9183 -1.64566e-14)
(-44.6544 -21.6999 -1.5662e-14)
(-44.1765 -21.4832 -1.65076e-14)
(-43.7022 -21.2682 -1.70986e-14)
(-43.2314 -21.0547 -1.58338e-14)
(-42.7639 -20.8427 -1.5303e-14)
(-42.2997 -20.632 -1.40089e-14)
(-41.8385 -20.4226 -1.35385e-14)
(-41.3804 -20.2143 -1.48938e-14)
(-40.9254 -20.0073 -1.39146e-14)
(-40.4733 -19.8013 -1.31619e-14)
(-40.0241 -19.5964 -1.38941e-14)
(-39.5778 -19.3925 -1.40193e-14)
(-39.1345 -19.1897 -1.31826e-14)
(-38.6941 -18.9878 -1.35647e-14)
(-38.2566 -18.7869 -1.15526e-14)
(-37.8221 -18.587 -1.03732e-14)
(-37.3905 -18.3881 -1.14906e-14)
(-36.9619 -18.1902 -1.05385e-14)
(-36.5364 -17.9932 -1.11001e-14)
(-36.1139 -17.7973 -1.26657e-14)
(-35.6945 -17.6024 -1.09768e-14)
(-35.2782 -17.4085 -9.81655e-15)
(-34.8651 -17.2158 -6.86612e-15)
(-34.4553 -17.0241 -9.94193e-15)
(-34.0487 -16.8336 -7.26802e-15)
(-33.6455 -16.6442 -9.35867e-15)
(-33.2456 -16.456 -1.02859e-14)
(-32.8491 -16.2691 -7.29034e-15)
(-32.456 -16.0834 -9.30812e-15)
(-32.0665 -15.899 -9.94798e-15)
(-31.6805 -15.716 -1.00397e-14)
(-31.2981 -15.5343 -6.98361e-15)
(-30.9193 -15.3541 -7.21422e-15)
(-30.5442 -15.1753 -6.11255e-15)
(-30.1728 -14.9979 -8.78036e-15)
(-29.8051 -14.8221 -4.32236e-15)
(-29.4413 -14.6477 -4.81881e-15)
(-29.0813 -14.4749 -5.23909e-15)
(-28.7251 -14.3037 -5.04951e-15)
(-28.3728 -14.1341 -6.17406e-15)
(-28.0244 -13.966 -5.66303e-15)
(-27.68 -13.7996 -4.31819e-15)
(-27.3396 -13.6348 -4.90382e-15)
(-27.0031 -13.4717 -5.49812e-15)
(-26.6706 -13.3103 -3.52366e-15)
(-26.3422 -13.1505 -5.50278e-15)
(-26.0178 -12.9924 -6.70563e-15)
(-25.6974 -12.8361 -4.49169e-15)
(-25.3811 -12.6814 -3.72893e-15)
(-25.0689 -12.5285 -5.38501e-15)
(-24.7608 -12.3772 -3.42581e-15)
(-24.4567 -12.2278 -3.67942e-15)
(-24.1567 -12.08 -4.14711e-15)
(-23.8608 -11.934 -3.46533e-15)
(-23.5689 -11.7897 -2.88113e-15)
(-23.2811 -11.6472 -5.23437e-16)
(-22.9974 -11.5065 -1.22216e-15)
(-22.7178 -11.3675 -4.81418e-17)
(-22.4422 -11.2303 1.53525e-15)
(-22.1706 -11.0948 -1.10668e-15)
(-21.9031 -10.9611 5.51758e-16)
(-21.6396 -10.8292 -2.74207e-16)
(-21.3801 -10.699 -2.38947e-15)
(-21.1246 -10.5706 -4.39087e-15)
(-20.873 -10.4439 -4.04438e-15)
(-20.6254 -10.319 -2.1774e-15)
(-20.3817 -10.1958 -4.4338e-16)
(-20.1419 -10.0744 -1.23704e-15)
(-19.9059 -9.95466 -3.36129e-15)
(-19.6738 -9.83668 -1.82546e-15)
(-19.4455 -9.72041 -8.99021e-16)
(-19.2209 -9.60586 -2.48227e-15)
(-19.0001 -9.49301 -3.69731e-15)
(-18.7829 -9.38183 -2.52649e-15)
(-18.5695 -9.27225 -3.34622e-15)
(-18.3599 -9.16451 -2.72769e-16)
)
;
    }
    inlet
    {
        type            calculated;
        value           uniform (0 0 0);
    }
    rWedge
    {
        type            wedge;
    }
    lWedge
    {
        type            wedge;
    }
    outlet
    {
        type            calculated;
        value           nonuniform 0();
    }
    procBoundary2to0
    {
        type            processor;
        value           uniform (0 0 0);
    }
    procBoundary2to1
    {
        type            processor;
        value           uniform (0 0 0);
    }
    procBoundary2to3
    {
        type            processor;
        value           uniform (0 0 0);
    }
}


// ************************************************************************* //
