/*--------------------------------*- C++ -*----------------------------------*\
| =========                 |                                                 |
| \\      /  F ield         | OpenFOAM: The Open Source CFD Toolbox           |
|  \\    /   O peration     | Version:  v1706                                 |
|   \\  /    A nd           | Web:      www.OpenFOAM.com                      |
|    \\/     M anipulation  |                                                 |
\*---------------------------------------------------------------------------*/
FoamFile
{
    version     2.0;
    format      ascii;
    class       volVectorField;
    location    "1.3e-05";
    object      wallShearStress;
}
// * * * * * * * * * * * * * * * * * * * * * * * * * * * * * * * * * * * * * //

dimensions      [1 -1 -2 0 0 0 0];


internalField   uniform (0 0 0);

boundaryField
{
    cone
    {
        type            calculated;
        value           nonuniform List<vector> 
181
(
(-26.9539 -13.0759 -3.28324e-14)
(-26.3315 -13.3196 -3.17521e-14)
(-25.7347 -13.5317 -3.0281e-14)
(-25.1403 -13.7142 -3.38507e-14)
(-24.5248 -13.8753 -3.23016e-14)
(-23.8672 -14.0286 -3.20997e-14)
(-23.1512 -14.1929 -3.30127e-14)
(-22.3685 -14.3938 -3.49886e-14)
(-21.5262 -14.6476 -3.58213e-14)
(-20.6147 -14.9629 -3.32849e-14)
(-19.672 -15.3693 -3.59969e-14)
(-18.7128 -15.8737 -3.54918e-14)
(-17.765 -16.4838 -3.79072e-14)
(-16.8608 -17.2028 -3.81485e-14)
(-16.0333 -18.0303 -3.81442e-14)
(-15.3173 -18.963 -3.73875e-14)
(-14.7464 -20.0001 -4.01291e-14)
(-14.3615 -21.1164 -4.04028e-14)
(-14.1968 -22.311 -4.31431e-14)
(-14.2909 -23.5668 -3.61161e-14)
(-14.6814 -24.8653 -3.55874e-14)
(-15.4052 -26.1854 -3.74957e-14)
(-16.4983 -27.502 -4.04679e-14)
(-17.9938 -28.7841 -3.96187e-14)
(-19.918 -29.9951 -4.31776e-14)
(-22.2851 -31.0926 -4.29115e-14)
(-25.0903 -32.031 -4.60658e-14)
(-28.3006 -32.7661 -4.82375e-14)
(-31.8476 -33.263 -5.3975e-14)
(-35.6237 -33.5049 -6.13769e-14)
(-39.487 -33.5025 -6.10009e-14)
(-43.2782 -33.2964 -5.54969e-14)
(-46.8487 -32.9504 -6.04633e-14)
(-50.0912 -32.5336 -6.73159e-14)
(-52.9622 -32.0984 -5.25659e-14)
(-55.4837 -31.661 -5.94836e-14)
(-57.7254 -31.1956 -4.89955e-14)
(-59.7763 -30.6391 -5.62941e-14)
(-61.6867 -29.9163 -5.79376e-14)
(-63.5287 -29.0012 -6.67578e-14)
(-65.3412 -27.7827 -5.63186e-14)
(-67.0788 -26.1325 -5.5234e-14)
(-68.7225 -24.0053 -5.13418e-14)
(-70.2146 -21.3285 -6.3326e-14)
(-71.4821 -18.0441 -6.58457e-14)
(-72.4443 -14.0881 -5.58249e-14)
(-73.0055 -9.44472 -5.75924e-14)
(-73.0572 -4.15282 -4.67637e-14)
(-72.489 1.66656 -5.07176e-14)
(-71.196 7.78677 -4.32108e-14)
(-69.0985 13.8735 -3.64507e-14)
(-66.1608 19.5218 -3.49197e-14)
(-62.4254 24.3191 -3.6389e-14)
(-58.0195 27.9482 -3.54175e-14)
(-53.1476 30.2608 -3.57955e-14)
(-48.0544 31.2955 -3.26722e-14)
(-42.978 31.236 -2.45863e-14)
(-38.1115 30.3396 -2.31682e-14)
(-33.5864 28.8712 -2.1457e-14)
(-29.4732 27.0606 -2.11852e-14)
(-25.7939 25.0848 -2.14014e-14)
(-22.5369 23.0674 -2.0071e-14)
(-19.6709 21.0876 -1.88811e-14)
(-17.1551 19.1913 -1.7255e-14)
(-14.9462 17.4016 -1.74053e-14)
(-13.003 15.7269 -1.49454e-14)
(-11.2879 14.1668 -1.47189e-14)
(-9.76795 12.7164 -1.66439e-14)
(-8.41505 11.3681 -1.27753e-14)
(-7.20541 10.1138 -1.33044e-14)
(-6.11908 8.94557 -1.45865e-14)
(-5.13941 7.85562 -1.28672e-14)
(-4.25249 6.83698 -1.31532e-14)
(-3.44663 5.8833 -1.19458e-14)
(-2.71199 4.98882 -1.18725e-14)
(-2.04021 4.14825 -1.08316e-14)
(-1.42363 3.35638 -1.09613e-14)
(-0.861188 2.61014 -1.06924e-14)
(-0.341094 1.91114 -9.63806e-15)
(0.138313 1.25204 -1.31458e-14)
(0.579804 0.625178 -1.33325e-14)
(0.989431 0.0296125 -1.14417e-14)
(1.36945 -0.53699 -1.22483e-14)
(1.72203 -1.0763 -1.20992e-14)
(2.04954 -1.59055 -1.17062e-14)
(2.35415 -2.08197 -1.10839e-14)
(2.63777 -2.55264 -1.07701e-14)
(2.90215 -3.0045 -1.20271e-14)
(3.14882 -3.43935 -1.20396e-14)
(3.37916 -3.85888 -1.10271e-14)
(3.5944 -4.26465 -1.32857e-14)
(3.79565 -4.65814 -1.30615e-14)
(3.98389 -5.04069 -1.485e-14)
(4.15987 -5.41366 -1.36715e-14)
(4.32468 -5.77809 -1.46583e-14)
(4.47866 -6.13525 -1.51197e-14)
(4.62255 -6.48619 -1.43019e-14)
(4.75685 -6.83188 -1.53923e-14)
(4.882 -7.17328 -1.31605e-14)
(4.99837 -7.51127 -1.24417e-14)
(5.10624 -7.84671 -1.45053e-14)
(5.20584 -8.1804 -1.53853e-14)
(5.29734 -8.51312 -1.41732e-14)
(5.38084 -8.84563 -1.55524e-14)
(5.45637 -9.17862 -1.31398e-14)
(5.52389 -9.51278 -1.56777e-14)
(5.58333 -9.8488 -1.1789e-14)
(5.63452 -10.1873 -1.31702e-14)
(5.67724 -10.5289 -1.29961e-14)
(5.71119 -10.8742 -1.4416e-14)
(5.736 -11.2238 -1.35313e-14)
(5.75122 -11.5783 -1.49706e-14)
(5.7563 -11.9381 -1.30679e-14)
(5.75058 -12.3038 -1.06819e-14)
(5.73331 -12.6758 -1.08637e-14)
(5.7036 -13.0546 -1.04473e-14)
(5.66042 -13.4406 -1.51397e-14)
(5.60258 -13.8339 -8.92783e-15)
(5.52874 -14.2349 -1.91304e-14)
(5.43732 -14.6437 -1.80117e-14)
(5.32655 -15.0602 -1.81189e-14)
(5.1944 -15.4842 -2.05561e-14)
(5.03856 -15.9153 -1.73122e-14)
(4.8564 -16.3527 -1.98833e-14)
(4.6449 -16.7953 -1.78385e-14)
(4.40068 -17.2415 -2.51485e-14)
(4.1198 -17.6892 -1.39205e-14)
(3.79787 -18.1352 -2.48502e-14)
(3.42982 -18.5756 -1.63166e-14)
(3.00995 -19.005 -3.00209e-14)
(2.53181 -19.4166 -2.95564e-14)
(1.98817 -19.8014 -2.20705e-14)
(1.37098 -20.1481 -1.66957e-14)
(0.671403 -20.4419 -2.52205e-14)
(-0.120097 -20.6647 -2.37402e-14)
(-1.01359 -20.7935 -2.50297e-14)
(-2.01914 -20.8001 -3.0105e-14)
(-3.14608 -20.6508 -3.17355e-14)
(-4.40153 -20.3063 -3.5948e-14)
(-5.78827 -19.7237 -2.46717e-14)
(-7.30171 -18.8592 -1.86056e-14)
(-8.9262 -17.6741 -3.31967e-14)
(-10.6324 -16.1414 -3.6335e-14)
(-12.3755 -14.254 -3.64473e-14)
(-14.0807 -12.0174 -2.79431e-14)
(-15.6275 -9.54203 -2.62684e-14)
(-17.0046 -6.98056 -2.562e-14)
(-18.0016 -4.4492 -2.71516e-14)
(-18.5955 -2.16173 -3.85266e-14)
(-18.7355 -0.270682 -3.24188e-14)
(-18.4254 1.10101 -2.85349e-14)
(-17.7122 1.88746 -2.24481e-14)
(-16.691 2.119 -1.7882e-14)
(-15.4891 1.90885 -2.66581e-14)
(-14.2305 1.40454 -2.28692e-14)
(-13.013 0.74653 -1.99492e-14)
(-11.9014 0.0466322 -2.40745e-14)
(-10.9296 -0.619061 -2.9747e-14)
(-10.1066 -1.20853 -3.09502e-14)
(-9.42316 -1.70932 -2.73866e-14)
(-8.85916 -2.13068 -2.69558e-14)
(-8.41132 -2.47698 -2.33506e-14)
(-8.03918 -2.74713 -3.11976e-14)
(-7.74178 -2.97747 -3.28174e-14)
(-7.50062 -3.17833 -1.33124e-14)
(-7.30368 -3.35855 -7.95297e-15)
(-7.14264 -3.52883 -2.56351e-14)
(-7.01095 -3.69747 -1.84018e-14)
(-6.90401 -3.87077 -2.74043e-14)
(-6.81909 -4.05309 -2.14877e-14)
(-6.75452 -4.24795 -4.2747e-14)
(-6.70948 -4.4585 -3.19309e-13)
(-6.68492 -4.68698 -2.08792e-12)
(-6.68113 -4.93437 -9.31279e-12)
(-6.70039 -5.20191 -3.05613e-11)
(-6.74526 -5.4898 -7.80411e-11)
(-6.81979 -5.79758 -1.60196e-10)
(-6.92963 -6.12356 -2.70827e-10)
(-7.08193 -6.46438 -3.85284e-10)
(-7.2851 -6.81471 -4.70263e-10)
(-7.54888 -7.16688 -5.00875e-10)
)
;
    }
    inlet
    {
        type            calculated;
        value           uniform (0 0 0);
    }
    rWedge
    {
        type            wedge;
    }
    lWedge
    {
        type            wedge;
    }
    outlet
    {
        type            calculated;
        value           nonuniform 0();
    }
    procBoundary1to0
    {
        type            processor;
        value           uniform (0 0 0);
    }
    procBoundary1to2
    {
        type            processor;
        value           uniform (0 0 0);
    }
}


// ************************************************************************* //
