/*--------------------------------*- C++ -*----------------------------------*\
| =========                 |                                                 |
| \\      /  F ield         | OpenFOAM: The Open Source CFD Toolbox           |
|  \\    /   O peration     | Version:  v1706                                 |
|   \\  /    A nd           | Web:      www.OpenFOAM.com                      |
|    \\/     M anipulation  |                                                 |
\*---------------------------------------------------------------------------*/
FoamFile
{
    version     2.0;
    format      ascii;
    class       volVectorField;
    location    "1.2e-05";
    object      wallShearStress;
}
// * * * * * * * * * * * * * * * * * * * * * * * * * * * * * * * * * * * * * //

dimensions      [1 -1 -2 0 0 0 0];


internalField   uniform (0 0 0);

boundaryField
{
    cone
    {
        type            calculated;
        value           nonuniform List<vector> 
119
(
(-15.2827 0.247411 -5.14769e-10)
(-15.024 0.338937 -3.75181e-10)
(-14.5988 0.273123 -2.45472e-10)
(-14.0424 0.0655109 -1.45999e-10)
(-13.3937 -0.260215 -7.98872e-11)
(-12.6932 -0.673486 -4.0713e-11)
(-11.9792 -1.14073 -1.96304e-11)
(-11.2841 -1.63026 -9.13123e-12)
(-10.6316 -2.1159 -4.21016e-12)
(-10.037 -2.57896 -1.983e-12)
(-9.5069 -3.00862 -9.76746e-13)
(-9.04153 -3.40113 -5.09611e-13)
(-8.63709 -3.75724 -2.69897e-13)
(-8.28733 -4.08071 -1.47734e-13)
(-7.99212 -4.37059 -8.39393e-14)
(-7.73449 -4.62811 -6.24756e-14)
(-7.51546 -4.86524 -2.90413e-14)
(-7.32722 -5.08203 -2.21914e-14)
(-7.16429 -5.28135 -1.61852e-14)
(-7.02209 -5.46655 -2.58705e-14)
(-6.8966 -5.64048 -3.2652e-14)
(-6.78447 -5.80555 -2.5723e-14)
(-6.68297 -5.96387 -3.03119e-14)
(-6.58989 -6.1173 -9.21579e-15)
(-6.50351 -6.26743 -4.63242e-15)
(-6.4226 -6.41557 -8.57924e-15)
(-6.34628 -6.56275 -1.07371e-14)
(-6.27412 -6.70972 -1.87082e-14)
(-6.20589 -6.85691 -1.64962e-14)
(-6.1418 -7.00452 -9.82465e-15)
(-6.08196 -7.15248 -1.3722e-14)
(-6.02698 -7.30062 -2.31475e-14)
(-5.97712 -7.44848 -3.53325e-15)
(-5.93297 -7.5957 -1.83556e-14)
(-5.89494 -7.74177 -7.84227e-15)
(-5.86337 -7.88622 -8.18259e-15)
(-5.83852 -8.02866 4.0906e-16)
(-5.82052 -8.16876 -1.15102e-14)
(-5.80938 -8.30635 -9.48035e-15)
(-5.805 -8.44135 -5.92656e-15)
(-5.80716 -8.57384 -2.21445e-14)
(-5.81559 -8.70398 -9.20411e-15)
(-5.82997 -8.83206 -1.30283e-14)
(-5.84994 -8.95843 -2.4286e-14)
(-5.87518 -9.08344 -1.75859e-14)
(-5.90539 -9.20751 -3.01314e-14)
(-5.94031 -9.33099 -1.49212e-14)
(-5.97977 -9.4542 8.84242e-15)
(-6.02366 -9.57742 -1.22868e-14)
(-6.07193 -9.70088 -8.69413e-15)
(-6.12459 -9.8247 -7.92012e-15)
(-6.18171 -9.94899 -1.29081e-14)
(-6.2434 -10.0738 -1.18853e-14)
(-6.30979 -10.1991 -7.26378e-15)
(-6.38102 -10.325 -2.71009e-14)
(-6.45724 -10.4513 -1.02358e-14)
(-6.53859 -10.578 -4.42341e-15)
(-6.62523 -10.7052 -1.85562e-14)
(-6.71727 -10.8328 -2.39489e-14)
(-6.81486 -10.9607 -1.89517e-14)
(-6.91813 -11.0891 -1.34255e-14)
(-7.02718 -11.2178 -1.42231e-14)
(-7.14215 -11.3469 -1.35947e-14)
(-7.26317 -11.4764 -1.77716e-14)
(-7.39037 -11.6063 -1.40472e-14)
(-7.52392 -11.7367 -2.15327e-14)
(-7.66396 -11.8676 -1.57394e-14)
(-7.81069 -11.9989 -2.33402e-14)
(-7.96427 -12.1308 -2.25384e-14)
(-8.12491 -12.2632 -2.22644e-14)
(-8.2928 -12.396 -1.81318e-14)
(-8.46817 -12.5294 -1.78936e-14)
(-8.65118 -12.6631 -2.2537e-14)
(-8.84206 -12.7973 -1.37748e-14)
(-9.04099 -12.9319 -1.86929e-14)
(-9.24818 -13.0667 -1.10227e-14)
(-9.46381 -13.2017 -1.16779e-14)
(-9.68808 -13.3368 -1.93563e-14)
(-9.92117 -13.472 -8.79611e-15)
(-10.1633 -13.6071 -2.78736e-14)
(-10.4146 -13.7421 -1.09732e-14)
(-10.6754 -13.8768 -1.3731e-14)
(-10.9457 -14.0111 -1.93642e-14)
(-11.2259 -14.1449 -1.74155e-14)
(-11.5161 -14.2782 -1.85204e-14)
(-11.8165 -14.4108 -2.31494e-15)
(-12.1273 -14.5426 -8.76432e-15)
(-12.4488 -14.6734 -2.99131e-14)
(-12.781 -14.8033 -2.34429e-14)
(-13.1241 -14.932 -2.40423e-14)
(-13.4782 -15.0594 -2.01875e-14)
(-13.8434 -15.1854 -1.93785e-14)
(-14.22 -15.3099 -3.46616e-14)
(-14.6082 -15.4328 -1.86326e-14)
(-15.0082 -15.5541 -1.43391e-14)
(-15.4204 -15.6738 -2.39244e-14)
(-15.8452 -15.7919 -4.66633e-14)
(-16.2831 -15.9084 -6.68909e-15)
(-16.7343 -16.0233 -1.39912e-14)
(-17.1991 -16.1362 2.34925e-15)
(-17.6767 -16.2465 -3.7658e-15)
(-18.1654 -16.3525 -2.65055e-14)
(-18.6611 -16.4516 -1.98238e-14)
(-19.1564 -16.5389 -1.11062e-14)
(-19.6398 -16.6087 -4.73064e-14)
(-20.097 -16.6538 -2.51104e-14)
(-20.5135 -16.6702 -3.92436e-14)
(-20.8779 -16.6561 -4.20932e-14)
(-21.19 -16.6183 -3.07651e-14)
(-21.4625 -16.5696 -2.58662e-14)
(-21.7529 -16.5464 -2.23434e-14)
(-22.1399 -16.5846 -3.74058e-14)
(-22.6704 -16.69 -1.10223e-14)
(-23.2488 -16.7622 -3.79715e-14)
(-23.6294 -16.6794 -8.24321e-15)
(-23.5985 -16.3517 -2.69566e-14)
(-23.1296 -15.8962 -1.86036e-14)
(-22.6787 -15.5651 -1.12644e-14)
(-23.9666 -15.9532 -1.75768e-14)
)
;
    }
    inlet
    {
        type            calculated;
        value           uniform (0 0 0);
    }
    rWedge
    {
        type            wedge;
    }
    lWedge
    {
        type            wedge;
    }
    outlet
    {
        type            calculated;
        value           uniform (0 0 0);
    }
    procBoundary0to1
    {
        type            processor;
        value           uniform (0 0 0);
    }
    procBoundary0to2
    {
        type            processor;
        value           uniform (0 0 0);
    }
}


// ************************************************************************* //
