/*--------------------------------*- C++ -*----------------------------------*\
| =========                 |                                                 |
| \\      /  F ield         | OpenFOAM: The Open Source CFD Toolbox           |
|  \\    /   O peration     | Version:  v1706                                 |
|   \\  /    A nd           | Web:      www.OpenFOAM.com                      |
|    \\/     M anipulation  |                                                 |
\*---------------------------------------------------------------------------*/
FoamFile
{
    version     2.0;
    format      ascii;
    class       volVectorField;
    location    "3.8e-05";
    object      wallShearStress;
}
// * * * * * * * * * * * * * * * * * * * * * * * * * * * * * * * * * * * * * //

dimensions      [1 -1 -2 0 0 0 0];


internalField   uniform (0 0 0);

boundaryField
{
    cone
    {
        type            calculated;
        value           nonuniform List<vector> 
119
(
(-0.0727989 -0.468418 -6.22674e-12)
(0.270477 -0.811113 -7.53981e-12)
(0.554672 -1.13436 -8.90853e-12)
(0.782908 -1.43757 -1.02821e-11)
(0.957075 -1.72148 -1.15915e-11)
(1.0796 -1.9852 -1.27651e-11)
(1.15314 -2.22509 -1.37262e-11)
(1.17808 -2.4441 -1.44121e-11)
(1.15754 -2.64055 -1.47737e-11)
(1.09351 -2.81346 -1.47847e-11)
(0.988538 -2.96242 -1.4449e-11)
(0.845801 -3.08727 -1.37999e-11)
(0.669087 -3.18828 -1.28859e-11)
(0.462824 -3.26607 -1.17776e-11)
(0.232057 -3.32186 -1.05441e-11)
(-0.0176753 -3.35732 -9.2551e-12)
(-0.280509 -3.37466 -7.95832e-12)
(-0.550517 -3.37643 -6.7165e-12)
(-0.822003 -3.36539 -5.55899e-12)
(-1.08978 -3.34431 -4.51416e-12)
(-1.34941 -3.31574 -3.58904e-12)
(-1.59731 -3.28193 -2.78381e-12)
(-1.83082 -3.24468 -2.10341e-12)
(-2.04817 -3.20535 -1.52806e-12)
(-2.24844 -3.16486 -1.0608e-12)
(-2.43143 -3.12363 -6.86729e-13)
(-2.59758 -3.08164 -3.8963e-13)
(-2.74783 -3.03848 -1.58929e-13)
(-2.88343 -2.99342 2.18641e-14)
(-3.0058 -2.94555 1.6059e-13)
(-3.11638 -2.89389 2.61163e-13)
(-3.21654 -2.83747 3.32568e-13)
(-3.30752 -2.77543 3.93519e-13)
(-3.3904 -2.7071 4.26865e-13)
(-3.46608 -2.63197 4.57226e-13)
(-3.53536 -2.54973 4.74851e-13)
(-3.599 -2.46011 4.89038e-13)
(-3.65772 -2.36284 4.91801e-13)
(-3.71242 -2.2563 4.95967e-13)
(-3.76033 -2.14319 4.96381e-13)
(-3.80766 -2.02607 4.89307e-13)
(-3.84833 -1.90138 4.90168e-13)
(-3.88497 -1.77139 4.8429e-13)
(-3.91724 -1.6373 4.75728e-13)
(-3.94474 -1.49997 4.70674e-13)
(-3.96699 -1.36053 4.58829e-13)
(-3.98336 -1.22019 4.5649e-13)
(-3.99332 -1.0804 4.53699e-13)
(-3.99581 -0.942533 4.34931e-13)
(-3.99007 -0.808283 4.23329e-13)
(-3.97517 -0.679422 4.08748e-13)
(-3.95032 -0.557796 3.92241e-13)
(-3.91488 -0.445249 3.7724e-13)
(-3.86853 -0.343523 3.61652e-13)
(-3.81125 -0.254102 3.38943e-13)
(-3.74348 -0.178076 3.27638e-13)
(-3.66609 -0.115982 3.1113e-13)
(-3.58036 -0.0677639 2.88379e-13)
(-3.4879 -0.0327912 2.689e-13)
(-3.3904 -0.0100263 2.52803e-13)
(-3.28952 0.00183114 2.36518e-13)
(-3.18677 0.0042373 2.20823e-13)
(-3.08348 -0.00128224 2.04521e-13)
(-2.98083 -0.0131404 1.87003e-13)
(-2.8799 -0.0296862 1.72069e-13)
(-2.78167 -0.0491769 1.55378e-13)
(-2.68708 -0.0697779 1.43146e-13)
(-2.59696 -0.0895678 1.28183e-13)
(-2.51193 -0.106598 1.1618e-13)
(-2.43233 -0.118978 1.0481e-13)
(-2.35812 -0.124958 9.52003e-14)
(-2.28875 -0.123043 8.46592e-14)
(-2.22315 -0.112061 7.47756e-14)
(-2.15972 -0.09128 6.91625e-14)
(-2.09636 -0.0604967 6.01608e-14)
(-2.03057 -0.0201626 5.49846e-14)
(-1.95967 0.028532 4.83328e-14)
(-1.88099 0.0835829 4.06981e-14)
(-1.79209 0.14219 3.79375e-14)
(-1.69101 0.200843 2.93205e-14)
(-1.57642 0.255526 2.91132e-14)
(-1.44778 0.301987 2.50659e-14)
(-1.30545 0.336143 1.97283e-14)
(-1.15089 0.354561 1.74413e-14)
(-0.986484 0.354836 1.54194e-14)
(-0.815283 0.335639 1.65359e-14)
(-0.640623 0.296338 1.25467e-14)
(-0.465922 0.236296 6.74735e-15)
(-0.302412 0.15516 7.12718e-15)
(-0.14652 0.0662856 5.78129e-15)
(-0.00625033 -0.0335772 4.66546e-15)
(0.111213 -0.141276 3.40915e-15)
(0.207435 -0.252732 -1.51264e-16)
(0.279667 -0.365373 1.7934e-15)
(0.324002 -0.47514 7.52365e-16)
(0.338983 -0.577778 -1.59649e-15)
(0.321416 -0.670886 -5.74283e-15)
(0.270155 -0.751618 1.90961e-15)
(0.185064 -0.817466 2.68188e-16)
(0.066109 -0.866757 5.08818e-15)
(-0.0861267 -0.898273 3.69487e-15)
(-0.270212 -0.911066 -1.01827e-15)
(-0.483431 -0.904273 6.14235e-16)
(-0.721186 -0.876827 1.9228e-15)
(-0.976264 -0.827443 -6.68104e-15)
(-1.23826 -0.755398 -3.37266e-15)
(-1.49394 -0.662174 -5.92191e-15)
(-1.72916 -0.553079 -5.7835e-15)
(-1.9312 -0.437556 -5.43194e-15)
(-2.09128 -0.329375 -3.62381e-15)
(-2.19972 -0.238177 -2.89506e-15)
(-2.27578 -0.179158 -4.52252e-15)
(-2.30521 -0.168566 9.33746e-16)
(-2.31122 -0.206861 -3.94385e-15)
(-2.303 -0.298651 1.24452e-16)
(-2.28423 -0.437509 -4.17707e-15)
(-2.324 -0.617739 -4.14501e-15)
(-2.19318 -0.78955 -1.38018e-15)
(-2.40291 -0.898819 -3.15247e-15)
)
;
    }
    inlet
    {
        type            calculated;
        value           uniform (0 0 0);
    }
    rWedge
    {
        type            wedge;
    }
    lWedge
    {
        type            wedge;
    }
    outlet
    {
        type            calculated;
        value           uniform (0 0 0);
    }
    procBoundary0to1
    {
        type            processor;
        value           uniform (0 0 0);
    }
    procBoundary0to2
    {
        type            processor;
        value           uniform (0 0 0);
    }
}


// ************************************************************************* //
