/*--------------------------------*- C++ -*----------------------------------*\
| =========                 |                                                 |
| \\      /  F ield         | OpenFOAM: The Open Source CFD Toolbox           |
|  \\    /   O peration     | Version:  v1706                                 |
|   \\  /    A nd           | Web:      www.OpenFOAM.com                      |
|    \\/     M anipulation  |                                                 |
\*---------------------------------------------------------------------------*/
FoamFile
{
    version     2.0;
    format      ascii;
    class       volVectorField;
    location    "2e-05";
    object      wallShearStress;
}
// * * * * * * * * * * * * * * * * * * * * * * * * * * * * * * * * * * * * * //

dimensions      [1 -1 -2 0 0 0 0];


internalField   uniform (0 0 0);

boundaryField
{
    cone
    {
        type            calculated;
        value           nonuniform List<vector> 
153
(
(-182.613 -157.763 -5.74712e-14)
(-183.04 -156.278 -4.57445e-14)
(-183.44 -154.781 -4.58573e-14)
(-183.812 -153.274 -5.26249e-14)
(-184.155 -151.753 -4.31395e-14)
(-184.469 -150.22 -3.74091e-14)
(-184.752 -148.675 -4.674e-14)
(-185.006 -147.117 -3.71114e-14)
(-185.23 -145.549 -3.45927e-14)
(-185.425 -143.97 -3.31029e-14)
(-185.59 -142.381 -3.44462e-14)
(-185.725 -140.783 -3.08557e-14)
(-185.832 -139.176 -3.54861e-14)
(-185.909 -137.561 -3.05917e-14)
(-185.956 -135.938 -2.39781e-14)
(-185.976 -134.309 -2.33069e-14)
(-185.966 -132.673 -2.80514e-14)
(-185.928 -131.031 -1.87753e-14)
(-185.862 -129.384 -1.89655e-14)
(-185.767 -127.733 -2.09909e-14)
(-185.645 -126.078 -1.64835e-14)
(-185.494 -124.419 -1.62543e-14)
(-185.316 -122.757 -6.95391e-15)
(-185.109 -121.092 -5.88455e-15)
(-184.875 -119.425 -6.60719e-15)
(-184.614 -117.757 -2.29902e-15)
(-184.324 -116.087 -9.68035e-15)
(-184.006 -114.417 -8.73304e-15)
(-183.658 -112.745 -2.1164e-15)
(-183.282 -111.074 -1.31475e-15)
(-182.875 -109.402 -7.99182e-15)
(-182.437 -107.73 -1.64019e-15)
(-181.966 -106.058 -4.76866e-15)
(-181.461 -104.386 5.01079e-15)
(-180.92 -102.714 3.40531e-15)
(-180.338 -101.04 1.9327e-15)
(-179.713 -99.3654 2.16369e-15)
(-179.039 -97.6887 -3.64752e-16)
(-178.31 -96.0085 -1.1369e-15)
(-177.516 -94.3229 2.60157e-15)
(-176.649 -92.6289 5.87183e-15)
(-175.694 -90.9239 3.53821e-15)
(-174.629 -89.2068 8.97511e-15)
(-173.433 -87.4735 7.74043e-15)
(-172.071 -85.7238 6.52114e-15)
(-170.474 -83.9499 8.15444e-15)
(-168.592 -82.1388 5.968e-15)
(-166.205 -80.3511 9.0224e-15)
(-163.332 -78.3908 9.83457e-15)
(-160.625 -76.7285 1.18667e-14)
(-158.232 -75.4252 8.1762e-15)
(-156.07 -74.2958 7.45665e-15)
(-154.077 -73.2766 8.61672e-15)
(-152.214 -72.3409 7.96661e-15)
(-150.454 -71.4707 8.7751e-15)
(-148.78 -70.6536 8.49689e-15)
(-147.178 -69.8801 7.39871e-15)
(-145.638 -69.1428 7.05377e-15)
(-144.153 -68.4348 9.16177e-15)
(-142.716 -67.7557 6.42898e-15)
(-141.318 -67.1006 8.24213e-15)
(-139.954 -66.4664 1.01225e-14)
(-138.621 -65.8525 8.36608e-15)
(-137.316 -65.2537 7.6886e-15)
(-136.038 -64.6641 5.41294e-15)
(-134.78 -64.086 8.55264e-15)
(-133.541 -63.5229 1.05131e-14)
(-132.319 -62.9695 1.32967e-14)
(-131.113 -62.4245 8.93719e-15)
(-129.92 -61.8871 7.13004e-15)
(-128.739 -61.3565 1.18453e-14)
(-127.569 -60.8318 1.20173e-14)
(-126.409 -60.3125 1.38829e-14)
(-125.257 -59.7979 1.49586e-14)
(-124.112 -59.2874 1.22988e-14)
(-122.975 -58.7805 1.10063e-14)
(-121.843 -58.2768 1.07338e-14)
(-120.717 -57.7758 1.26183e-14)
(-119.596 -57.2771 1.1398e-14)
(-118.479 -56.7806 9.77394e-15)
(-117.366 -56.2858 1.10795e-14)
(-116.257 -55.7925 1.10172e-14)
(-115.151 -55.3005 1.10416e-14)
(-114.049 -54.8097 1.33677e-14)
(-112.95 -54.3198 9.5601e-15)
(-111.853 -53.8308 1.12495e-14)
(-110.76 -53.3426 1.35782e-14)
(-109.67 -52.855 1.28564e-14)
(-108.583 -52.3681 1.06865e-14)
(-107.498 -51.8817 1.17123e-14)
(-106.417 -51.3959 1.04166e-14)
(-105.339 -50.9108 1.28648e-14)
(-104.265 -50.4262 1.59009e-14)
(-103.194 -49.9423 1.28563e-14)
(-102.127 -49.4592 1.42643e-14)
(-101.064 -48.9768 1.24389e-14)
(-100.005 -48.4953 8.63988e-15)
(-98.9511 -48.0147 1.2187e-14)
(-97.9014 -47.5352 1.36471e-14)
(-96.8568 -47.0569 2.05524e-14)
(-95.8174 -46.5799 1.42023e-14)
(-94.7835 -46.1043 1.98127e-14)
(-93.7553 -45.6302 1.51544e-14)
(-92.7332 -45.1578 1.13036e-14)
(-91.7174 -44.6872 1.74805e-14)
(-90.7082 -44.2185 1.2278e-14)
(-89.7058 -43.752 9.80235e-15)
(-88.7106 -43.2876 8.47195e-15)
(-87.7226 -42.8256 1.54448e-14)
(-86.7423 -42.3661 1.46721e-14)
(-85.7697 -41.9092 1.70003e-14)
(-84.8053 -41.4551 9.74469e-15)
(-83.849 -41.0039 1.92497e-14)
(-82.9013 -40.5556 1.8186e-14)
(-81.9622 -40.1105 1.77849e-14)
(-81.032 -39.6687 1.76922e-14)
(-80.1108 -39.2302 1.51025e-14)
(-79.1987 -38.7952 1.4895e-14)
(-78.2961 -38.3638 1.68749e-14)
(-77.4029 -37.936 1.4302e-14)
(-76.5194 -37.512 1.34882e-14)
(-75.6456 -37.0919 1.79534e-14)
(-74.7817 -36.6757 1.3433e-14)
(-73.9278 -36.2635 1.11171e-14)
(-73.084 -35.8555 1.5853e-14)
(-72.2503 -35.4515 1.69041e-14)
(-71.4269 -35.0519 1.12541e-14)
(-70.6139 -34.6565 1.45747e-14)
(-69.8112 -34.2654 1.29959e-14)
(-69.0189 -33.8788 1.11837e-14)
(-68.2371 -33.4966 1.23506e-14)
(-67.4659 -33.1188 1.31758e-14)
(-66.7051 -32.7456 1.74183e-14)
(-65.955 -32.377 1.46398e-14)
(-65.2154 -32.0129 1.78912e-14)
(-64.4864 -31.6535 2.15636e-14)
(-63.7679 -31.2986 1.43228e-14)
(-63.06 -30.9485 1.73637e-14)
(-62.3626 -30.603 1.65017e-14)
(-61.6757 -30.2621 1.20075e-14)
(-60.9993 -29.9259 7.4997e-15)
(-60.3332 -29.5945 6.9207e-15)
(-59.6775 -29.2676 1.03277e-14)
(-59.0322 -28.9455 1.35849e-14)
(-58.397 -28.628 1.23181e-14)
(-57.772 -28.3151 7.93192e-15)
(-57.1571 -28.0069 1.12416e-14)
(-56.5522 -27.7033 1.25799e-14)
(-55.9572 -27.4042 8.94297e-15)
(-55.372 -27.1098 5.90496e-15)
(-54.7966 -26.8198 7.80623e-15)
(-54.2309 -26.5344 4.66212e-15)
(-53.6749 -26.2536 1.14699e-14)
)
;
    }
    inlet
    {
        type            calculated;
        value           uniform (0 0 0);
    }
    rWedge
    {
        type            wedge;
    }
    lWedge
    {
        type            wedge;
    }
    outlet
    {
        type            calculated;
        value           nonuniform 0();
    }
    procBoundary2to0
    {
        type            processor;
        value           uniform (0 0 0);
    }
    procBoundary2to1
    {
        type            processor;
        value           uniform (0 0 0);
    }
    procBoundary2to3
    {
        type            processor;
        value           uniform (0 0 0);
    }
}


// ************************************************************************* //
