/*--------------------------------*- C++ -*----------------------------------*\
| =========                 |                                                 |
| \\      /  F ield         | OpenFOAM: The Open Source CFD Toolbox           |
|  \\    /   O peration     | Version:  v1706                                 |
|   \\  /    A nd           | Web:      www.OpenFOAM.com                      |
|    \\/     M anipulation  |                                                 |
\*---------------------------------------------------------------------------*/
FoamFile
{
    version     2.0;
    format      ascii;
    class       volVectorField;
    location    "3.3e-05";
    object      wallShearStress;
}
// * * * * * * * * * * * * * * * * * * * * * * * * * * * * * * * * * * * * * //

dimensions      [1 -1 -2 0 0 0 0];


internalField   uniform (0 0 0);

boundaryField
{
    cone
    {
        type            calculated;
        value           nonuniform List<vector> 
119
(
(-0.0442708 -0.334078 -4.77936e-11)
(-0.0164332 -0.356134 -4.43022e-11)
(0.00838187 -0.377135 -3.9241e-11)
(0.0302589 -0.397043 -3.32089e-11)
(0.0493914 -0.415868 -2.6851e-11)
(0.0660448 -0.433675 -2.07382e-11)
(0.0805274 -0.450561 -1.53011e-11)
(0.093168 -0.466647 -1.07813e-11)
(0.104295 -0.482064 -7.25203e-12)
(0.114221 -0.49694 -4.6518e-12)
(0.123235 -0.5114 -2.84039e-12)
(0.131593 -0.525558 -1.64666e-12)
(0.13952 -0.539516 -9.00293e-13)
(0.147208 -0.553363 -4.61213e-13)
(0.154815 -0.567182 -2.18088e-13)
(0.162472 -0.581043 -9.40124e-14)
(0.170284 -0.595012 -3.19322e-14)
(0.178333 -0.609148 -6.89559e-15)
(0.186681 -0.623505 1.89317e-15)
(0.195368 -0.638134 1.68344e-15)
(0.20442 -0.653084 -3.43521e-16)
(0.213845 -0.668398 -6.05711e-16)
(0.223636 -0.684112 -2.00552e-15)
(0.233769 -0.70026 3.3586e-16)
(0.244205 -0.716863 5.88565e-16)
(0.254889 -0.733933 -6.37538e-16)
(0.265753 -0.751473 -1.47712e-15)
(0.276715 -0.769469 -2.59784e-15)
(0.287682 -0.787889 -2.1735e-15)
(0.298539 -0.806723 -8.4263e-16)
(0.309171 -0.82588 -1.58332e-15)
(0.319504 -0.845322 -2.93178e-15)
(0.329375 -0.864983 8.56101e-17)
(0.338672 -0.884765 -1.60758e-15)
(0.347284 -0.904569 2.47834e-16)
(0.355101 -0.924311 4.62289e-16)
(0.36203 -0.943902 1.72353e-15)
(0.367986 -0.963246 1.02182e-16)
(0.3729 -0.982259 2.54787e-16)
(0.376722 -1.00086 -2.52716e-16)
(0.379418 -1.01898 -2.98119e-15)
(0.380973 -1.03656 -1.56263e-15)
(0.381392 -1.05355 -2.07023e-15)
(0.380693 -1.06993 -3.41978e-15)
(0.378914 -1.08569 -2.7314e-15)
(0.376103 -1.10081 -4.21501e-15)
(0.372317 -1.11532 -5.85167e-16)
(0.367623 -1.12924 2.87586e-15)
(0.362088 -1.14259 -6.12209e-16)
(0.355782 -1.15542 -2.75496e-16)
(0.34877 -1.16777 -6.45591e-16)
(0.341111 -1.17969 -1.49445e-15)
(0.332856 -1.1912 -1.10994e-15)
(0.32405 -1.20236 -6.8656e-16)
(0.314722 -1.21319 -3.26024e-15)
(0.304897 -1.22373 -4.35833e-17)
(0.294586 -1.234 5.82551e-16)
(0.283794 -1.24401 -2.02542e-15)
(0.272514 -1.25378 -2.92469e-15)
(0.260735 -1.26331 -2.14546e-15)
(0.248441 -1.27261 -1.23948e-15)
(0.23561 -1.28169 -4.44869e-16)
(0.222219 -1.29054 -4.80149e-16)
(0.208244 -1.29918 -1.40288e-15)
(0.193659 -1.3076 -1.35466e-15)
(0.178442 -1.31582 -2.61399e-15)
(0.162572 -1.32384 -1.91126e-15)
(0.146034 -1.33167 -2.96347e-15)
(0.128818 -1.33932 -2.92981e-15)
(0.110924 -1.34679 -2.8757e-15)
(0.0923603 -1.35409 -2.29936e-15)
(0.0731501 -1.36123 -2.56197e-15)
(0.053333 -1.36821 -2.78999e-15)
(0.0329695 -1.37503 -1.07178e-15)
(0.0121288 -1.38161 -1.71921e-15)
(-0.00913952 -1.38763 -5.19089e-16)
(-0.0308335 -1.39196 -6.76054e-16)
(-0.0527256 -1.39555 -1.67312e-15)
(-0.0748212 -1.39856 -1.52544e-16)
(-0.0969805 -1.40096 -2.59152e-15)
(-0.119062 -1.40264 5.71289e-17)
(-0.140919 -1.40356 -1.347e-16)
(-0.162415 -1.40365 -1.58555e-15)
(-0.183428 -1.40289 -1.19187e-15)
(-0.203876 -1.40127 -7.73758e-16)
(-0.223719 -1.39885 1.4825e-15)
(-0.242974 -1.39571 2.11376e-17)
(-0.261723 -1.39203 -2.78497e-15)
(-0.28012 -1.38807 -1.51846e-15)
(-0.298432 -1.38447 -1.50204e-15)
(-0.318289 -1.37972 -1.57202e-15)
(-0.338786 -1.37581 -1.87093e-15)
(-0.360272 -1.37382 -3.59273e-15)
(-0.382181 -1.37426 -1.62598e-15)
(-0.407318 -1.37714 -1.54016e-15)
(-0.43794 -1.38304 -2.58776e-15)
(-0.475011 -1.39344 -4.97315e-15)
(-0.51922 -1.40782 3.85677e-16)
(-0.569713 -1.42479 -1.94729e-16)
(-0.624286 -1.44212 3.01647e-15)
(-0.679927 -1.45737 2.10832e-15)
(-0.733659 -1.46869 -1.00874e-15)
(-0.783355 -1.4753 3.75185e-17)
(-0.828211 -1.47765 7.82988e-16)
(-0.868747 -1.47716 -4.79126e-15)
(-0.906529 -1.47566 -2.49444e-15)
(-0.943642 -1.47492 -4.14374e-15)
(-0.98199 -1.47621 -3.77766e-15)
(-1.02279 -1.48009 -3.34412e-15)
(-1.06659 -1.4866 -1.98545e-15)
(-1.11325 -1.49563 -1.39102e-15)
(-1.16228 -1.50695 -2.65966e-15)
(-1.21366 -1.51998 9.06942e-16)
(-1.26651 -1.53419 -2.48746e-15)
(-1.31909 -1.54902 3.99072e-16)
(-1.37167 -1.56063 -2.32877e-15)
(-1.42432 -1.56975 -2.28596e-15)
(-1.4687 -1.58888 1.46313e-16)
(-1.55496 -1.6226 -1.5798e-15)
)
;
    }
    inlet
    {
        type            calculated;
        value           uniform (0 0 0);
    }
    rWedge
    {
        type            wedge;
    }
    lWedge
    {
        type            wedge;
    }
    outlet
    {
        type            calculated;
        value           uniform (0 0 0);
    }
    procBoundary0to1
    {
        type            processor;
        value           uniform (0 0 0);
    }
    procBoundary0to2
    {
        type            processor;
        value           uniform (0 0 0);
    }
}


// ************************************************************************* //
