/*--------------------------------*- C++ -*----------------------------------*\
| =========                 |                                                 |
| \\      /  F ield         | OpenFOAM: The Open Source CFD Toolbox           |
|  \\    /   O peration     | Version:  v1706                                 |
|   \\  /    A nd           | Web:      www.OpenFOAM.com                      |
|    \\/     M anipulation  |                                                 |
\*---------------------------------------------------------------------------*/
FoamFile
{
    version     2.0;
    format      ascii;
    class       volVectorField;
    location    "1.2e-05";
    object      wallShearStress;
}
// * * * * * * * * * * * * * * * * * * * * * * * * * * * * * * * * * * * * * //

dimensions      [1 -1 -2 0 0 0 0];


internalField   uniform (0 0 0);

boundaryField
{
    cone
    {
        type            calculated;
        value           nonuniform List<vector> 
147
(
(-0.326178 -0.350705 -8.17583e-13)
(-0.334782 -0.548222 -1.26075e-12)
(-0.341455 -0.764959 -1.86478e-12)
(-0.352163 -0.977714 -2.275e-12)
(-0.364702 -1.19361 -2.61277e-12)
(-0.379604 -1.40912 -2.84245e-12)
(-0.396747 -1.62487 -2.99865e-12)
(-0.416199 -1.84041 -3.0731e-12)
(-0.43793 -2.05572 -3.08346e-12)
(-0.461937 -2.2708 -2.99801e-12)
(-0.487147 -2.48838 -2.8967e-12)
(-0.513927 -2.70717 -2.76174e-12)
(-0.543669 -2.92427 -2.58617e-12)
(-0.576305 -3.13885 -2.38837e-12)
(-0.611413 -3.35127 -2.20294e-12)
(-0.648757 -3.56193 -2.01094e-12)
(-0.688254 -3.77101 -1.83648e-12)
(-0.729863 -3.97851 -1.6861e-12)
(-0.77354 -4.18442 -1.52803e-12)
(-0.819244 -4.38868 -1.39138e-12)
(-0.866937 -4.59123 -1.27053e-12)
(-0.916579 -4.79201 -1.15681e-12)
(-0.968124 -4.99095 -1.04601e-12)
(-1.02152 -5.18798 -9.61502e-13)
(-1.07672 -5.38305 -8.72964e-13)
(-1.13368 -5.57609 -8.01318e-13)
(-1.19235 -5.76705 -7.36566e-13)
(-1.25268 -5.95586 -6.86793e-13)
(-1.31463 -6.14248 -6.29873e-13)
(-1.37814 -6.32685 -5.8395e-13)
(-1.44317 -6.50893 -5.44996e-13)
(-1.50968 -6.68866 -5.05843e-13)
(-1.5776 -6.866 -4.68401e-13)
(-1.64689 -7.04089 -4.43775e-13)
(-1.7175 -7.2133 -4.15585e-13)
(-1.78936 -7.38316 -3.95528e-13)
(-1.86242 -7.55042 -3.74963e-13)
(-1.93659 -7.71505 -3.49438e-13)
(-2.01181 -7.87698 -3.28425e-13)
(-2.088 -8.03617 -3.06981e-13)
(-2.16509 -8.19257 -2.9279e-13)
(-2.24299 -8.34615 -2.91555e-13)
(-2.32162 -8.49687 -2.76749e-13)
(-2.40092 -8.64468 -2.56476e-13)
(-2.48078 -8.78957 -2.43509e-13)
(-2.56119 -8.93149 -2.3536e-13)
(-2.64222 -9.07024 -2.30624e-13)
(-2.72342 -9.20611 -2.18479e-13)
(-2.80485 -9.339 -2.08037e-13)
(-2.88646 -9.46887 -1.94666e-13)
(-2.96817 -9.59571 -1.90501e-13)
(-3.04994 -9.71949 -1.82543e-13)
(-3.1317 -9.84023 -1.78192e-13)
(-3.2134 -9.95784 -1.69517e-13)
(-3.2949 -10.0724 -1.64139e-13)
(-3.37612 -10.1841 -1.60294e-13)
(-3.45701 -10.2927 -1.57392e-13)
(-3.53752 -10.3983 -1.48071e-13)
(-3.61759 -10.5009 -1.48607e-13)
(-3.69717 -10.6005 -1.40243e-13)
(-3.77616 -10.6971 -1.35924e-13)
(-3.85453 -10.7909 -1.36348e-13)
(-3.93218 -10.8817 -1.39137e-13)
(-4.00908 -10.9696 -1.37789e-13)
(-4.08514 -11.0547 -1.28951e-13)
(-4.16028 -11.1369 -1.21252e-13)
(-4.23447 -11.2164 -1.19389e-13)
(-4.30762 -11.293 -1.12289e-13)
(-4.37967 -11.3669 -1.12119e-13)
(-4.45059 -11.4381 -1.05584e-13)
(-4.52026 -11.5066 -1.12723e-13)
(-4.58866 -11.5726 -1.11209e-13)
(-4.65573 -11.636 -1.11126e-13)
(-4.72142 -11.6969 -9.82383e-14)
(-4.78569 -11.7553 -1.00126e-13)
(-4.84852 -11.8114 -9.30876e-14)
(-4.90983 -11.8653 -9.04408e-14)
(-4.96963 -11.9169 -8.79137e-14)
(-5.02795 -11.9663 -8.78207e-14)
(-5.08475 -12.0137 -8.37394e-14)
(-5.14004 -12.0592 -8.32114e-14)
(-5.19381 -12.1027 -8.40612e-14)
(-5.2461 -12.1444 -8.08013e-14)
(-5.29698 -12.1844 -8.22886e-14)
(-5.34643 -12.2228 -7.55702e-14)
(-5.39446 -12.2596 -7.68326e-14)
(-5.44122 -12.295 -7.45985e-14)
(-5.48666 -12.329 -7.55125e-14)
(-5.53082 -12.3617 -7.33107e-14)
(-5.57384 -12.3931 -7.49419e-14)
(-5.61574 -12.4235 -7.16241e-14)
(-5.65656 -12.453 -6.9903e-14)
(-5.69638 -12.4815 -6.56296e-14)
(-5.73531 -12.5092 -6.36937e-14)
(-5.77341 -12.5361 -6.17398e-14)
(-5.81079 -12.5624 -6.3908e-14)
(-5.84754 -12.5881 -6.12678e-14)
(-5.88378 -12.6133 -6.29903e-14)
(-5.91959 -12.6381 -6.07808e-14)
(-5.95512 -12.6625 -5.8885e-14)
(-5.99048 -12.6867 -5.89605e-14)
(-6.02579 -12.7107 -5.63044e-14)
(-6.0612 -12.7346 -5.96493e-14)
(-6.09682 -12.7585 -5.32058e-14)
(-6.13281 -12.7824 -5.19454e-14)
(-6.16931 -12.8064 -5.55646e-14)
(-6.20645 -12.8306 -5.4678e-14)
(-6.24441 -12.8549 -5.15116e-14)
(-6.28332 -12.8796 -5.55518e-14)
(-6.32334 -12.9046 -5.32187e-14)
(-6.36463 -12.93 -4.97995e-14)
(-6.40734 -12.9558 -5.00897e-14)
(-6.45165 -12.9821 -5.3433e-14)
(-6.4977 -13.0089 -5.01403e-14)
(-6.54568 -13.0362 -5.13505e-14)
(-6.59574 -13.0642 -4.75024e-14)
(-6.64806 -13.0927 -4.89181e-14)
(-6.70282 -13.1219 -4.31793e-14)
(-6.76018 -13.1518 -4.15918e-14)
(-6.82032 -13.1822 -4.40721e-14)
(-6.88341 -13.2134 -4.30724e-14)
(-6.9496 -13.2452 -4.33826e-14)
(-7.01904 -13.2776 -4.5166e-14)
(-7.09187 -13.3107 -4.27793e-14)
(-7.16823 -13.3444 -3.99043e-14)
(-7.24823 -13.3788 -4.22906e-14)
(-7.33199 -13.4139 -4.03597e-14)
(-7.41963 -13.4497 -3.87384e-14)
(-7.5113 -13.4862 -3.80879e-14)
(-7.60717 -13.5238 -3.69778e-14)
(-7.70717 -13.5621 -3.89159e-14)
(-7.81172 -13.6007 -3.62122e-14)
(-7.92128 -13.6391 -3.6529e-14)
(-8.0358 -13.6774 -3.40555e-14)
(-8.15509 -13.7159 -3.43252e-14)
(-8.2793 -13.7547 -3.3739e-14)
(-8.40862 -13.7937 -3.54106e-14)
(-8.54325 -13.8329 -3.50204e-14)
(-8.68339 -13.8721 -3.5147e-14)
(-8.82917 -13.9112 -3.52364e-14)
(-8.98065 -13.9501 -3.67452e-14)
(-9.1377 -13.9888 -3.70225e-14)
(-9.29993 -14.0272 -3.69163e-14)
(-9.46699 -14.0655 -3.68265e-14)
(-9.63903 -14.1037 -3.47148e-14)
(-9.81675 -14.1416 -3.47652e-14)
(-0.346599 -0.160552 -2.68859e-13)
)
;
    }
    inlet
    {
        type            calculated;
        value           uniform (0 0 0);
    }
    rWedge
    {
        type            wedge;
    }
    lWedge
    {
        type            wedge;
    }
    outlet
    {
        type            calculated;
        value           nonuniform 0();
    }
    procBoundary3to2
    {
        type            processor;
        value           uniform (0 0 0);
    }
}


// ************************************************************************* //
