/*--------------------------------*- C++ -*----------------------------------*\
| =========                 |                                                 |
| \\      /  F ield         | OpenFOAM: The Open Source CFD Toolbox           |
|  \\    /   O peration     | Version:  v1706                                 |
|   \\  /    A nd           | Web:      www.OpenFOAM.com                      |
|    \\/     M anipulation  |                                                 |
\*---------------------------------------------------------------------------*/
FoamFile
{
    version     2.0;
    format      ascii;
    class       volVectorField;
    location    "1.8e-05";
    object      wallShearStress;
}
// * * * * * * * * * * * * * * * * * * * * * * * * * * * * * * * * * * * * * //

dimensions      [1 -1 -2 0 0 0 0];


internalField   uniform (0 0 0);

boundaryField
{
    cone
    {
        type            calculated;
        value           nonuniform List<vector> 
119
(
(-6.95627 -1.1976 -1.35607e-10)
(-7.05951 -1.15487 -8.1479e-11)
(-7.16701 -1.10835 -4.43247e-11)
(-7.27923 -1.05737 -2.16429e-11)
(-7.39664 -1.00116 -9.24857e-12)
(-7.51981 -0.938797 -3.20345e-12)
(-7.64939 -0.869152 -6.33544e-13)
(-7.78613 -0.790896 2.5434e-13)
(-7.93094 -0.702415 4.31174e-13)
(-8.08487 -0.601763 3.65595e-13)
(-8.24914 -0.48659 2.52475e-13)
(-8.42515 -0.354063 1.55863e-13)
(-8.61454 -0.200768 9.20494e-14)
(-8.81925 -0.0226112 5.12492e-14)
(-9.04149 0.185315 2.69855e-14)
(-9.28388 0.428872 1.01112e-14)
(-9.54939 0.715024 5.33422e-15)
(-9.84148 1.052 4.06784e-16)
(-10.164 1.44944 -1.72213e-15)
(-10.5215 1.91856 -5.40246e-15)
(-10.9186 2.4722 -7.52779e-15)
(-11.3607 3.12486 -5.93377e-15)
(-11.8532 3.89259 -6.69017e-15)
(-12.4016 4.79269 -2.73009e-15)
(-13.0112 5.84309 -1.52593e-15)
(-13.6861 7.06149 -2.57285e-15)
(-14.4295 8.46399 -3.65245e-15)
(-15.2416 10.0633 -4.76361e-15)
(-16.1199 11.8659 -4.16605e-15)
(-17.0573 13.87 -2.39255e-15)
(-18.0415 16.0622 -3.17873e-15)
(-19.0546 18.4144 -4.57259e-15)
(-20.0726 20.8804 -1.29613e-15)
(-21.0667 23.391 -3.29012e-15)
(-22.0122 25.8693 -1.54171e-15)
(-22.8704 28.2871 -1.05393e-15)
(-23.5854 30.5463 2.48463e-16)
(-24.119 32.5626 -8.91679e-16)
(-24.4423 34.2675 -6.68106e-16)
(-24.5016 35.5308 -6.78655e-16)
(-24.3337 36.3582 -2.26988e-15)
(-23.957 36.7627 -1.07511e-15)
(-23.3808 36.744 -9.15555e-16)
(-22.6255 36.3239 -1.57057e-15)
(-21.7168 35.5386 -1.26723e-15)
(-20.6836 34.4345 -1.78843e-15)
(-19.5552 33.0633 -1.1058e-16)
(-18.3599 31.4786 1.32398e-15)
(-17.1237 29.7329 3.95528e-17)
(-15.869 27.8743 2.1664e-16)
(-14.6081 25.9304 2.85478e-16)
(-13.3696 23.9542 2.5393e-16)
(-12.1702 21.986 2.55888e-16)
(-11.0215 20.0535 3.45722e-16)
(-9.93562 18.1894 -3.21932e-16)
(-8.919 16.4162 5.156e-16)
(-7.96602 14.7312 5.49983e-16)
(-7.08026 13.147 2.04248e-17)
(-6.26282 11.6707 -1.06004e-16)
(-5.51353 10.3061 6.45964e-17)
(-4.83112 9.05438 4.32619e-16)
(-4.21346 7.91452 3.55596e-16)
(-3.6578 6.88366 1.83438e-16)
(-3.16083 5.95753 5.92971e-18)
(-2.71886 5.13072 9.67948e-17)
(-2.32803 4.39716 -1.53449e-17)
(-1.98414 3.74982 1.47302e-16)
(-1.68324 3.18206 -8.69132e-17)
(-1.42125 2.68667 -8.80816e-17)
(-1.19425 2.25667 -7.78533e-17)
(-0.998488 1.88528 5.18312e-17)
(-0.830449 1.56605 1.00179e-16)
(-0.686845 1.29293 1.60841e-16)
(-0.564654 1.0603 3.58609e-16)
(-0.461117 0.863014 2.33601e-16)
(-0.373746 0.696398 4.44081e-16)
(-0.300306 0.556248 3.84383e-16)
(-0.238816 0.438822 2.43283e-16)
(-0.187526 0.340805 4.00096e-16)
(-0.144905 0.259287 2.86196e-17)
(-0.109618 0.191727 5.28699e-16)
(-0.0805151 0.135921 4.29827e-16)
(-0.0566079 0.0899677 3.08989e-16)
(-0.0370559 0.0522356 4.31957e-16)
(-0.0211501 0.0213301 4.40239e-16)
(-0.00830951 -0.0039004 7.26538e-16)
(0.00198821 -0.0245332 5.01194e-16)
(0.0101351 -0.0414012 -1.42036e-17)
(0.0164587 -0.0552045 8.79765e-17)
(0.0212039 -0.0665392 3.89178e-17)
(0.0246069 -0.075959 8.87346e-17)
(0.0268373 -0.0838741 1.01325e-16)
(0.0280392 -0.0906304 -1.77297e-16)
(0.0283395 -0.0965076 8.54873e-17)
(0.0278546 -0.101721 2.73174e-16)
(0.0266972 -0.106424 -1.51487e-17)
(0.0249806 -0.110719 -3.19345e-16)
(0.0228183 -0.114661 4.84818e-16)
(0.0203229 -0.118268 6.23005e-16)
(0.0176018 -0.121534 9.81469e-16)
(0.0147514 -0.12444 7.83788e-16)
(0.0118524 -0.126964 2.74402e-16)
(0.00896461 -0.129089 3.93331e-16)
(0.00612468 -0.130814 3.56891e-16)
(0.0033435 -0.132148 -4.1418e-16)
(0.000606286 -0.133118 -9.74262e-17)
(-0.00212685 -0.133759 -3.66044e-16)
(-0.00492047 -0.134114 -4.82235e-16)
(-0.00786363 -0.134229 -1.10547e-16)
(-0.0110737 -0.134136 6.6963e-18)
(-0.01471 -0.133831 1.04535e-16)
(-0.0189657 -0.133351 -1.00889e-16)
(-0.0239778 -0.133088 3.79226e-16)
(-0.0299365 -0.13355 -2.26135e-16)
(-0.0367128 -0.133807 3.96375e-16)
(-0.0449905 -0.133442 1.85457e-17)
(-0.0575049 -0.130341 2.0294e-16)
(-0.0808336 -0.135867 4.80116e-16)
(-0.0757465 -0.154502 2.46558e-16)
)
;
    }
    inlet
    {
        type            calculated;
        value           uniform (0 0 0);
    }
    rWedge
    {
        type            wedge;
    }
    lWedge
    {
        type            wedge;
    }
    outlet
    {
        type            calculated;
        value           uniform (0 0 0);
    }
    procBoundary0to1
    {
        type            processor;
        value           uniform (0 0 0);
    }
    procBoundary0to2
    {
        type            processor;
        value           uniform (0 0 0);
    }
}


// ************************************************************************* //
