/*--------------------------------*- C++ -*----------------------------------*\
| =========                 |                                                 |
| \\      /  F ield         | OpenFOAM: The Open Source CFD Toolbox           |
|  \\    /   O peration     | Version:  v1706                                 |
|   \\  /    A nd           | Web:      www.OpenFOAM.com                      |
|    \\/     M anipulation  |                                                 |
\*---------------------------------------------------------------------------*/
FoamFile
{
    version     2.0;
    format      ascii;
    class       volVectorField;
    location    "1.1e-05";
    object      wallShearStress;
}
// * * * * * * * * * * * * * * * * * * * * * * * * * * * * * * * * * * * * * //

dimensions      [1 -1 -2 0 0 0 0];


internalField   uniform (0 0 0);

boundaryField
{
    cone
    {
        type            calculated;
        value           nonuniform List<vector> 
153
(
(-146.692 -128.433 -5.38663e-14)
(-146.727 -126.994 -4.09903e-14)
(-146.732 -125.546 -4.00556e-14)
(-146.708 -124.087 -4.77135e-14)
(-146.653 -122.619 -3.80419e-14)
(-146.568 -121.141 -3.02664e-14)
(-146.452 -119.655 -4.37815e-14)
(-146.305 -118.16 -3.32209e-14)
(-146.127 -116.657 -3.17094e-14)
(-145.917 -115.147 -3.13365e-14)
(-145.677 -113.63 -3.35255e-14)
(-145.405 -112.107 -3.13002e-14)
(-145.102 -110.578 -3.73771e-14)
(-144.768 -109.043 -3.23781e-14)
(-144.401 -107.504 -2.58805e-14)
(-144.002 -105.959 -2.50882e-14)
(-143.57 -104.41 -3.23556e-14)
(-143.105 -102.856 -2.24541e-14)
(-142.606 -101.299 -2.38441e-14)
(-142.072 -99.7378 -2.6782e-14)
(-141.502 -98.1728 -2.23717e-14)
(-140.897 -96.6045 -2.37045e-14)
(-140.255 -95.0328 -1.42133e-14)
(-139.575 -93.4577 -1.31558e-14)
(-138.855 -91.8792 -1.42272e-14)
(-138.095 -90.297 -9.04969e-15)
(-137.292 -88.711 -2.09535e-14)
(-136.444 -87.1208 -2.10934e-14)
(-135.55 -85.5261 -1.53979e-14)
(-134.606 -83.9264 -1.65722e-14)
(-133.611 -82.3213 -2.62382e-14)
(-132.561 -80.7098 -1.86256e-14)
(-131.453 -79.0908 -2.42666e-14)
(-130.282 -77.4629 -1.31884e-14)
(-129.043 -75.825 -1.53886e-14)
(-127.731 -74.1765 -1.81826e-14)
(-126.34 -72.5153 -1.73382e-14)
(-124.863 -70.8392 -2.20713e-14)
(-123.292 -69.1456 -2.38365e-14)
(-121.619 -67.4326 -2.03924e-14)
(-119.831 -65.694 -1.78735e-14)
(-117.944 -63.9126 -2.40109e-14)
(-115.948 -62.1096 -1.71371e-14)
(-113.784 -60.3631 -1.96348e-14)
(-111.451 -58.5486 -2.14622e-14)
(-108.93 -56.6549 -2.10935e-14)
(-106.199 -54.7063 -2.39739e-14)
(-103.241 -52.6043 -2.00629e-14)
(-99.8452 -50.5917 -2.12391e-14)
(-96.5955 -48.8019 -1.84437e-14)
(-93.751 -47.3174 -2.54524e-14)
(-91.1587 -45.9772 -2.6203e-14)
(-88.7578 -44.7399 -2.41391e-14)
(-86.5135 -43.5863 -2.51659e-14)
(-84.4044 -42.5025 -2.46254e-14)
(-82.4147 -41.4787 -2.48075e-14)
(-80.5325 -40.5075 -2.98775e-14)
(-78.7479 -39.5831 -2.89839e-14)
(-77.053 -38.701 -2.78861e-14)
(-75.4406 -37.8575 -3.34189e-14)
(-73.9046 -37.0493 -2.86834e-14)
(-72.4392 -36.2737 -2.85252e-14)
(-71.0393 -35.5286 -3.2072e-14)
(-69.6998 -34.812 -3.35805e-14)
(-68.4157 -34.1224 -3.57199e-14)
(-67.1825 -33.4586 -3.03505e-14)
(-65.9955 -32.82 -2.93076e-14)
(-64.8502 -32.2061 -2.86016e-14)
(-63.7426 -31.6171 -3.59271e-14)
(-62.6688 -31.0535 -3.65392e-14)
(-61.6254 -30.5163 -3.083e-14)
(-60.6099 -30.0068 -3.1118e-14)
(-59.6202 -29.5267 -2.92362e-14)
(-58.6558 -29.0777 -2.98095e-14)
(-57.7169 -28.6614 -3.47798e-14)
(-56.8052 -28.2794 -3.69978e-14)
(-55.924 -27.9326 -3.5972e-14)
(-55.0778 -27.6213 -3.4221e-14)
(-54.2722 -27.3446 -3.77508e-14)
(-53.5143 -27.1006 -4.00115e-14)
(-52.8118 -26.8856 -3.78394e-14)
(-52.1726 -26.6944 -3.78599e-14)
(-51.6047 -26.5196 -3.80567e-14)
(-51.1153 -26.3522 -3.7147e-14)
(-50.7096 -26.1809 -4.36504e-14)
(-50.39 -25.9933 -4.08808e-14)
(-50.1547 -25.7764 -3.96665e-14)
(-49.997 -25.5172 -4.22622e-14)
(-49.9068 -25.2007 -4.40768e-14)
(-49.869 -24.8107 -4.22626e-14)
(-49.8548 -24.3606 -4.49356e-14)
(-49.7917 -23.8368 -3.99142e-14)
(-49.7497 -23.2338 -3.67737e-14)
(-49.6477 -22.5354 -4.2114e-14)
(-49.4349 -21.7741 -3.95048e-14)
(-49.0868 -20.9642 -4.23237e-14)
(-48.576 -20.1285 -4.83323e-14)
(-47.8798 -19.2962 -4.34141e-14)
(-46.9841 -18.5018 -4.18933e-14)
(-45.8861 -17.7826 -3.24708e-14)
(-44.5949 -17.176 -4.141e-14)
(-43.1335 -16.7157 -3.34713e-14)
(-41.5384 -16.4271 -3.89213e-14)
(-39.8581 -16.323 -4.36331e-14)
(-38.1489 -16.4022 -3.60057e-14)
(-36.4683 -16.6521 -4.18123e-14)
(-34.8625 -17.0625 -4.5544e-14)
(-33.4075 -17.6058 -4.70094e-14)
(-32.0785 -18.2236 -3.80876e-14)
(-30.9286 -18.9508 -3.86938e-14)
(-29.9787 -19.779 -3.56866e-14)
(-29.2364 -20.6831 -4.49755e-14)
(-28.7237 -21.6412 -3.35657e-14)
(-28.473 -22.6031 -3.52444e-14)
(-28.4985 -23.5518 -3.65025e-14)
(-28.796 -24.4604 -3.64158e-14)
(-29.3562 -25.31 -4.13284e-14)
(-30.1611 -26.0819 -4.17045e-14)
(-31.1856 -26.7581 -3.90624e-14)
(-32.3966 -27.325 -4.29557e-14)
(-33.7527 -27.7727 -4.49962e-14)
(-35.2057 -28.0961 -3.95381e-14)
(-36.7029 -28.2959 -4.6387e-14)
(-38.1901 -28.3789 -5.20083e-14)
(-39.6159 -28.3577 -4.7129e-14)
(-40.9353 -28.2488 -4.56665e-14)
(-42.1149 -28.0719 -5.46352e-14)
(-43.1366 -27.8459 -5.02507e-14)
(-43.9966 -27.5851 -5.26318e-14)
(-44.702 -27.3022 -5.66902e-14)
(-45.2765 -27.0146 -5.6168e-14)
(-45.7473 -26.734 -5.62061e-14)
(-46.143 -26.4736 -4.97747e-14)
(-46.508 -26.2528 -5.53127e-14)
(-46.8856 -26.0813 -5.1022e-14)
(-47.3148 -25.9641 -4.62191e-14)
(-47.8309 -25.9056 -5.70535e-14)
(-48.4708 -25.9114 -5.26761e-14)
(-49.2791 -25.9827 -5.45171e-14)
(-50.3042 -26.111 -6.08812e-14)
(-51.5869 -26.2779 -6.82509e-14)
(-53.1536 -26.4567 -6.83332e-14)
(-55.0139 -26.6155 -6.43961e-14)
(-57.161 -26.7175 -5.89776e-14)
(-59.5717 -26.7202 -6.14271e-14)
(-62.2052 -26.5726 -6.98507e-14)
(-65.0159 -26.1924 -6.48994e-14)
(-67.8621 -25.575 -6.28045e-14)
(-70.7715 -24.7136 -6.86176e-14)
(-73.5827 -23.4289 -7.31558e-14)
(-76.2317 -21.7053 -6.90012e-14)
(-78.6559 -19.4609 -7.21099e-14)
(-80.8046 -16.5686 -5.99816e-14)
)
;
    }
    inlet
    {
        type            calculated;
        value           uniform (0 0 0);
    }
    rWedge
    {
        type            wedge;
    }
    lWedge
    {
        type            wedge;
    }
    outlet
    {
        type            calculated;
        value           nonuniform 0();
    }
    procBoundary2to0
    {
        type            processor;
        value           uniform (0 0 0);
    }
    procBoundary2to1
    {
        type            processor;
        value           uniform (0 0 0);
    }
    procBoundary2to3
    {
        type            processor;
        value           uniform (0 0 0);
    }
}


// ************************************************************************* //
