/*--------------------------------*- C++ -*----------------------------------*\
| =========                 |                                                 |
| \\      /  F ield         | OpenFOAM: The Open Source CFD Toolbox           |
|  \\    /   O peration     | Version:  v1706                                 |
|   \\  /    A nd           | Web:      www.OpenFOAM.com                      |
|    \\/     M anipulation  |                                                 |
\*---------------------------------------------------------------------------*/
FoamFile
{
    version     2.0;
    format      ascii;
    class       volVectorField;
    location    "1.3e-05";
    object      wallShearStress;
}
// * * * * * * * * * * * * * * * * * * * * * * * * * * * * * * * * * * * * * //

dimensions      [1 -1 -2 0 0 0 0];


internalField   uniform (0 0 0);

boundaryField
{
    cone
    {
        type            calculated;
        value           nonuniform List<vector> 
181
(
(-5.98844 -1.84745 -1.33678e-14)
(-6.14728 -1.82583 -1.24331e-14)
(-6.30438 -1.80111 -1.21547e-14)
(-6.45918 -1.77312 -1.36681e-14)
(-6.61042 -1.74317 -1.32573e-14)
(-6.7576 -1.71099 -1.33635e-14)
(-6.90154 -1.67785 -1.37578e-14)
(-7.04075 -1.64106 -1.43704e-14)
(-7.17533 -1.60255 -1.43757e-14)
(-7.30513 -1.5624 -1.32772e-14)
(-7.43015 -1.52059 -1.4033e-14)
(-7.55054 -1.47716 -1.37511e-14)
(-7.66658 -1.43207 -1.43051e-14)
(-7.77868 -1.38525 -1.39636e-14)
(-7.88736 -1.33652 -1.36131e-14)
(-7.99324 -1.28566 -1.32836e-14)
(-8.09701 -1.23234 -1.4117e-14)
(-8.1994 -1.17618 -1.40099e-14)
(-8.3012 -1.1167 -1.44042e-14)
(-8.40322 -1.05335 -1.1548e-14)
(-8.50628 -0.985541 -1.10148e-14)
(-8.6112 -0.912579 -1.15482e-14)
(-8.7188 -0.833721 -1.2119e-14)
(-8.82989 -0.748156 -1.14717e-14)
(-8.94524 -0.655002 -1.187e-14)
(-9.06562 -0.553306 -1.13283e-14)
(-9.19177 -0.442038 -1.18879e-14)
(-9.32442 -0.320084 -1.20724e-14)
(-9.46427 -0.186246 -1.30005e-14)
(-9.61202 -0.0392229 -1.39035e-14)
(-9.76837 0.122391 -1.31827e-14)
(-9.93401 0.300122 -1.15386e-14)
(-10.1097 0.495628 -1.24781e-14)
(-10.2961 0.71071 -1.34301e-14)
(-10.494 0.947324 -9.6926e-15)
(-10.7042 1.2076 -1.0528e-14)
(-10.9275 1.49385 -8.23556e-15)
(-11.165 1.80856 -1.0201e-14)
(-11.4174 2.15444 -1.07212e-14)
(-11.6858 2.53439 -1.22578e-14)
(-11.9712 2.95149 -9.69128e-15)
(-12.2748 3.40905 -9.52415e-15)
(-12.5976 3.91052 -9.22728e-15)
(-12.9407 4.4595 -1.24672e-14)
(-13.3052 5.05972 -1.32213e-14)
(-13.6921 5.71497 -1.09425e-14)
(-14.1026 6.42903 -1.17336e-14)
(-14.5373 7.20558 -9.48128e-15)
(-14.997 8.04809 -1.09413e-14)
(-15.4821 8.95972 -9.26462e-15)
(-15.9927 9.94313 -8.00055e-15)
(-16.5286 11.0004 -8.5623e-15)
(-17.0891 12.1326 -9.79202e-15)
(-17.673 13.34 -9.96703e-15)
(-18.2784 14.6213 -1.07119e-14)
(-18.9029 15.9739 -1.02015e-14)
(-19.5432 17.3935 -7.73644e-15)
(-20.1954 18.8734 -7.63823e-15)
(-20.8547 20.4048 -7.31694e-15)
(-21.5155 21.976 -7.76747e-15)
(-22.1716 23.5718 -7.75378e-15)
(-22.8157 25.1712 -7.14333e-15)
(-23.446 26.7631 -6.70749e-15)
(-24.0567 28.3573 -5.97437e-15)
(-24.6293 29.9244 -6.44987e-15)
(-25.1552 31.4466 -5.38162e-15)
(-25.6258 32.9053 -5.35654e-15)
(-26.0329 34.282 -6.61168e-15)
(-26.369 35.5588 -4.51351e-15)
(-26.6274 36.7212 -4.6526e-15)
(-26.8036 37.7536 -5.47426e-15)
(-26.8919 38.6447 -4.49919e-15)
(-26.8719 39.3513 -4.14336e-15)
(-26.7576 39.8729 -3.42907e-15)
(-26.5666 40.2391 -2.94099e-15)
(-26.2976 40.4447 -2.03277e-15)
(-25.9528 40.4899 -1.89261e-15)
(-25.5359 40.3781 -1.68307e-15)
(-25.0518 40.1151 -8.78673e-16)
(-24.5059 39.7085 -2.15526e-15)
(-23.9044 39.1675 -2.28638e-15)
(-23.2536 38.5024 -1.49953e-15)
(-22.56 37.7243 -1.56415e-15)
(-21.8301 36.845 -1.41375e-15)
(-21.0703 35.8762 -1.02983e-15)
(-20.2868 34.8299 -6.74203e-16)
(-19.485 33.7177 -3.25287e-16)
(-18.6701 32.55 -5.79242e-16)
(-17.8456 31.3347 -6.03164e-16)
(-17.0114 30.0689 -2.13468e-16)
(-16.1841 28.7843 -6.67171e-16)
(-15.3655 27.4865 -5.51013e-16)
(-14.5581 26.1815 -6.04738e-16)
(-13.7666 24.8793 -4.10587e-16)
(-12.9962 23.5929 -5.70968e-16)
(-12.2482 22.3269 -3.77158e-16)
(-11.5235 21.0869 -1.9343e-16)
(-10.8198 19.8695 -2.38014e-16)
(-10.1393 18.6812 2.01025e-16)
(-9.48329 17.5258 3.73413e-16)
(-8.85272 16.4066 6.37403e-17)
(-8.24827 15.3261 3.64923e-17)
(-7.67039 14.2864 3.16726e-16)
(-7.11937 13.2892 2.43206e-16)
(-6.5953 12.3358 5.76771e-16)
(-6.09811 11.4268 2.74619e-16)
(-5.62759 10.5627 6.66757e-16)
(-5.1834 9.74368 4.53658e-16)
(-4.76507 8.96949 4.53053e-16)
(-4.37203 8.23965 3.77365e-16)
(-4.00363 7.55343 4.27991e-16)
(-3.65912 6.90992 3.82635e-16)
(-3.3377 6.30798 6.1057e-16)
(-3.03849 5.74634 9.47136e-16)
(-2.76055 5.22351 9.79739e-16)
(-2.50306 4.73819 1.01826e-15)
(-2.26492 4.28857 5.96006e-16)
(-2.0452 3.87304 1.01648e-15)
(-1.84291 3.4899 2.7259e-16)
(-1.65704 3.13741 2.75269e-16)
(-1.48664 2.81384 3.3003e-16)
(-1.33073 2.51746 2.71526e-16)
(-1.18837 2.24657 4.61267e-16)
(-1.05864 1.99948 3.45293e-16)
(-0.940658 1.77456 4.95671e-16)
(-0.833564 1.57025 1.10249e-16)
(-0.736542 1.38502 7.14562e-16)
(-0.64881 1.21741 2.53799e-16)
(-0.569626 1.06604 6.22635e-16)
(-0.498288 0.929585 -7.62149e-17)
(-0.434135 0.80681 -1.15535e-16)
(-0.376545 0.696541 3.91316e-16)
(-0.324938 0.59768 6.91579e-16)
(-0.278772 0.509202 2.80142e-16)
(-0.237543 0.430152 4.38828e-16)
(-0.200785 0.359644 2.79417e-16)
(-0.168067 0.29686 1.25471e-16)
(-0.138993 0.241044 3.44342e-17)
(-0.113198 0.191501 -8.89273e-17)
(-0.0903483 0.147597 4.71727e-16)
(-0.0701388 0.108748 7.63471e-16)
(-0.0522919 0.0744232 1.87909e-16)
(-0.0365547 0.0441408 7.15196e-18)
(-0.0226991 0.0174655 -1.66798e-17)
(-0.0105319 -0.00595803 3.29156e-16)
(0.000164445 -0.0265571 3.41448e-16)
(0.00954587 -0.0446439 4.39426e-16)
(0.0177567 -0.0604872 3.09984e-16)
(0.0249337 -0.0743469 -2.12591e-16)
(0.0311985 -0.0864562 -2.36979e-17)
(0.0366596 -0.0970227 2.61394e-16)
(0.0414137 -0.106232 5.09665e-16)
(0.0455465 -0.114247 6.96175e-16)
(0.0491343 -0.121216 3.03172e-16)
(0.0522447 -0.127268 4.74484e-16)
(0.0549374 -0.132516 5.03424e-16)
(0.0572652 -0.137063 4.17449e-16)
(0.0592743 -0.140996 2.10428e-16)
(0.0610064 -0.144401 2.78722e-16)
(0.0624962 -0.147335 9.7975e-16)
(0.0637772 -0.149868 1.80158e-15)
(0.0648747 -0.152047 3.21273e-15)
(0.0658146 -0.153924 4.9877e-15)
(0.0666175 -0.155536 8.43426e-15)
(0.0673018 -0.15692 1.45363e-14)
(0.0678837 -0.158107 2.22517e-14)
(0.0683772 -0.159123 3.19395e-14)
(0.0687942 -0.159992 4.59182e-14)
(0.0691456 -0.160734 6.31639e-14)
(0.0694403 -0.161367 8.45144e-14)
(0.0696861 -0.161906 1.08265e-13)
(0.0698901 -0.162364 1.32227e-13)
(0.0700582 -0.162752 1.54132e-13)
(0.0701953 -0.163081 1.72126e-13)
(0.0703059 -0.163359 1.8352e-13)
(0.0703938 -0.163594 1.86399e-13)
(0.0704621 -0.163791 1.79761e-13)
(0.0705132 -0.163955 1.64819e-13)
(0.0705489 -0.164092 1.43874e-13)
(0.0705699 -0.164206 1.20273e-13)
(0.0705816 -0.164298 9.50327e-14)
)
;
    }
    inlet
    {
        type            calculated;
        value           uniform (0 0 0);
    }
    rWedge
    {
        type            wedge;
    }
    lWedge
    {
        type            wedge;
    }
    outlet
    {
        type            calculated;
        value           nonuniform 0();
    }
    procBoundary1to0
    {
        type            processor;
        value           uniform (0 0 0);
    }
    procBoundary1to2
    {
        type            processor;
        value           uniform (0 0 0);
    }
}


// ************************************************************************* //
