0.00600857 	3.99498 	144.4 	144.4 	21.9139 	0.000511309
0.00605194 	3.99498 	144.4 	144.4 	21.9139 	0.000511309
0.00612086 	3.99498 	144.4 	144.4 	21.9139 	0.000511309
0.00618845 	3.99498 	144.4 	144.4 	21.9139 	0.000511309
0.00625472 	3.99498 	144.4 	144.4 	21.9139 	0.000511309
0.0063197 	3.99498 	144.4 	144.4 	21.9139 	0.000511309
0.00638343 	3.99498 	144.4 	144.4 	21.9139 	0.000511309
0.00644591 	3.99498 	144.4 	144.4 	21.9139 	0.000511309
0.00650718 	3.99498 	144.4 	144.4 	21.9139 	0.000511309
0.00656726 	3.99498 	144.4 	144.4 	21.9139 	0.000511309
0.00662618 	3.99498 	144.4 	144.4 	21.9139 	0.000511309
0.00668395 	3.99498 	144.4 	144.4 	21.9139 	0.000511309
0.0067406 	3.99498 	144.4 	144.4 	21.9139 	0.000511309
0.00679615 	3.99498 	144.4 	144.4 	21.9139 	0.000511309
0.00685062 	3.99498 	144.4 	144.4 	21.9139 	0.000511309
0.00690403 	3.99498 	144.4 	144.4 	21.9139 	0.000511309
0.0069564 	3.99498 	144.4 	144.4 	21.9139 	0.000511309
0.00700776 	3.99497 	144.4 	144.4 	21.9139 	0.000511309
0.00705812 	3.99496 	144.401 	144.4 	21.914 	0.00051131
0.0071075 	3.99494 	144.402 	144.4 	21.9142 	0.000511311
0.00715593 	3.99489 	144.405 	144.4 	21.9147 	0.000511312
0.00720341 	3.99476 	144.412 	144.4 	21.916 	0.000511317
0.00724997 	3.99442 	144.43 	144.4 	21.9192 	0.000511328
0.00729563 	3.99357 	144.476 	144.4 	21.9274 	0.000511355
0.0073404 	3.9915 	144.588 	144.4 	21.9474 	0.000511423
0.0073843 	3.9865 	144.86 	144.4 	21.9957 	0.000511587
0.00742735 	3.9747 	145.506 	144.4 	22.1105 	0.000511973
0.00746956 	3.94766 	147.009 	144.4 	22.3784 	0.000512871
0.00751095 	3.88847 	150.398 	144.4 	22.9868 	0.000514907
0.00755154 	3.76829 	157.685 	144.402 	24.3166 	0.000519366
0.00759134 	3.55116 	172.23 	144.406 	27.062 	0.000528669
0.00763037 	3.21569 	198.321 	144.417 	32.3088 	0.000546839
0.00766863 	2.78063 	239.285 	144.443 	41.4885 	0.000579787
0.00770616 	2.30139 	294.874 	144.496 	56.292 	0.000635752
0.00774296 	1.83598 	360.111 	144.593 	78.8251 	0.000726849
0.00777904 	1.4195 	426.564 	144.755 	112.238 	0.000872987
0.00781442 	1.06871 	484.858 	145.006 	161.162 	0.00110497
0.00784912 	0.799943 	527.599 	145.378 	224.606 	0.00142315
0.00788314 	0.625089 	553.144 	145.906 	288.3 	0.00175108
0.0079165 	0.530722 	566.186 	146.63 	335.615 	0.00199568
0.00794921 	0.484957 	572.834 	147.583 	362.468 	0.00213155
0.00798129 	0.461538 	576.883 	148.782 	375.193 	0.00219118
0.00801274 	0.446893 	580.004 	150.228 	380.984 	0.0022131
0.00804359 	0.435388 	582.796 	151.901 	383.94 	0.00221961
0.00807383 	0.424971 	585.446 	153.772 	385.861 	0.00222063
0.00810349 	0.415005 	587.997 	155.801 	387.419 	0.00221992
0.00813257 	0.405263 	590.464 	157.951 	388.832 	0.00221871
0.00816109 	0.395633 	592.839 	160.19 	390.187 	0.00221752
0.00818905 	0.386094 	595.103 	162.49 	391.52 	0.00221662
0.00821647 	0.376664 	597.236 	164.831 	392.837 	0.00221614
0.00824336 	0.367363 	599.221 	167.195 	394.13 	0.00221607
0.00826972 	0.358187 	601.043 	169.57 	395.393 	0.00221644
0.00829558 	0.349139 	602.688 	171.948 	396.63 	0.0022173
0.00832093 	0.340232 	604.141 	174.32 	397.838 	0.0022187
0.00834579 	0.331475 	605.391 	176.681 	399.015 	0.00222067
0.00837016 	0.322876 	606.428 	179.028 	400.157 	0.00222322
0.00839406 	0.314435 	607.243 	181.358 	401.264 	0.00222638
0.0084175 	0.306158 	607.83 	183.667 	402.337 	0.00223018
0.00844049 	0.299044 	608.159 	185.671 	403.182 	0.00223366
0.00846302 	0.291071 	608.308 	187.937 	404.189 	0.00223869
0.00848512 	0.283262 	608.23 	190.179 	405.155 	0.00224432
0.00850679 	0.27562 	607.922 	192.394 	406.086 	0.00225061
0.00852804 	0.268138 	607.379 	194.582 	406.986 	0.00225762
0.00854888 	0.260815 	606.599 	196.743 	407.855 	0.00226535
0.00856931 	0.253652 	605.588 	198.876 	408.693 	0.0022738
0.00858934 	0.246646 	604.349 	200.979 	409.501 	0.00228296
0.00860899 	0.239797 	602.889 	203.054 	410.279 	0.00229284
0.00862826 	0.233101 	601.213 	205.1 	411.027 	0.00230343
0.00864715 	0.226558 	599.329 	207.117 	411.748 	0.00231473
0.00866567 	0.220164 	597.243 	209.103 	412.442 	0.00232673
0.00868383 	0.21392 	594.966 	211.061 	413.11 	0.00233942
0.00870164 	0.207821 	592.505 	212.988 	413.752 	0.00235279
0.00871911 	0.201867 	589.87 	214.885 	414.37 	0.00236683
0.00873624 	0.196055 	587.071 	216.753 	414.965 	0.00238154
0.00875303 	0.187611 	582.584 	219.501 	415.748 	0.00240439
0.0087695 	0.182145 	579.418 	221.294 	416.287 	0.00242067
0.00878564 	0.176814 	576.125 	223.057 	416.806 	0.00243755
0.00880148 	0.171613 	572.714 	224.79 	417.304 	0.002455
0.008817 	0.166542 	569.196 	226.494 	417.784 	0.00247301
0.00883223 	0.161598 	565.581 	228.168 	418.244 	0.00249156
0.00884716 	0.156778 	561.879 	229.813 	418.687 	0.00251063
0.0088618 	0.15208 	558.1 	231.429 	419.111 	0.00253019
0.00887615 	0.147501 	554.254 	233.016 	419.519 	0.00255023
0.00889023 	0.143039 	550.351 	234.574 	419.911 	0.00257072
0.00890403 	0.138691 	546.398 	236.103 	420.287 	0.00259164
0.00891757 	0.134454 	542.405 	237.604 	420.648 	0.00261296
0.00893084 	0.130326 	538.379 	239.076 	420.994 	0.00263466
0.00894385 	0.126304 	534.33 	240.52 	421.327 	0.00265673
0.00895661 	0.122386 	530.262 	241.936 	421.646 	0.00267913
0.00896913 	0.11857 	526.185 	243.325 	421.952 	0.00270186
0.0089814 	0.114852 	522.103 	244.686 	422.245 	0.00272487
0.00899343 	0.11123 	518.023 	246.019 	422.527 	0.00274816
0.00900523 	0.107703 	513.952 	247.325 	422.797 	0.00277171
0.0090168 	0.104267 	509.893 	248.605 	423.056 	0.00279548
0.00902814 	0.100919 	505.851 	249.859 	423.304 	0.00281947
0.00903927 	0.0976596 	501.831 	251.086 	423.542 	0.00284365
0.00905018 	0.0944845 	497.837 	252.288 	423.771 	0.00286801
0.00906087 	0.0913921 	493.873 	253.463 	423.989 	0.00289253
0.00907136 	0.0883803 	489.941 	254.614 	424.199 	0.00291719
0.00908165 	0.0854472 	486.045 	255.74 	424.4 	0.00294196
0.00909173 	0.0825907 	482.187 	256.84 	424.593 	0.00296685
0.00910162 	0.0798092 	478.369 	257.917 	424.778 	0.00299184
0.00911132 	0.0771008 	474.593 	258.969 	424.956 	0.00301689
0.00912083 	0.0744637 	470.862 	259.998 	425.126 	0.00304202
0.00913015 	0.0718963 	467.177 	261.004 	425.29 	0.00306719
0.0091393 	0.069397 	463.539 	261.987 	425.447 	0.0030924
0.00914826 	0.0669643 	459.949 	262.947 	425.597 	0.00311764
0.00915706 	0.0645966 	456.408 	263.885 	425.742 	0.0031429
0.00916568 	0.0622926 	452.916 	264.801 	425.881 	0.00316816
0.00917413 	0.0600508 	449.475 	265.696 	426.014 	0.00319341
0.00918242 	0.0578698 	446.085 	266.57 	426.142 	0.00321865
0.00919055 	0.0557485 	442.745 	267.423 	426.265 	0.00324386
0.00919852 	0.0536856 	439.457 	268.256 	426.384 	0.00326904
0.00920634 	0.0516798 	436.22 	269.069 	426.497 	0.00329418
0.009214 	0.0497299 	433.035 	269.863 	426.607 	0.00331926
0.00922151 	0.0478348 	429.9 	270.637 	426.712 	0.00334429
0.00922888 	0.0459935 	426.816 	271.393 	426.814 	0.00336926
0.00923611 	0.044205 	423.784 	272.131 	426.912 	0.00339415
0.0092432 	0.0424681 	420.801 	272.85 	427.007 	0.00341898
0.00925014 	0.040782 	417.868 	273.552 	427.099 	0.00344371
0.00925696 	0.0391456 	414.984 	274.238 	427.187 	0.00346836
0.00926364 	0.0375578 	412.149 	274.906 	427.272 	0.0034929
0.00927019 	0.0360177 	409.363 	275.557 	427.355 	0.00351735
0.00927661 	0.0345243 	406.624 	276.193 	427.435 	0.0035417
0.00928291 	0.0330766 	403.933 	276.813 	427.511 	0.00356594
0.00928909 	0.0316736 	401.289 	277.417 	427.586 	0.00359006
0.00929515 	0.0303146 	398.691 	278.007 	427.659 	0.00361407
0.00930109 	0.0289988 	396.137 	278.582 	427.73 	0.00363796
0.00930691 	0.0277257 	393.629 	279.144 	427.799 	0.00366174
0.00931262 	0.0264944 	391.166 	279.691 	427.866 	0.00368538
0.00931822 	0.0253041 	388.744 	280.224 	427.931 	0.0037089
0.00932371 	0.0241538 	386.367 	280.745 	427.995 	0.00373227
0.0093291 	0.0230425 	384.031 	281.252 	428.056 	0.00375551
0.00933438 	0.0219695 	381.736 	281.747 	428.116 	0.00377861
0.00933956 	0.0209338 	379.483 	282.23 	428.173 	0.00380156
0.00934463 	0.0199345 	377.27 	282.701 	428.23 	0.00382437
0.00934961 	0.0189708 	375.095 	283.16 	428.284 	0.00384702
0.00935449 	0.0180419 	372.959 	283.608 	428.337 	0.00386953
0.00935928 	0.0171469 	370.862 	284.045 	428.389 	0.00389189
0.00936397 	0.0162851 	368.802 	284.471 	428.44 	0.00391409
0.00936858 	0.0154556 	366.779 	284.887 	428.489 	0.00393614
0.00937309 	0.0146577 	364.791 	285.293 	428.537 	0.00395802
0.00937752 	0.0138905 	362.839 	285.688 	428.583 	0.00397975
0.00938186 	0.0131533 	360.922 	286.074 	428.629 	0.00400131
0.00938611 	0.0124453 	359.038 	286.451 	428.673 	0.00402272
0.00939028 	0.0117657 	357.188 	286.818 	428.717 	0.00404396
0.00939438 	0.0111138 	355.372 	287.177 	428.759 	0.00406504
0.00939839 	0.0104889 	353.587 	287.528 	428.801 	0.00408596
0.00940232 	0.0098902 	351.833 	287.869 	428.841 	0.0041067
0.00940618 	0.00931693 	350.111 	288.203 	428.881 	0.00412728
0.00940996 	0.00876839 	348.419 	288.528 	428.92 	0.0041477
0.00941367 	0.00824387 	346.758 	288.846 	428.958 	0.00416795
0.00941731 	0.00774267 	345.125 	289.156 	428.995 	0.00418802
0.00942088 	0.00726409 	343.522 	289.459 	429.031 	0.00420793
0.00942438 	0.00680743 	341.946 	289.755 	429.067 	0.00422767
0.00942781 	0.00637201 	340.398 	290.043 	429.102 	0.00424724
0.00943117 	0.00595716 	338.877 	290.325 	429.136 	0.00426664
0.00943447 	0.00556222 	337.383 	290.6 	429.17 	0.00428587
0.0094377 	0.00518653 	335.915 	290.869 	429.202 	0.00430493
0.00944087 	0.00482946 	334.472 	291.132 	429.234 	0.00432382
0.00944398 	0.00449036 	333.055 	291.388 	429.266 	0.00434254
0.00944703 	0.00416861 	331.663 	291.639 	429.297 	0.00436108
0.00945002 	0.00386359 	330.294 	291.884 	429.327 	0.00437946
0.00945295 	0.00357473 	328.95 	292.124 	429.357 	0.00439766
0.00945583 	0.00330146 	327.628 	292.357 	429.386 	0.0044157
0.00945865 	0.00304322 	326.329 	292.586 	429.415 	0.00443358
0.00946141 	0.00279949 	325.053 	292.809 	429.443 	0.00445128
0.00946412 	0.0025697 	323.799 	293.027 	429.472 	0.00446881
0.00946678 	0.00235333 	322.566 	293.241 	429.499 	0.00448617
0.00946938 	0.00214982 	321.355 	293.45 	429.526 	0.00450336
0.00947194 	0.00195865 	320.164 	293.654 	429.552 	0.00452039
0.00947445 	0.00177931 	318.994 	293.853 	429.578 	0.00453724
0.0094769 	0.0016113 	317.844 	294.048 	429.604 	0.00455394
0.00947931 	0.00145414 	316.713 	294.239 	429.629 	0.00457046
0.00948168 	0.00130737 	315.602 	294.425 	429.654 	0.00458682
0.00948399 	0.00117058 	314.509 	294.608 	429.678 	0.00460301
0.00948627 	0.00104336 	313.436 	294.786 	429.702 	0.00461904
0.00948849 	0.000925384 	312.38 	294.96 	429.726 	0.0046349
0.00949068 	0.00081638 	311.342 	295.131 	429.75 	0.00465061
0.00949282 	0.000716117 	310.322 	295.298 	429.773 	0.00466615
0.00949492 	0.00062439 	309.32 	295.462 	429.795 	0.00468151
0.00949698 	0.000541085 	308.334 	295.621 	429.811 	0.00469665
