/*--------------------------------*- C++ -*----------------------------------*\
| =========                 |                                                 |
| \\      /  F ield         | OpenFOAM: The Open Source CFD Toolbox           |
|  \\    /   O peration     | Version:  v1706                                 |
|   \\  /    A nd           | Web:      www.OpenFOAM.com                      |
|    \\/     M anipulation  |                                                 |
\*---------------------------------------------------------------------------*/
FoamFile
{
    version     2.0;
    format      ascii;
    class       volVectorField;
    location    "1.2e-05";
    object      wallShearStress;
}
// * * * * * * * * * * * * * * * * * * * * * * * * * * * * * * * * * * * * * //

dimensions      [1 -1 -2 0 0 0 0];


internalField   uniform (0 0 0);

boundaryField
{
    cone
    {
        type            calculated;
        value           nonuniform List<vector> 
119
(
(0.0773137 -0.182109 3.76991e-14)
(0.0772714 -0.182091 2.70165e-14)
(0.0772308 -0.182068 1.81644e-14)
(0.0771906 -0.182042 1.16665e-14)
(0.0771503 -0.182015 7.05068e-15)
(0.0771101 -0.181989 4.5938e-15)
(0.0770699 -0.181964 2.6597e-15)
(0.0770297 -0.18194 1.46659e-15)
(0.0769895 -0.181915 5.87686e-16)
(0.0769496 -0.181891 2.10197e-16)
(0.0769098 -0.181866 1.48324e-16)
(0.0768702 -0.181842 1.40674e-16)
(0.0768308 -0.181817 8.00089e-16)
(0.0767915 -0.181793 8.7265e-16)
(0.0767522 -0.181768 9.38711e-16)
(0.0767131 -0.181744 3.44689e-16)
(0.076674 -0.181719 6.76199e-16)
(0.0766351 -0.181695 4.74966e-16)
(0.0765962 -0.18167 3.69983e-16)
(0.0765574 -0.181646 -1.50443e-16)
(0.0765187 -0.181621 -5.35796e-16)
(0.0764801 -0.181597 -1.96168e-16)
(0.0764416 -0.181572 -2.23713e-16)
(0.0764032 -0.181548 5.4566e-16)
(0.076365 -0.181523 9.13995e-16)
(0.076327 -0.181499 6.86281e-16)
(0.0762891 -0.181474 3.88924e-16)
(0.0762514 -0.18145 9.52594e-17)
(0.0762138 -0.181425 1.69182e-16)
(0.0761765 -0.1814 6.3856e-16)
(0.0761394 -0.181376 3.15003e-16)
(0.0761024 -0.181351 1.03264e-16)
(0.0760657 -0.181326 7.31424e-16)
(0.0760291 -0.181302 2.44863e-16)
(0.0759927 -0.181277 5.14312e-16)
(0.0759565 -0.181253 7.09072e-16)
(0.0759204 -0.181228 9.89054e-16)
(0.0758845 -0.181203 6.53668e-16)
(0.0758488 -0.181178 5.52801e-16)
(0.0758132 -0.181154 5.30965e-16)
(0.0757778 -0.181129 9.0584e-18)
(0.0757425 -0.181104 3.22025e-16)
(0.0757074 -0.18108 3.8851e-16)
(0.0756724 -0.181055 -1.65804e-17)
(0.0756376 -0.18103 2.17496e-17)
(0.0756029 -0.181006 -2.6969e-16)
(0.0755684 -0.180981 4.76825e-16)
(0.075534 -0.180956 1.09784e-15)
(0.0754998 -0.180932 4.33942e-16)
(0.0754657 -0.180907 5.06661e-16)
(0.0754318 -0.180883 5.41124e-16)
(0.075398 -0.180858 5.00663e-16)
(0.0753644 -0.180833 4.65851e-16)
(0.0753309 -0.180809 4.81802e-16)
(0.0752975 -0.180784 -9.97702e-17)
(0.0752643 -0.180759 5.82772e-16)
(0.0752312 -0.180735 5.7751e-16)
(0.0751983 -0.18071 1.13002e-16)
(0.0751655 -0.180686 -3.5885e-17)
(0.0751329 -0.180661 9.75585e-17)
(0.0751004 -0.180637 4.89705e-16)
(0.075068 -0.180612 3.81998e-16)
(0.0750358 -0.180587 1.48443e-16)
(0.0750037 -0.180563 -7.97653e-18)
(0.0749718 -0.180538 9.45152e-17)
(0.07494 -0.180514 -3.20172e-17)
(0.0749083 -0.180489 1.68335e-16)
(0.0748767 -0.180465 -1.1118e-16)
(0.0748453 -0.180441 -1.13915e-16)
(0.0748141 -0.180416 -1.21799e-16)
(0.0747829 -0.180392 2.03814e-17)
(0.0747519 -0.180367 8.63448e-17)
(0.074721 -0.180343 1.51035e-16)
(0.0746902 -0.180319 3.83424e-16)
(0.0746597 -0.180294 1.94795e-16)
(0.0746292 -0.18027 4.571e-16)
(0.0745988 -0.180245 3.64857e-16)
(0.0745686 -0.180221 2.02736e-16)
(0.0745385 -0.180197 4.08226e-16)
(0.0745085 -0.180173 -5.83468e-17)
(0.0744787 -0.180148 5.61548e-16)
(0.074449 -0.180124 4.24561e-16)
(0.0744193 -0.1801 3.05054e-16)
(0.0743898 -0.180076 4.53669e-16)
(0.0743603 -0.180052 4.57791e-16)
(0.0743306 -0.180028 7.86172e-16)
(0.0743006 -0.180004 5.29947e-16)
(0.0742697 -0.179981 -6.94134e-17)
(0.0742368 -0.179959 6.80138e-17)
(0.0741999 -0.179939 6.88231e-18)
(0.0741553 -0.179923 7.55265e-17)
(0.0740969 -0.179915 9.75018e-17)
(0.0740136 -0.179922 -2.36476e-16)
(0.07388 -0.179949 5.96306e-17)
(0.0736495 -0.180014 2.97253e-16)
(0.0732947 -0.180149 -5.72041e-17)
(0.07278 -0.180407 -4.03065e-16)
(0.0719785 -0.180842 4.95276e-16)
(0.0707914 -0.181536 6.49364e-16)
(0.0691182 -0.182566 1.05627e-15)
(0.0668538 -0.184019 8.08241e-16)
(0.0639226 -0.18597 2.30931e-16)
(0.0602959 -0.188447 3.86945e-16)
(0.0560074 -0.191417 3.5703e-16)
(0.0511551 -0.194771 -5.00846e-16)
(0.0458893 -0.198325 -1.25772e-16)
(0.0403859 -0.201844 -4.37279e-16)
(0.0348095 -0.205076 -5.89802e-16)
(0.0292751 -0.207793 -1.18329e-16)
(0.0238238 -0.209835 -2.13855e-17)
(0.0184058 -0.211112 9.74253e-17)
(0.0128493 -0.21154 -1.51943e-16)
(0.00678572 -0.210968 4.22264e-16)
(-0.000294385 -0.209696 -3.48224e-16)
(-0.00867748 -0.209556 4.33523e-16)
(-0.0186553 -0.20979 -4.55614e-17)
(-0.0335735 -0.204869 2.39385e-16)
(-0.0617947 -0.210175 4.49539e-16)
(-0.0504105 -0.233624 2.24966e-16)
)
;
    }
    inlet
    {
        type            calculated;
        value           uniform (0 0 0);
    }
    rWedge
    {
        type            wedge;
    }
    lWedge
    {
        type            wedge;
    }
    outlet
    {
        type            calculated;
        value           uniform (0 0 0);
    }
    procBoundary0to1
    {
        type            processor;
        value           uniform (0 0 0);
    }
    procBoundary0to2
    {
        type            processor;
        value           uniform (0 0 0);
    }
}


// ************************************************************************* //
