/*--------------------------------*- C++ -*----------------------------------*\
| =========                 |                                                 |
| \\      /  F ield         | OpenFOAM: The Open Source CFD Toolbox           |
|  \\    /   O peration     | Version:  v1706                                 |
|   \\  /    A nd           | Web:      www.OpenFOAM.com                      |
|    \\/     M anipulation  |                                                 |
\*---------------------------------------------------------------------------*/
FoamFile
{
    version     2.0;
    format      ascii;
    class       volVectorField;
    location    "3.9e-05";
    object      wallShearStress;
}
// * * * * * * * * * * * * * * * * * * * * * * * * * * * * * * * * * * * * * //

dimensions      [1 -1 -2 0 0 0 0];


internalField   uniform (0 0 0);

boundaryField
{
    cone
    {
        type            calculated;
        value           nonuniform List<vector> 
181
(
(-4.50604 -2.1866 -2.09621e-15)
(-4.49468 -2.17084 -1.962e-15)
(-4.48408 -2.15439 -1.6869e-15)
(-4.4733 -2.13776 -2.42833e-15)
(-4.46195 -2.12092 -2.42857e-15)
(-4.44957 -2.10393 -2.65308e-15)
(-4.43568 -2.08692 -2.93698e-15)
(-4.41978 -2.07005 -3.34055e-15)
(-4.40144 -2.05351 -3.42637e-15)
(-4.38026 -2.03752 -2.96909e-15)
(-4.35593 -2.02235 -3.34455e-15)
(-4.32824 -2.00827 -3.23135e-15)
(-4.29705 -1.99557 -3.50985e-15)
(-4.2624 -1.98455 -3.42132e-15)
(-4.22441 -1.97551 -3.18484e-15)
(-4.18338 -1.96873 -2.99738e-15)
(-4.13976 -1.96445 -3.47984e-15)
(-4.09417 -1.96286 -3.43385e-15)
(-4.04735 -1.96409 -3.63137e-15)
(-4.00013 -1.96812 -2.21899e-15)
(-3.95359 -1.97482 -1.92676e-15)
(-3.90891 -1.9849 -2.24275e-15)
(-3.86591 -1.99774 -2.77969e-15)
(-3.82446 -2.01231 -2.52672e-15)
(-3.78868 -2.02988 -2.73574e-15)
(-3.75791 -2.04907 -2.47636e-15)
(-3.73309 -2.06969 -2.74043e-15)
(-3.71461 -2.09174 -2.85421e-15)
(-3.70219 -2.11544 -3.35381e-15)
(-3.69669 -2.13889 -3.91486e-15)
(-3.69838 -2.16282 -3.63093e-15)
(-3.70759 -2.18635 -2.84853e-15)
(-3.72411 -2.20892 -3.24668e-15)
(-3.74746 -2.23018 -3.79983e-15)
(-3.77697 -2.2498 -2.05754e-15)
(-3.81181 -2.26756 -2.52047e-15)
(-3.85106 -2.28331 -1.37761e-15)
(-3.89368 -2.29701 -2.59972e-15)
(-3.93866 -2.30872 -2.98035e-15)
(-3.98498 -2.31862 -3.67847e-15)
(-4.03178 -2.327 -2.19455e-15)
(-4.07841 -2.33425 -2.12365e-15)
(-4.12452 -2.34086 -2.04152e-15)
(-4.17016 -2.34733 -3.89473e-15)
(-4.21582 -2.35421 -4.27486e-15)
(-4.26251 -2.36201 -3.12229e-15)
(-4.31176 -2.37115 -3.26304e-15)
(-4.36561 -2.38197 -1.99612e-15)
(-4.42657 -2.39464 -2.92937e-15)
(-4.49756 -2.40918 -1.81867e-15)
(-4.5818 -2.42539 -1.28623e-15)
(-4.68266 -2.44287 -1.68943e-15)
(-4.80355 -2.461 -2.83119e-15)
(-4.94773 -2.47887 -3.24641e-15)
(-5.11816 -2.49536 -3.99868e-15)
(-5.31731 -2.509 -3.76133e-15)
(-5.54724 -2.51775 -2.16647e-15)
(-5.8089 -2.51857 -2.24621e-15)
(-6.09986 -2.50794 -2.32891e-15)
(-6.42166 -2.48713 -2.72335e-15)
(-6.77261 -2.45581 -3.10579e-15)
(-7.14185 -2.39934 -2.96912e-15)
(-7.52275 -2.31861 -2.82287e-15)
(-7.90378 -2.21101 -2.55324e-15)
(-8.26949 -2.07326 -3.10717e-15)
(-8.60102 -1.90387 -2.55024e-15)
(-8.87729 -1.70319 -2.79095e-15)
(-9.08117 -1.46429 -3.93201e-15)
(-9.19681 -1.19586 -2.23617e-15)
(-9.20108 -0.913279 -2.59294e-15)
(-9.07319 -0.62052 -3.3688e-15)
(-8.805 -0.328866 -2.75407e-15)
(-8.40685 -0.0508219 -2.67274e-15)
(-7.89836 0.203622 -2.1694e-15)
(-7.30672 0.425371 -1.97863e-15)
(-6.65797 0.601164 -1.46339e-15)
(-5.98387 0.738194 -1.67058e-15)
(-5.31092 0.841184 -1.71282e-15)
(-4.65929 0.91352 -1.2811e-15)
(-4.04276 0.959522 -2.66308e-15)
(-3.46826 0.982871 -3.0096e-15)
(-2.94552 0.992364 -2.09466e-15)
(-2.47688 0.99009 -2.22769e-15)
(-2.05833 0.975384 -2.2707e-15)
(-1.68778 0.952824 -2.09686e-15)
(-1.36211 0.925207 -1.94121e-15)
(-1.0778 0.894935 -1.71646e-15)
(-0.831024 0.863553 -2.19888e-15)
(-0.61795 0.832205 -2.3055e-15)
(-0.434841 0.801646 -1.98756e-15)
(-0.278096 0.772307 -2.67648e-15)
(-0.144277 0.744371 -2.64702e-15)
(-0.0301668 0.717887 -2.90882e-15)
(0.0671869 0.692804 -2.55346e-15)
(0.150437 0.668996 -2.78569e-15)
(0.221943 0.646261 -2.58961e-15)
(0.283792 0.624333 -2.32479e-15)
(0.337816 0.602911 -2.35104e-15)
(0.385608 0.581681 -1.63282e-15)
(0.428537 0.560328 -1.27334e-15)
(0.467775 0.538537 -1.80596e-15)
(0.504365 0.515987 -1.88212e-15)
(0.538588 0.492521 -1.37794e-15)
(0.571854 0.46861 -1.51483e-15)
(0.604 0.443448 -8.10824e-16)
(0.635518 0.416766 -1.42468e-15)
(0.666672 0.388953 -6.66554e-16)
(0.697556 0.360026 -1.09253e-15)
(0.728231 0.33003 -1.14557e-15)
(0.758714 0.299068 -1.38709e-15)
(0.788992 0.267268 -1.2308e-15)
(0.819033 0.234778 -1.42948e-15)
(0.8488 0.201755 -1.06467e-15)
(0.878255 0.168365 -5.7939e-16)
(0.907364 0.134773 -6.73636e-16)
(0.936103 0.101144 -7.6267e-16)
(0.964455 0.0676395 -1.83459e-15)
(0.992414 0.0344136 -9.73675e-16)
(1.01998 0.00161311 -2.72019e-15)
(1.04717 -0.0306233 -2.65327e-15)
(1.074 -0.0621654 -2.61056e-15)
(1.1005 -0.0928895 -2.81375e-15)
(1.12667 -0.122683 -2.31615e-15)
(1.15256 -0.151441 -2.65162e-15)
(1.17819 -0.179065 -2.27179e-15)
(1.20356 -0.205469 -3.26201e-15)
(1.2287 -0.230576 -1.70929e-15)
(1.2536 -0.254319 -3.03646e-15)
(1.27827 -0.276629 -1.91839e-15)
(1.30271 -0.297466 -3.58338e-15)
(1.32689 -0.316797 -3.43025e-15)
(1.35081 -0.334543 -2.3247e-15)
(1.37447 -0.350734 -1.65092e-15)
(1.39784 -0.365366 -2.79718e-15)
(1.42085 -0.378408 -2.58416e-15)
(1.44347 -0.389875 -2.83283e-15)
(1.46565 -0.399805 -3.37721e-15)
(1.48735 -0.408239 -3.39948e-15)
(1.50849 -0.415224 -3.67985e-15)
(1.52901 -0.420822 -2.26738e-15)
(1.54883 -0.425106 -1.61945e-15)
(1.56788 -0.428157 -3.12726e-15)
(1.58606 -0.430065 -3.31218e-15)
(1.60329 -0.430931 -3.1772e-15)
(1.61948 -0.430859 -2.24145e-15)
(1.63452 -0.429961 -2.21288e-15)
(1.64832 -0.428349 -2.13865e-15)
(1.66076 -0.426136 -2.40248e-15)
(1.67175 -0.423433 -3.68213e-15)
(1.68117 -0.420354 -3.0239e-15)
(1.6889 -0.417009 -2.39621e-15)
(1.69481 -0.413504 -1.54479e-15)
(1.69878 -0.409924 -9.11817e-16)
(1.70065 -0.406336 -1.78691e-15)
(1.70039 -0.403114 -1.18472e-15)
(1.69772 -0.399567 -1.00852e-15)
(1.6928 -0.39645 -1.84652e-15)
(1.6852 -0.393596 -3.95148e-15)
(1.67473 -0.390947 -7.53909e-15)
(1.66135 -0.388516 -1.41367e-14)
(1.64489 -0.386269 -2.85102e-14)
(1.62521 -0.384162 -5.53349e-14)
(1.60213 -0.382133 -1.05413e-13)
(1.57551 -0.380102 -1.89357e-13)
(1.5452 -0.377977 -3.25391e-13)
(1.51105 -0.375658 -5.46486e-13)
(1.47293 -0.373038 -8.90537e-13)
(1.43073 -0.370013 -1.39914e-12)
(1.38436 -0.366484 -2.13388e-12)
(1.33376 -0.362364 -3.15413e-12)
(1.2789 -0.357589 -4.52612e-12)
(1.21979 -0.352121 -6.30649e-12)
(1.1565 -0.345954 -8.5294e-12)
(1.08914 -0.33912 -1.11939e-11)
(1.01787 -0.331694 -1.42539e-11)
(0.942926 -0.323792 -1.76078e-11)
(0.864588 -0.315573 -2.10938e-11)
(0.783194 -0.30723 -2.4493e-11)
(0.699122 -0.298977 -2.75503e-11)
(0.612785 -0.291043 -3.00068e-11)
(0.524623 -0.283653 -3.1629e-11)
)
;
    }
    inlet
    {
        type            calculated;
        value           uniform (0 0 0);
    }
    rWedge
    {
        type            wedge;
    }
    lWedge
    {
        type            wedge;
    }
    outlet
    {
        type            calculated;
        value           nonuniform 0();
    }
    procBoundary1to0
    {
        type            processor;
        value           uniform (0 0 0);
    }
    procBoundary1to2
    {
        type            processor;
        value           uniform (0 0 0);
    }
}


// ************************************************************************* //
