/*--------------------------------*- C++ -*----------------------------------*\
| =========                 |                                                 |
| \\      /  F ield         | OpenFOAM: The Open Source CFD Toolbox           |
|  \\    /   O peration     | Version:  v1706                                 |
|   \\  /    A nd           | Web:      www.OpenFOAM.com                      |
|    \\/     M anipulation  |                                                 |
\*---------------------------------------------------------------------------*/
FoamFile
{
    version     2.0;
    format      ascii;
    class       volVectorField;
    location    "1.9e-05";
    object      wallShearStress;
}
// * * * * * * * * * * * * * * * * * * * * * * * * * * * * * * * * * * * * * //

dimensions      [1 -1 -2 0 0 0 0];


internalField   uniform (0 0 0);

boundaryField
{
    cone
    {
        type            calculated;
        value           nonuniform List<vector> 
147
(
(-0.400558 -0.368181 -8.62116e-14)
(-0.406977 -0.583695 -1.12593e-13)
(-0.415496 -0.80891 -2.50948e-13)
(-0.426745 -1.03496 -3.32164e-13)
(-0.439454 -1.26205 -4.19548e-13)
(-0.454915 -1.49121 -4.92507e-13)
(-0.473522 -1.72144 -5.77546e-13)
(-0.495254 -1.95101 -6.56043e-13)
(-0.519885 -2.17956 -7.33134e-13)
(-0.547243 -2.4072 -7.83609e-13)
(-0.577272 -2.634 -8.52051e-13)
(-0.609962 -2.85995 -9.09176e-13)
(-0.645309 -3.08501 -9.48873e-13)
(-0.683304 -3.30912 -9.73354e-13)
(-0.723933 -3.53224 -9.95105e-13)
(-0.76718 -3.7543 -1.01147e-12)
(-0.813024 -3.97525 -1.02304e-12)
(-0.861444 -4.19503 -1.02455e-12)
(-0.912418 -4.41358 -1.0235e-12)
(-0.96592 -4.63084 -1.02263e-12)
(-1.02193 -4.84674 -1.00602e-12)
(-1.08041 -5.06123 -9.86775e-13)
(-1.14134 -5.27423 -9.58723e-13)
(-1.20468 -5.48569 -9.35719e-13)
(-1.27042 -5.69555 -9.0216e-13)
(-1.33851 -5.90374 -8.72806e-13)
(-1.40894 -6.11021 -8.38769e-13)
(-1.48165 -6.31489 -8.1073e-13)
(-1.55663 -6.51774 -7.7689e-13)
(-1.63384 -6.71868 -7.42857e-13)
(-1.71324 -6.91767 -7.10671e-13)
(-1.7948 -7.11465 -6.77302e-13)
(-1.87849 -7.30956 -6.42227e-13)
(-1.96426 -7.50235 -6.13323e-13)
(-2.05209 -7.69296 -5.82147e-13)
(-2.14192 -7.88133 -5.55646e-13)
(-2.23372 -8.06742 -5.28133e-13)
(-2.32746 -8.25117 -4.96745e-13)
(-2.42308 -8.43252 -4.68521e-13)
(-2.52055 -8.61143 -4.40746e-13)
(-2.61981 -8.78784 -4.18419e-13)
(-2.72084 -8.96169 -4.03806e-13)
(-2.82356 -9.13295 -3.81881e-13)
(-2.92794 -9.30157 -3.55287e-13)
(-3.03394 -9.46748 -3.36793e-13)
(-3.1415 -9.63065 -3.19854e-13)
(-3.25056 -9.79104 -3.06102e-13)
(-3.36109 -9.94859 -2.87926e-13)
(-3.47301 -10.1033 -2.7059e-13)
(-3.5863 -10.255 -2.52666e-13)
(-3.70088 -10.4038 -2.40503e-13)
(-3.81671 -10.5496 -2.27121e-13)
(-3.93372 -10.6924 -2.158e-13)
(-4.05188 -10.8321 -2.03076e-13)
(-4.1711 -10.9686 -1.93141e-13)
(-4.29134 -11.1021 -1.84188e-13)
(-4.41254 -11.2323 -1.7683e-13)
(-4.53463 -11.3593 -1.64901e-13)
(-4.65757 -11.4831 -1.59503e-13)
(-4.78127 -11.6035 -1.50689e-13)
(-4.9057 -11.7207 -1.42868e-13)
(-5.03076 -11.8345 -1.38011e-13)
(-5.15642 -11.945 -1.35467e-13)
(-5.28259 -12.052 -1.30408e-13)
(-5.40923 -12.1557 -1.22023e-13)
(-5.53625 -12.2559 -1.14887e-13)
(-5.6636 -12.3526 -1.10112e-13)
(-5.7912 -12.4459 -1.02851e-13)
(-5.91901 -12.5356 -9.99238e-14)
(-6.04694 -12.6218 -9.3376e-14)
(-6.17495 -12.7045 -9.55208e-14)
(-6.30299 -12.7836 -9.23876e-14)
(-6.43092 -12.8592 -8.99118e-14)
(-6.5587 -12.9312 -8.00162e-14)
(-6.68627 -12.9997 -7.87536e-14)
(-6.81357 -13.0646 -7.25221e-14)
(-6.94052 -13.1258 -6.93516e-14)
(-7.06709 -13.1835 -6.64729e-14)
(-7.19317 -13.2376 -6.42922e-14)
(-7.31872 -13.2881 -6.02189e-14)
(-7.44365 -13.335 -5.84873e-14)
(-7.56791 -13.3783 -5.77926e-14)
(-7.69143 -13.418 -5.45058e-14)
(-7.81413 -13.4542 -5.43732e-14)
(-7.93595 -13.4867 -4.97127e-14)
(-8.05681 -13.5156 -4.95179e-14)
(-8.17668 -13.5409 -4.71788e-14)
(-8.29548 -13.5627 -4.70335e-14)
(-8.41311 -13.5809 -4.52176e-14)
(-8.52951 -13.5955 -4.52711e-14)
(-8.64462 -13.6067 -4.32268e-14)
(-8.75838 -13.6144 -4.16617e-14)
(-8.87072 -13.6185 -3.89583e-14)
(-8.98159 -13.6192 -3.72158e-14)
(-9.09091 -13.6164 -3.59665e-14)
(-9.19865 -13.6102 -3.6535e-14)
(-9.30472 -13.6006 -3.45041e-14)
(-9.40906 -13.5876 -3.49162e-14)
(-9.51158 -13.5711 -3.31881e-14)
(-9.61234 -13.5514 -3.17624e-14)
(-9.7112 -13.5283 -3.10435e-14)
(-9.80811 -13.5019 -2.95234e-14)
(-9.90303 -13.4723 -3.09928e-14)
(-9.99589 -13.4394 -2.77496e-14)
(-10.0866 -13.4032 -2.69505e-14)
(-10.1753 -13.3639 -2.86484e-14)
(-10.2616 -13.3214 -2.81075e-14)
(-10.3458 -13.2758 -2.60401e-14)
(-10.4276 -13.2271 -2.83586e-14)
(-10.5071 -13.1753 -2.67001e-14)
(-10.5841 -13.1205 -2.48896e-14)
(-10.6587 -13.0627 -2.52215e-14)
(-10.7308 -13.0019 -2.65498e-14)
(-10.8003 -12.9382 -2.44926e-14)
(-10.8672 -12.8715 -2.47819e-14)
(-10.9314 -12.802 -2.27604e-14)
(-10.9929 -12.7297 -2.32097e-14)
(-11.0516 -12.6546 -2.02212e-14)
(-11.1075 -12.5767 -1.91198e-14)
(-11.1604 -12.4961 -2.0358e-14)
(-11.2104 -12.4128 -2.00703e-14)
(-11.2573 -12.3268 -2.01072e-14)
(-11.301 -12.2382 -2.07617e-14)
(-11.3416 -12.147 -1.95318e-14)
(-11.3788 -12.0533 -1.78306e-14)
(-11.4126 -11.9571 -1.84669e-14)
(-11.4429 -11.8584 -1.71872e-14)
(-11.4696 -11.7573 -1.62669e-14)
(-11.4926 -11.6538 -1.59162e-14)
(-11.5117 -11.548 -1.5247e-14)
(-11.5269 -11.4399 -1.60125e-14)
(-11.5379 -11.3296 -1.4405e-14)
(-11.5446 -11.2171 -1.45538e-14)
(-11.5469 -11.1025 -1.29873e-14)
(-11.5447 -10.9859 -1.30107e-14)
(-11.5376 -10.8673 -1.24498e-14)
(-11.5257 -10.7469 -1.35862e-14)
(-11.5086 -10.6247 -1.33972e-14)
(-11.4863 -10.5008 -1.36426e-14)
(-11.4584 -10.3754 -1.39064e-14)
(-11.4249 -10.2486 -1.43595e-14)
(-11.3855 -10.1206 -1.41155e-14)
(-11.3401 -9.99138 -1.39165e-14)
(-11.2885 -9.86128 -1.3583e-14)
(-11.2304 -9.73045 -1.25395e-14)
(-11.1659 -9.59908 -1.25164e-14)
(-0.424675 -0.162723 -2.93444e-14)
)
;
    }
    inlet
    {
        type            calculated;
        value           uniform (0 0 0);
    }
    rWedge
    {
        type            wedge;
    }
    lWedge
    {
        type            wedge;
    }
    outlet
    {
        type            calculated;
        value           nonuniform 0();
    }
    procBoundary3to2
    {
        type            processor;
        value           uniform (0 0 0);
    }
}


// ************************************************************************* //
