/*--------------------------------*- C++ -*----------------------------------*\
| =========                 |                                                 |
| \\      /  F ield         | OpenFOAM: The Open Source CFD Toolbox           |
|  \\    /   O peration     | Version:  v1706                                 |
|   \\  /    A nd           | Web:      www.OpenFOAM.com                      |
|    \\/     M anipulation  |                                                 |
\*---------------------------------------------------------------------------*/
FoamFile
{
    version     2.0;
    format      ascii;
    class       volVectorField;
    location    "3.1e-05";
    object      wallShearStress;
}
// * * * * * * * * * * * * * * * * * * * * * * * * * * * * * * * * * * * * * //

dimensions      [1 -1 -2 0 0 0 0];


internalField   uniform (0 0 0);

boundaryField
{
    cone
    {
        type            calculated;
        value           nonuniform List<vector> 
153
(
(-19.6259 -16.9896 -3.37556e-14)
(-19.6426 -16.8258 -3.16509e-14)
(-19.6539 -16.6595 -3.09312e-14)
(-19.6596 -16.4905 -3.03399e-14)
(-19.6597 -16.319 -2.87771e-14)
(-19.654 -16.1448 -2.71091e-14)
(-19.6424 -15.9682 -2.77724e-14)
(-19.6248 -15.7891 -2.57517e-14)
(-19.6011 -15.6076 -2.49529e-14)
(-19.5712 -15.4237 -2.46158e-14)
(-19.5349 -15.2375 -2.43761e-14)
(-19.4921 -15.049 -2.34242e-14)
(-19.4428 -14.8582 -2.336e-14)
(-19.3867 -14.6653 -2.20468e-14)
(-19.3238 -14.4701 -2.07258e-14)
(-19.254 -14.2729 -2.00741e-14)
(-19.1771 -14.0736 -2.0176e-14)
(-19.093 -13.8723 -1.85147e-14)
(-19.0016 -13.669 -1.82432e-14)
(-18.9029 -13.4637 -1.82242e-14)
(-18.7965 -13.2565 -1.75086e-14)
(-18.6826 -13.0475 -1.7133e-14)
(-18.5609 -12.8367 -1.52354e-14)
(-18.4314 -12.6241 -1.43645e-14)
(-18.2939 -12.4098 -1.39423e-14)
(-18.1485 -12.1939 -1.30974e-14)
(-17.995 -11.9763 -1.39777e-14)
(-17.8333 -11.7572 -1.36866e-14)
(-17.6635 -11.5365 -1.23493e-14)
(-17.4855 -11.3144 -1.1921e-14)
(-17.2992 -11.091 -1.24228e-14)
(-17.1046 -10.8662 -1.12461e-14)
(-16.9018 -10.6402 -1.14447e-14)
(-16.6908 -10.413 -9.56315e-15)
(-16.4717 -10.1848 -9.53738e-15)
(-16.2444 -9.95552 -9.45033e-15)
(-16.009 -9.72536 -9.05604e-15)
(-15.7658 -9.49441 -9.03514e-15)
(-15.5146 -9.2628 -8.86053e-15)
(-15.2557 -9.03065 -7.99046e-15)
(-14.9891 -8.79811 -7.34874e-15)
(-14.7149 -8.56537 -7.48397e-15)
(-14.4331 -8.33262 -6.05878e-15)
(-14.1436 -8.10012 -5.98932e-15)
(-13.8459 -7.86823 -5.98139e-15)
(-13.5388 -7.6378 -5.42685e-15)
(-13.2172 -7.41427 -5.6382e-15)
(-12.8774 -7.21265 -4.84497e-15)
(-12.5511 -6.97048 -4.64124e-15)
(-12.233 -6.70838 -4.20465e-15)
(-11.9265 -6.49298 -5.22755e-15)
(-11.6416 -6.30611 -5.23633e-15)
(-11.3755 -6.13761 -4.60816e-15)
(-11.1252 -5.98295 -4.34717e-15)
(-10.889 -5.83939 -3.86373e-15)
(-10.6653 -5.70513 -3.88494e-15)
(-10.4528 -5.57886 -4.34645e-15)
(-10.2507 -5.45961 -4.11091e-15)
(-10.0581 -5.34662 -3.59599e-15)
(-9.87425 -5.23924 -4.06615e-15)
(-9.69856 -5.13695 -3.21008e-15)
(-9.53051 -5.03931 -2.92427e-15)
(-9.36963 -4.94591 -3.3723e-15)
(-9.21551 -4.85643 -3.53695e-15)
(-9.06779 -4.77055 -3.67321e-15)
(-8.92614 -4.688 -2.7815e-15)
(-8.79025 -4.60855 -2.617e-15)
(-8.65987 -4.53195 -2.48986e-15)
(-8.53473 -4.45801 -3.31628e-15)
(-8.41461 -4.38652 -3.16566e-15)
(-8.29929 -4.31731 -2.22004e-15)
(-8.18855 -4.25022 -2.26015e-15)
(-8.08219 -4.18507 -1.94167e-15)
(-7.98002 -4.12173 -2.02374e-15)
(-7.88183 -4.06005 -2.76942e-15)
(-7.78744 -3.99988 -2.96442e-15)
(-7.69666 -3.94108 -2.95386e-15)
(-7.6093 -3.88349 -2.81072e-15)
(-7.52513 -3.82703 -3.44783e-15)
(-7.44359 -3.77193 -3.7516e-15)
(-7.36455 -3.71834 -3.28535e-15)
(-7.28818 -3.66541 -3.25769e-15)
(-7.21411 -3.61304 -2.84927e-15)
(-7.14188 -3.56165 -2.77202e-15)
(-7.07125 -3.51114 -3.68957e-15)
(-7.00194 -3.46146 -3.36353e-15)
(-6.93365 -3.41261 -3.30512e-15)
(-6.8661 -3.36461 -3.81648e-15)
(-6.79899 -3.3175 -3.93819e-15)
(-6.73203 -3.27132 -3.6211e-15)
(-6.66495 -3.22614 -3.74024e-15)
(-6.59749 -3.18205 -2.94499e-15)
(-6.52943 -3.13915 -2.68463e-15)
(-6.46057 -3.09755 -3.47122e-15)
(-6.39073 -3.05737 -3.2475e-15)
(-6.31982 -3.01875 -3.63357e-15)
(-6.24776 -2.98183 -4.62273e-15)
(-6.17455 -2.94677 -3.8907e-15)
(-6.10026 -2.9137 -3.31058e-15)
(-6.02501 -2.88278 -2.2421e-15)
(-5.949 -2.85415 -3.5829e-15)
(-5.87252 -2.82794 -2.5182e-15)
(-5.79592 -2.80425 -3.40695e-15)
(-5.71964 -2.78319 -3.87218e-15)
(-5.64418 -2.76482 -2.72389e-15)
(-5.57011 -2.74921 -3.84089e-15)
(-5.49812 -2.73648 -4.34481e-15)
(-5.42863 -2.7268 -4.55647e-15)
(-5.36326 -2.72054 -3.37917e-15)
(-5.30028 -2.71484 -3.63431e-15)
(-5.24288 -2.71273 -3.25156e-15)
(-5.19132 -2.71382 -4.38539e-15)
(-5.14631 -2.7172 -2.44973e-15)
(-5.10912 -2.72232 -2.82505e-15)
(-5.08145 -2.72819 -3.24506e-15)
(-5.06443 -2.73432 -3.30023e-15)
(-5.05611 -2.74359 -3.7405e-15)
(-5.05595 -2.75267 -3.70461e-15)
(-5.06675 -2.76146 -3.26881e-15)
(-5.08916 -2.7701 -3.64342e-15)
(-5.12304 -2.77792 -3.98474e-15)
(-5.16822 -2.78427 -3.38965e-15)
(-5.22449 -2.7886 -4.49669e-15)
(-5.29149 -2.79035 -5.06327e-15)
(-5.36865 -2.78899 -4.04348e-15)
(-5.45513 -2.78401 -3.68073e-15)
(-5.54988 -2.77491 -4.39043e-15)
(-5.65161 -2.76121 -3.44673e-15)
(-5.75899 -2.74229 -3.66564e-15)
(-5.87054 -2.71782 -3.94636e-15)
(-5.98201 -2.68505 -3.809e-15)
(-6.09774 -2.64959 -3.51194e-15)
(-6.21016 -2.6088 -2.48152e-15)
(-6.31595 -2.56056 -3.01418e-15)
(-6.41438 -2.50678 -2.67438e-15)
(-6.50326 -2.44838 -2.12531e-15)
(-6.5802 -2.38602 -3.36236e-15)
(-6.64308 -2.3206 -2.93944e-15)
(-6.69073 -2.25169 -3.54654e-15)
(-6.72211 -2.18231 -4.52891e-15)
(-6.73547 -2.11388 -5.27507e-15)
(-6.7309 -2.04648 -4.98511e-15)
(-6.70761 -1.98282 -3.94353e-15)
(-6.66612 -1.92406 -3.12306e-15)
(-6.60813 -1.87164 -3.52252e-15)
(-6.53562 -1.82688 -4.64393e-15)
(-6.45105 -1.79087 -3.88319e-15)
(-6.35739 -1.76442 -3.49022e-15)
(-6.25798 -1.74812 -4.07341e-15)
(-6.1565 -1.74225 -4.53656e-15)
(-6.05682 -1.74681 -4.03138e-15)
(-5.96322 -1.76135 -4.20745e-15)
(-5.88023 -1.78466 -2.91618e-15)
)
;
    }
    inlet
    {
        type            calculated;
        value           uniform (0 0 0);
    }
    rWedge
    {
        type            wedge;
    }
    lWedge
    {
        type            wedge;
    }
    outlet
    {
        type            calculated;
        value           nonuniform 0();
    }
    procBoundary2to0
    {
        type            processor;
        value           uniform (0 0 0);
    }
    procBoundary2to1
    {
        type            processor;
        value           uniform (0 0 0);
    }
    procBoundary2to3
    {
        type            processor;
        value           uniform (0 0 0);
    }
}


// ************************************************************************* //
