/*--------------------------------*- C++ -*----------------------------------*\
| =========                 |                                                 |
| \\      /  F ield         | OpenFOAM: The Open Source CFD Toolbox           |
|  \\    /   O peration     | Version:  v1706                                 |
|   \\  /    A nd           | Web:      www.OpenFOAM.com                      |
|    \\/     M anipulation  |                                                 |
\*---------------------------------------------------------------------------*/
FoamFile
{
    version     2.0;
    format      ascii;
    class       volVectorField;
    location    "1.1e-05";
    object      wallShearStress;
}
// * * * * * * * * * * * * * * * * * * * * * * * * * * * * * * * * * * * * * //

dimensions      [1 -1 -2 0 0 0 0];


internalField   uniform (0 0 0);

boundaryField
{
    cone
    {
        type            calculated;
        value           nonuniform List<vector> 
153
(
(-16.0652 -17.9459 -4.1987e-14)
(-16.4156 -17.9932 -4.02151e-14)
(-16.7711 -18.0377 -4.1209e-14)
(-17.1318 -18.0793 -4.31172e-14)
(-17.4975 -18.1181 -4.03822e-14)
(-17.8682 -18.1538 -3.96416e-14)
(-18.2439 -18.1864 -4.2722e-14)
(-18.6246 -18.2156 -3.94139e-14)
(-19.0101 -18.2415 -3.91255e-14)
(-19.4004 -18.2639 -3.98706e-14)
(-19.7954 -18.2827 -4.12029e-14)
(-20.1951 -18.2978 -4.06309e-14)
(-20.5993 -18.309 -4.22641e-14)
(-21.0081 -18.3163 -4.04261e-14)
(-21.4212 -18.3196 -3.82808e-14)
(-21.8386 -18.3188 -3.82956e-14)
(-22.2602 -18.3138 -4.00203e-14)
(-22.6859 -18.3044 -3.62978e-14)
(-23.1155 -18.2905 -3.77045e-14)
(-23.549 -18.2721 -3.87525e-14)
(-23.9862 -18.2489 -3.73245e-14)
(-24.4269 -18.2209 -3.74577e-14)
(-24.871 -18.188 -3.41781e-14)
(-25.3184 -18.15 -3.40399e-14)
(-25.7688 -18.1068 -3.46364e-14)
(-26.2221 -18.0581 -3.32668e-14)
(-26.678 -18.0039 -3.69519e-14)
(-27.1363 -17.944 -3.666e-14)
(-27.5967 -17.8781 -3.4232e-14)
(-28.0589 -17.806 -3.44681e-14)
(-28.5226 -17.7275 -3.7467e-14)
(-28.9872 -17.6424 -3.4755e-14)
(-29.4522 -17.5501 -3.65101e-14)
(-29.9168 -17.4503 -3.23032e-14)
(-30.3799 -17.3423 -3.30691e-14)
(-30.8405 -17.2255 -3.35396e-14)
(-31.2967 -17.0989 -3.32836e-14)
(-31.7467 -16.9614 -3.46285e-14)
(-32.1878 -16.812 -3.4976e-14)
(-32.6168 -16.6491 -3.31518e-14)
(-33.0302 -16.4714 -3.21625e-14)
(-33.4236 -16.2774 -3.37263e-14)
(-33.7921 -16.0659 -3.06444e-14)
(-34.13 -15.8356 -3.13229e-14)
(-34.4301 -15.5877 -3.14758e-14)
(-34.6812 -15.3246 -3.10389e-14)
(-34.8863 -15.0474 -3.18439e-14)
(-34.9935 -14.7907 -3.01581e-14)
(-35.0467 -14.482 -2.98078e-14)
(-35.1497 -14.2005 -2.89025e-14)
(-35.3282 -14.0268 -3.18447e-14)
(-35.5488 -13.896 -3.17713e-14)
(-35.7876 -13.7851 -3.11656e-14)
(-36.033 -13.6814 -3.09621e-14)
(-36.2764 -13.5768 -2.99881e-14)
(-36.5109 -13.4653 -2.99379e-14)
(-36.7305 -13.3416 -3.11445e-14)
(-36.9303 -13.2009 -3.06443e-14)
(-37.105 -13.0386 -2.98598e-14)
(-37.2503 -12.8514 -3.12161e-14)
(-37.3602 -12.6415 -2.96209e-14)
(-37.4309 -12.4006 -2.86067e-14)
(-37.4586 -12.1276 -2.97064e-14)
(-37.4409 -11.8206 -2.95986e-14)
(-37.3768 -11.4773 -3.02586e-14)
(-37.2668 -11.0944 -2.83068e-14)
(-37.1133 -10.6683 -2.74821e-14)
(-36.9198 -10.1941 -2.73137e-14)
(-36.6908 -9.66605 -2.89468e-14)
(-36.431 -9.07748 -2.86693e-14)
(-36.1449 -8.42079 -2.67362e-14)
(-35.8364 -7.68791 -2.65508e-14)
(-35.5083 -6.87065 -2.57693e-14)
(-35.1623 -5.96125 -2.55255e-14)
(-34.799 -4.95302 -2.61892e-14)
(-34.4175 -3.84104 -2.66838e-14)
(-34.0164 -2.62287 -2.64602e-14)
(-33.5932 -1.2992 -2.57326e-14)
(-33.1453 0.125597 -2.63126e-14)
(-32.6699 1.64316 -2.62327e-14)
(-32.1648 3.2412 -2.49388e-14)
(-31.6287 4.90376 -2.4383e-14)
(-31.0615 6.61196 -2.34702e-14)
(-30.4649 8.34495 -2.273e-14)
(-29.8421 10.0811 -2.31328e-14)
(-29.198 11.7992 -2.22336e-14)
(-28.539 13.4795 -2.1516e-14)
(-27.8727 15.1049 -2.16923e-14)
(-27.2072 16.6612 -2.12843e-14)
(-26.5511 18.138 -2.0302e-14)
(-25.9125 19.5281 -1.99669e-14)
(-25.2993 20.8278 -1.84069e-14)
(-24.7179 22.0359 -1.75476e-14)
(-24.1743 23.1543 -1.796e-14)
(-23.6731 24.1852 -1.72808e-14)
(-23.2174 25.1327 -1.72305e-14)
(-22.8095 26.0017 -1.74754e-14)
(-22.4582 26.8187 -1.65254e-14)
(-22.1573 27.5843 -1.58452e-14)
(-21.9056 28.3038 -1.44343e-14)
(-21.7026 28.9836 -1.52026e-14)
(-21.5471 29.6301 -1.41205e-14)
(-21.4374 30.2487 -1.44746e-14)
(-21.3718 30.8447 -1.46178e-14)
(-21.348 31.4225 -1.34177e-14)
(-21.3636 31.9861 -1.40286e-14)
(-21.4159 32.5388 -1.4185e-14)
(-21.5023 33.0832 -1.40384e-14)
(-21.6199 33.6214 -1.30107e-14)
(-21.7656 34.155 -1.29408e-14)
(-21.9364 34.685 -1.25047e-14)
(-22.129 35.2117 -1.29665e-14)
(-22.3401 35.7351 -1.14213e-14)
(-22.5664 36.2545 -1.1459e-14)
(-22.804 36.7686 -1.14785e-14)
(-23.0495 37.2762 -1.13335e-14)
(-23.2997 37.7759 -1.13711e-14)
(-23.5504 38.2647 -1.09725e-14)
(-23.798 38.7402 -1.05863e-14)
(-24.0383 39.1994 -1.06193e-14)
(-24.2677 39.6393 -1.03869e-14)
(-24.4819 40.056 -9.77912e-15)
(-24.6667 40.4249 -1.00417e-14)
(-24.8253 40.7491 -1.00487e-14)
(-24.9622 41.0404 -9.26063e-15)
(-25.0735 41.2934 -8.69137e-15)
(-25.1555 41.5036 -8.68761e-15)
(-25.2054 41.6669 -7.97116e-15)
(-25.2207 41.7798 -7.80791e-15)
(-25.1994 41.839 -7.57734e-15)
(-25.1399 41.8419 -7.13057e-15)
(-25.0412 41.7861 -6.72485e-15)
(-24.9026 41.6701 -5.94909e-15)
(-24.7239 41.4926 -5.86955e-15)
(-24.5053 41.2532 -5.33639e-15)
(-24.2478 40.952 -4.79024e-15)
(-23.9522 40.5896 -4.90041e-15)
(-23.6203 40.1673 -4.45531e-15)
(-23.2538 39.6869 -4.38004e-15)
(-22.8548 39.1506 -4.39256e-15)
(-22.4258 38.5611 -4.40608e-15)
(-21.9691 37.9216 -3.99772e-15)
(-21.4874 37.2353 -3.4182e-15)
(-20.9834 36.5058 -2.94192e-15)
(-20.4596 35.7366 -2.91545e-15)
(-19.9185 34.9312 -2.9512e-15)
(-19.3619 34.0915 -2.57863e-15)
(-18.7891 33.2141 -2.28361e-15)
(-18.208 32.3113 -2.23953e-15)
(-17.6235 31.3924 -2.21185e-15)
(-17.0373 30.4602 -1.88072e-15)
(-16.4527 29.5189 -1.75717e-15)
(-15.8662 28.5611 -1.3132e-15)
)
;
    }
    inlet
    {
        type            calculated;
        value           uniform (0 0 0);
    }
    rWedge
    {
        type            wedge;
    }
    lWedge
    {
        type            wedge;
    }
    outlet
    {
        type            calculated;
        value           nonuniform 0();
    }
    procBoundary2to0
    {
        type            processor;
        value           uniform (0 0 0);
    }
    procBoundary2to1
    {
        type            processor;
        value           uniform (0 0 0);
    }
    procBoundary2to3
    {
        type            processor;
        value           uniform (0 0 0);
    }
}


// ************************************************************************* //
