/*--------------------------------*- C++ -*----------------------------------*\
| =========                 |                                                 |
| \\      /  F ield         | OpenFOAM: The Open Source CFD Toolbox           |
|  \\    /   O peration     | Version:  v1706                                 |
|   \\  /    A nd           | Web:      www.OpenFOAM.com                      |
|    \\/     M anipulation  |                                                 |
\*---------------------------------------------------------------------------*/
FoamFile
{
    version     2.0;
    format      ascii;
    class       volVectorField;
    location    "1.6e-05";
    object      wallShearStress;
}
// * * * * * * * * * * * * * * * * * * * * * * * * * * * * * * * * * * * * * //

dimensions      [1 -1 -2 0 0 0 0];


internalField   uniform (0 0 0);

boundaryField
{
    cone
    {
        type            calculated;
        value           nonuniform List<vector> 
153
(
(-13.0782 -13.0241 -2.00934e-14)
(-13.2819 -12.8463 -1.92041e-14)
(-13.4671 -12.6629 -1.92627e-14)
(-13.6339 -12.4742 -2.01371e-14)
(-13.782 -12.2811 -1.86258e-14)
(-13.9113 -12.084 -1.84101e-14)
(-14.022 -11.8835 -1.97618e-14)
(-14.1139 -11.6801 -1.82671e-14)
(-14.1872 -11.4739 -1.80415e-14)
(-14.2418 -11.2651 -1.82761e-14)
(-14.2781 -11.0541 -1.88777e-14)
(-14.2963 -10.8409 -1.8631e-14)
(-14.2966 -10.6257 -1.9327e-14)
(-14.2792 -10.4086 -1.84521e-14)
(-14.2445 -10.1897 -1.74433e-14)
(-14.1925 -9.96929 -1.74282e-14)
(-14.1235 -9.74748 -1.7987e-14)
(-14.0376 -9.52452 -1.63829e-14)
(-13.9349 -9.30069 -1.67767e-14)
(-13.8156 -9.07633 -1.74006e-14)
(-13.6796 -8.85183 -1.65821e-14)
(-13.5272 -8.62768 -1.65577e-14)
(-13.3584 -8.40437 -1.49343e-14)
(-13.1735 -8.18249 -1.48287e-14)
(-12.9726 -7.96265 -1.50321e-14)
(-12.7561 -7.74553 -1.46346e-14)
(-12.5242 -7.5318 -1.61786e-14)
(-12.2774 -7.3222 -1.6138e-14)
(-12.0161 -7.11744 -1.50859e-14)
(-11.7411 -6.91823 -1.52091e-14)
(-11.453 -6.72531 -1.61656e-14)
(-11.1525 -6.53934 -1.49554e-14)
(-10.8406 -6.36097 -1.54449e-14)
(-10.5182 -6.1908 -1.3849e-14)
(-10.1863 -6.02937 -1.41201e-14)
(-9.84598 -5.87716 -1.41919e-14)
(-9.49841 -5.73455 -1.39893e-14)
(-9.14476 -5.60186 -1.43291e-14)
(-8.7862 -5.4793 -1.42549e-14)
(-8.42391 -5.36699 -1.34311e-14)
(-8.05903 -5.26496 -1.29008e-14)
(-7.69264 -5.17316 -1.33608e-14)
(-7.32576 -5.09147 -1.2273e-14)
(-6.95932 -5.01976 -1.23272e-14)
(-6.59359 -4.95805 -1.23751e-14)
(-6.2281 -4.90373 -1.20799e-14)
(-5.86986 -4.85869 -1.23906e-14)
(-5.51119 -4.83196 -1.16285e-14)
(-5.15383 -4.79537 -1.16194e-14)
(-4.80485 -4.76939 -1.12905e-14)
(-4.47525 -4.774 -1.25477e-14)
(-4.16619 -4.7948 -1.2539e-14)
(-3.88069 -4.83049 -1.21482e-14)
(-3.60724 -4.86741 -1.19387e-14)
(-3.35813 -4.91307 -1.17706e-14)
(-3.12932 -4.96591 -1.17025e-14)
(-2.91942 -5.02297 -1.22425e-14)
(-2.72903 -5.08329 -1.19186e-14)
(-2.5586 -5.14632 -1.16161e-14)
(-2.40802 -5.21169 -1.22542e-14)
(-2.27653 -5.27928 -1.16058e-14)
(-2.1632 -5.34878 -1.14793e-14)
(-2.06759 -5.42135 -1.19799e-14)
(-1.98949 -5.49279 -1.20383e-14)
(-1.92827 -5.56485 -1.22766e-14)
(-1.88348 -5.63909 -1.13003e-14)
(-1.85536 -5.7121 -1.09742e-14)
(-1.84379 -5.78542 -1.08684e-14)
(-1.84881 -5.85927 -1.20934e-14)
(-1.87027 -5.93317 -1.2006e-14)
(-1.90809 -6.00699 -1.09257e-14)
(-1.9624 -6.08065 -1.08085e-14)
(-2.03004 -6.15621 -1.05339e-14)
(-2.10957 -6.23304 -1.05084e-14)
(-2.20326 -6.30712 -1.14325e-14)
(-2.31069 -6.3788 -1.17497e-14)
(-2.43141 -6.44814 -1.16042e-14)
(-2.56499 -6.515 -1.15936e-14)
(-2.711 -6.57909 -1.25073e-14)
(-2.86802 -6.64178 -1.29065e-14)
(-3.03805 -6.69884 -1.23586e-14)
(-3.21803 -6.7539 -1.21904e-14)
(-3.40826 -6.80534 -1.20242e-14)
(-3.60808 -6.85305 -1.17842e-14)
(-3.8168 -6.89682 -1.29235e-14)
(-4.0337 -6.93644 -1.24116e-14)
(-4.25805 -6.97174 -1.23934e-14)
(-4.48906 -7.00251 -1.31147e-14)
(-4.72591 -7.02859 -1.35732e-14)
(-4.96773 -7.0498 -1.31766e-14)
(-5.21355 -7.06601 -1.36907e-14)
(-5.46229 -7.07715 -1.24789e-14)
(-5.71272 -7.08321 -1.16401e-14)
(-5.96349 -7.08432 -1.2981e-14)
(-6.21321 -7.08067 -1.25674e-14)
(-6.46065 -7.07252 -1.32036e-14)
(-6.70491 -7.06013 -1.42589e-14)
(-6.94558 -7.04365 -1.32577e-14)
(-7.18285 -7.02312 -1.28242e-14)
(-7.41728 -6.99842 -1.09253e-14)
(-7.64968 -6.9693 -1.32284e-14)
(-7.88088 -6.93535 -1.14107e-14)
(-8.11158 -6.89592 -1.29957e-14)
(-8.34219 -6.85011 -1.39008e-14)
(-8.57292 -6.79668 -1.1859e-14)
(-8.80232 -6.73394 -1.34158e-14)
(-9.02752 -6.65916 -1.45218e-14)
(-9.24695 -6.57606 -1.48693e-14)
(-9.4636 -6.49159 -1.26426e-14)
(-9.66241 -6.38809 -1.3094e-14)
(-9.84386 -6.27165 -1.2573e-14)
(-10.0031 -6.14386 -1.43943e-14)
(-10.1334 -6.00435 -1.0831e-14)
(-10.2315 -5.84934 -1.12668e-14)
(-10.2898 -5.68847 -1.18959e-14)
(-10.3039 -5.51787 -1.22137e-14)
(-10.2694 -5.33966 -1.28068e-14)
(-10.1846 -5.15711 -1.2509e-14)
(-10.0498 -4.97188 -1.17386e-14)
(-9.86813 -4.78785 -1.22392e-14)
(-9.64174 -4.60545 -1.23115e-14)
(-9.37766 -4.42586 -1.11985e-14)
(-9.08259 -4.2504 -1.27987e-14)
(-8.76331 -4.07982 -1.34754e-14)
(-8.4264 -3.91458 -1.19092e-14)
(-8.07787 -3.75503 -1.13467e-14)
(-7.72299 -3.60146 -1.21911e-14)
(-7.36619 -3.4541 -1.09334e-14)
(-7.01108 -3.3132 -1.1123e-14)
(-6.6605 -3.17896 -1.13606e-14)
(-6.31665 -3.0516 -1.08071e-14)
(-5.98116 -2.9313 -1.04267e-14)
(-5.6552 -2.81822 -9.14209e-15)
(-5.33959 -2.71249 -9.83984e-15)
(-5.03485 -2.61417 -9.33029e-15)
(-4.74125 -2.52333 -8.61668e-15)
(-4.45892 -2.43996 -1.00644e-14)
(-4.18785 -2.36402 -9.36156e-15)
(-3.92794 -2.29545 -1.01584e-14)
(-3.67903 -2.23414 -1.14541e-14)
(-3.44094 -2.17993 -1.22016e-14)
(-3.21346 -2.13266 -1.17239e-14)
(-2.99638 -2.09215 -1.03671e-14)
(-2.78948 -2.05819 -9.45522e-15)
(-2.59257 -2.03056 -1.00596e-14)
(-2.40546 -2.00904 -1.11298e-14)
(-2.22803 -1.99341 -1.05409e-14)
(-2.06022 -1.98339 -1.00865e-14)
(-1.90211 -1.97865 -1.09302e-14)
(-1.75386 -1.97872 -1.14547e-14)
(-1.61585 -1.98305 -1.05939e-14)
(-1.48824 -1.99116 -1.06278e-14)
(-1.37042 -2.00183 -8.99244e-15)
)
;
    }
    inlet
    {
        type            calculated;
        value           uniform (0 0 0);
    }
    rWedge
    {
        type            wedge;
    }
    lWedge
    {
        type            wedge;
    }
    outlet
    {
        type            calculated;
        value           nonuniform 0();
    }
    procBoundary2to0
    {
        type            processor;
        value           uniform (0 0 0);
    }
    procBoundary2to1
    {
        type            processor;
        value           uniform (0 0 0);
    }
    procBoundary2to3
    {
        type            processor;
        value           uniform (0 0 0);
    }
}


// ************************************************************************* //
