/*--------------------------------*- C++ -*----------------------------------*\
| =========                 |                                                 |
| \\      /  F ield         | OpenFOAM: The Open Source CFD Toolbox           |
|  \\    /   O peration     | Version:  v1706                                 |
|   \\  /    A nd           | Web:      www.OpenFOAM.com                      |
|    \\/     M anipulation  |                                                 |
\*---------------------------------------------------------------------------*/
FoamFile
{
    version     2.0;
    format      ascii;
    class       volVectorField;
    location    "3.1e-05";
    object      wallShearStress;
}
// * * * * * * * * * * * * * * * * * * * * * * * * * * * * * * * * * * * * * //

dimensions      [1 -1 -2 0 0 0 0];


internalField   uniform (0 0 0);

boundaryField
{
    cone
    {
        type            calculated;
        value           nonuniform List<vector> 
181
(
(-5.8136 -1.81377 -2.98556e-15)
(-5.77045 -1.8481 -2.56605e-15)
(-5.74949 -1.88518 -2.60939e-15)
(-5.75038 -1.92377 -3.43976e-15)
(-5.77768 -1.96487 -3.35821e-15)
(-5.83759 -2.00252 -3.44759e-15)
(-5.93238 -2.034 -3.69359e-15)
(-6.06266 -2.0567 -4.01264e-15)
(-6.22829 -2.0676 -4.01074e-15)
(-6.42836 -2.06334 -3.52932e-15)
(-6.66076 -2.04047 -3.81382e-15)
(-6.92172 -1.99557 -3.66913e-15)
(-7.2054 -1.92549 -3.86985e-15)
(-7.50359 -1.82759 -3.77613e-15)
(-7.80538 -1.70016 -3.52875e-15)
(-8.09706 -1.5429 -3.29125e-15)
(-8.36212 -1.35751 -3.635e-15)
(-8.58123 -1.14757 -3.57274e-15)
(-8.74231 -0.903528 -3.6927e-15)
(-8.82954 -0.651268 -2.32172e-15)
(-8.81935 -0.403421 -2.0604e-15)
(-8.68984 -0.167999 -2.29871e-15)
(-8.4382 0.0497611 -2.59721e-15)
(-8.06581 0.239573 -2.42082e-15)
(-7.58037 0.394141 -2.64989e-15)
(-7.00361 0.514225 -2.57397e-15)
(-6.36336 0.601923 -2.89348e-15)
(-5.67876 0.649245 -3.13951e-15)
(-4.97486 0.66268 -3.43566e-15)
(-4.27386 0.648983 -3.5226e-15)
(-3.59361 0.614405 -3.11156e-15)
(-2.94729 0.564654 -2.51276e-15)
(-2.34355 0.504596 -2.79486e-15)
(-1.78731 0.438198 -3.00193e-15)
(-1.28047 0.368529 -1.84303e-15)
(-0.822777 0.297877 -2.01663e-15)
(-0.41251 0.228029 -1.41124e-15)
(-0.0475829 0.160771 -2.11161e-15)
(0.274149 0.0953529 -2.30591e-15)
(0.557906 0.0313864 -2.72035e-15)
(0.80513 -0.0278637 -1.99019e-15)
(1.01759 -0.0909429 -1.97978e-15)
(1.20711 -0.147341 -2.05122e-15)
(1.3718 -0.196317 -3.12594e-15)
(1.50686 -0.246157 -3.37947e-15)
(1.61867 -0.294613 -2.66339e-15)
(1.71027 -0.3404 -2.77612e-15)
(1.78344 -0.38349 -2.11744e-15)
(1.83957 -0.425052 -2.55436e-15)
(1.88082 -0.464143 -1.98882e-15)
(1.90894 -0.501721 -1.62308e-15)
(1.92496 -0.537721 -1.92785e-15)
(1.92987 -0.571022 -2.61169e-15)
(1.9253 -0.603368 -2.89833e-15)
(1.91194 -0.633971 -3.30464e-15)
(1.89082 -0.662777 -3.1331e-15)
(1.86296 -0.689835 -2.21378e-15)
(1.82934 -0.715189 -2.2853e-15)
(1.79086 -0.738876 -2.33383e-15)
(1.74834 -0.760935 -2.70582e-15)
(1.70249 -0.781416 -3.06955e-15)
(1.65395 -0.800369 -2.9604e-15)
(1.60324 -0.817855 -2.9191e-15)
(1.55081 -0.833936 -2.62224e-15)
(1.49702 -0.848674 -2.87809e-15)
(1.44213 -0.862134 -2.46138e-15)
(1.38635 -0.874373 -2.63161e-15)
(1.32981 -0.88544 -3.32321e-15)
(1.27261 -0.89537 -2.34166e-15)
(1.21481 -0.904184 -2.54079e-15)
(1.15643 -0.911878 -3.37164e-15)
(1.0975 -0.918423 -2.91732e-15)
(1.03804 -0.923758 -2.97757e-15)
(0.978063 -0.927792 -2.63338e-15)
(0.917605 -0.93039 -2.53161e-15)
(0.856704 -0.931375 -2.04858e-15)
(0.795409 -0.930529 -2.21932e-15)
(0.73378 -0.927584 -2.28874e-15)
(0.671887 -0.922225 -1.81457e-15)
(0.609804 -0.91409 -3.20806e-15)
(0.547617 -0.902773 -3.35891e-15)
(0.485424 -0.887833 -2.5759e-15)
(0.423334 -0.868797 -2.81635e-15)
(0.361482 -0.845175 -2.83737e-15)
(0.300033 -0.816481 -2.66411e-15)
(0.239196 -0.782244 -2.5014e-15)
(0.179232 -0.74204 -2.27095e-15)
(0.120476 -0.69552 -2.83218e-15)
(0.0633311 -0.642426 -2.95134e-15)
(0.00823486 -0.582669 -2.55195e-15)
(-0.0439372 -0.516564 -3.42883e-15)
(-0.0926317 -0.443157 -3.40903e-15)
(-0.136855 -0.363329 -3.76724e-15)
(-0.178702 -0.280353 -3.38555e-15)
(-0.212006 -0.192819 -3.71845e-15)
(-0.238639 -0.101822 -3.58418e-15)
(-0.256962 -0.00914984 -3.27789e-15)
(-0.266907 0.0830191 -3.4239e-15)
(-0.2664 0.173367 -2.58374e-15)
(-0.255305 0.260245 -2.18101e-15)
(-0.233276 0.341577 -2.85433e-15)
(-0.200091 0.415456 -3.01897e-15)
(-0.15576 0.480163 -2.46238e-15)
(-0.100561 0.534241 -2.5815e-15)
(-0.0350548 0.576579 -1.65232e-15)
(0.0399198 0.60646 -2.32424e-15)
(0.12325 0.623611 -1.34931e-15)
(0.213588 0.628185 -1.87256e-15)
(0.309407 0.620741 -1.82455e-15)
(0.409057 0.602167 -2.06163e-15)
(0.510867 0.573493 -1.77424e-15)
(0.61371 0.535688 -2.04516e-15)
(0.713078 0.489557 -1.59376e-15)
(0.813594 0.4412 -9.97312e-16)
(0.908542 0.387674 -1.08079e-15)
(0.997868 0.330093 -1.14409e-15)
(1.08137 0.271207 -2.44087e-15)
(1.15811 0.212115 -1.5061e-15)
(1.22742 0.15366 -3.55248e-15)
(1.28888 0.0966144 -3.42194e-15)
(1.34222 0.0416014 -3.36416e-15)
(1.3873 -0.010867 -3.57256e-15)
(1.42405 -0.060418 -3.03402e-15)
(1.45228 -0.107456 -3.42213e-15)
(1.47327 -0.151214 -2.95264e-15)
(1.48591 -0.191382 -4.07254e-15)
(1.49097 -0.228961 -2.18881e-15)
(1.4887 -0.263695 -3.81332e-15)
(1.47928 -0.295602 -2.43694e-15)
(1.46293 -0.3248 -4.37348e-15)
(1.43989 -0.351405 -4.14071e-15)
(1.41039 -0.375528 -2.74654e-15)
(1.37471 -0.397267 -1.85936e-15)
(1.33309 -0.416699 -3.2382e-15)
(1.2858 -0.433877 -3.00334e-15)
(1.23313 -0.448839 -3.25385e-15)
(1.17538 -0.461594 -3.89102e-15)
(1.11289 -0.472147 -3.89264e-15)
(1.04604 -0.480489 -4.2635e-15)
(0.975259 -0.486612 -2.58891e-15)
(0.90105 -0.490522 -1.77002e-15)
(0.823981 -0.492241 -3.66703e-15)
(0.744697 -0.491821 -3.96969e-15)
(0.663927 -0.489357 -3.82873e-15)
(0.582481 -0.48499 -2.50856e-15)
(0.501246 -0.478913 -2.50718e-15)
(0.42118 -0.471383 -2.54303e-15)
(0.343297 -0.462713 -2.77319e-15)
(0.26865 -0.453273 -4.3703e-15)
(0.198302 -0.443483 -3.59676e-15)
(0.1333 -0.433809 -2.87384e-15)
(0.0746022 -0.424759 -1.8759e-15)
(0.023034 -0.41685 -1.14966e-15)
(-0.0206984 -0.41062 -2.1384e-15)
(-0.0557128 -0.406787 -1.25358e-15)
(-0.0810982 -0.405797 -3.68346e-16)
(-0.0984195 -0.40802 2.13951e-16)
(-0.107344 -0.413554 9.27626e-16)
(-0.108409 -0.422075 2.90273e-15)
(-0.103273 -0.433048 6.49326e-15)
(-0.0922951 -0.447081 9.53248e-15)
(-0.076176 -0.463498 1.02711e-14)
(-0.0559296 -0.482043 1.2782e-15)
(-0.0326112 -0.50233 -2.65029e-14)
(-0.00723151 -0.523928 -9.47929e-14)
(0.0192747 -0.546413 -2.50783e-13)
(0.0460739 -0.569388 -5.64903e-13)
(0.0724516 -0.592498 -1.13719e-12)
(0.0978255 -0.61544 -2.1262e-12)
(0.121747 -0.637966 -3.7259e-12)
(0.143898 -0.659885 -6.17028e-12)
(0.164077 -0.681063 -9.69135e-12)
(0.182192 -0.701416 -1.44624e-11)
(0.198235 -0.720902 -2.05272e-11)
(0.212271 -0.739515 -2.773e-11)
(0.224421 -0.757273 -3.56617e-11)
(0.234839 -0.774215 -4.36603e-11)
(0.243683 -0.790451 -5.0873e-11)
(0.251233 -0.805961 -5.64037e-11)
(0.257606 -0.820843 -5.94826e-11)
(0.263028 -0.835194 -5.96676e-11)
)
;
    }
    inlet
    {
        type            calculated;
        value           uniform (0 0 0);
    }
    rWedge
    {
        type            wedge;
    }
    lWedge
    {
        type            wedge;
    }
    outlet
    {
        type            calculated;
        value           nonuniform 0();
    }
    procBoundary1to0
    {
        type            processor;
        value           uniform (0 0 0);
    }
    procBoundary1to2
    {
        type            processor;
        value           uniform (0 0 0);
    }
}


// ************************************************************************* //
