/*--------------------------------*- C++ -*----------------------------------*\
| =========                 |                                                 |
| \\      /  F ield         | OpenFOAM: The Open Source CFD Toolbox           |
|  \\    /   O peration     | Version:  v1706                                 |
|   \\  /    A nd           | Web:      www.OpenFOAM.com                      |
|    \\/     M anipulation  |                                                 |
\*---------------------------------------------------------------------------*/
FoamFile
{
    version     2.0;
    format      ascii;
    class       volVectorField;
    location    "3.9e-05";
    object      wallShearStress;
}
// * * * * * * * * * * * * * * * * * * * * * * * * * * * * * * * * * * * * * //

dimensions      [1 -1 -2 0 0 0 0];


internalField   uniform (0 0 0);

boundaryField
{
    cone
    {
        type            calculated;
        value           nonuniform List<vector> 
181
(
(-26.5403 -13.0759 -2.43382e-15)
(-26.2463 -12.9358 -1.86172e-15)
(-25.9546 -12.7966 -8.36605e-16)
(-25.6652 -12.6582 -2.38144e-15)
(-25.378 -12.5207 -1.71762e-15)
(-25.0932 -12.3841 -1.99181e-15)
(-24.8107 -12.2483 -2.57638e-15)
(-24.5307 -12.1135 -3.42681e-15)
(-24.2532 -11.9797 -3.34525e-15)
(-23.9782 -11.8468 -1.9459e-15)
(-23.7058 -11.715 -2.92581e-15)
(-23.436 -11.5842 -2.78121e-15)
(-23.1689 -11.4545 -3.69016e-15)
(-22.9045 -11.326 -2.82963e-15)
(-22.6429 -11.1985 -2.46007e-15)
(-22.3841 -11.0723 -2.0338e-15)
(-22.1281 -10.9472 -2.88116e-15)
(-21.875 -10.8234 -2.65899e-15)
(-21.6248 -10.7008 -3.12395e-15)
(-21.3775 -10.5794 1.88372e-16)
(-21.1331 -10.4593 7.76452e-16)
(-20.8917 -10.3405 1.53623e-16)
(-20.6534 -10.223 -7.12606e-16)
(-20.418 -10.1068 -3.17397e-16)
(-20.1857 -9.99198 -9.80318e-16)
(-19.9565 -9.87845 -1.52233e-16)
(-19.7303 -9.76628 -9.21971e-16)
(-19.5072 -9.65546 -1.09622e-15)
(-19.2872 -9.54599 -2.0821e-15)
(-19.0703 -9.43789 -2.94862e-15)
(-18.8564 -9.33115 -1.78103e-15)
(-18.6457 -9.22578 2.83043e-16)
(-18.438 -9.12179 -9.31437e-16)
(-18.2334 -9.01917 -2.45017e-15)
(-18.0319 -8.91792 1.64515e-15)
(-17.8335 -8.81804 6.39113e-16)
(-17.638 -8.71954 2.967e-15)
(-17.4457 -8.62241 -9.42665e-17)
(-17.2563 -8.52665 -1.00167e-15)
(-17.0699 -8.43227 -2.73793e-15)
(-16.8865 -8.33925 4.24354e-16)
(-16.706 -8.24762 7.30566e-16)
(-16.5284 -8.15735 1.21919e-15)
(-16.3537 -8.06845 -2.7086e-15)
(-16.1819 -7.98092 -3.43369e-15)
(-16.0129 -7.89475 -1.02818e-15)
(-15.8468 -7.80994 -1.50128e-15)
(-15.6834 -7.72649 1.39387e-15)
(-15.5228 -7.64438 -1.29761e-15)
(-15.365 -7.56362 8.94085e-16)
(-15.2098 -7.48419 2.20959e-15)
(-15.0574 -7.40609 1.64657e-15)
(-14.9076 -7.32931 -7.12216e-16)
(-14.7604 -7.25383 -1.57586e-15)
(-14.6159 -7.17966 -3.37392e-15)
(-14.4739 -7.10676 -3.04552e-15)
(-14.3345 -7.03514 2.69749e-16)
(-14.1976 -6.96478 3.33174e-16)
(-14.0632 -6.89566 2.1312e-16)
(-13.9313 -6.82777 -3.73813e-16)
(-13.8019 -6.76111 -1.69421e-15)
(-13.6749 -6.69564 -1.60095e-15)
(-13.5502 -6.63136 -1.47979e-15)
(-13.4279 -6.56825 -9.62823e-16)
(-13.308 -6.50629 -2.13142e-15)
(-13.1903 -6.44549 -4.52822e-16)
(-13.0748 -6.38581 -1.09177e-15)
(-12.9616 -6.32725 -3.9068e-15)
(-12.8506 -6.2698 -1.13679e-16)
(-12.7417 -6.21343 -1.2269e-15)
(-12.6349 -6.15814 -3.67379e-15)
(-12.5303 -6.1039 -2.45939e-15)
(-12.4276 -6.05071 -2.85468e-15)
(-12.327 -5.99854 -1.9686e-15)
(-12.2283 -5.94739 -2.02299e-15)
(-12.1314 -5.89724 -8.87788e-16)
(-12.0364 -5.84811 -1.21669e-15)
(-11.943 -5.80001 -9.32471e-16)
(-11.8513 -5.75297 5.9648e-16)
(-11.761 -5.70705 -4.10244e-15)
(-11.6723 -5.66231 -4.83719e-15)
(-11.585 -5.61885 -2.41347e-15)
(-11.4992 -5.57677 -3.61049e-15)
(-11.4151 -5.53614 -3.78693e-15)
(-11.3329 -5.49706 -3.32202e-15)
(-11.2529 -5.45952 -2.65772e-15)
(-11.1757 -5.4235 -1.98965e-15)
(-11.1018 -5.38884 -3.53695e-15)
(-11.0319 -5.35527 -3.61479e-15)
(-10.9667 -5.32239 -2.40018e-15)
(-10.9067 -5.28964 -4.80057e-15)
(-10.8524 -5.25634 -4.57398e-15)
(-10.804 -5.22167 -6.16367e-15)
(-10.761 -5.18478 -5.00406e-15)
(-10.7228 -5.14485 -6.11759e-15)
(-10.688 -5.10114 -6.13675e-15)
(-10.6547 -5.05306 -5.39081e-15)
(-10.6207 -4.99985 -6.408e-15)
(-10.5841 -4.9399 -4.12586e-15)
(-10.5371 -4.87848 -3.27517e-15)
(-10.476 -4.81558 -5.24763e-15)
(-10.4053 -4.74912 -5.98098e-15)
(-10.316 -4.68258 -4.77604e-15)
(-10.2052 -4.61925 -5.73681e-15)
(-10.0714 -4.56217 -3.16956e-15)
(-9.91353 -4.51513 -5.0984e-15)
(-9.73191 -4.48285 -1.77695e-15)
(-9.52798 -4.47225 -3.29685e-15)
(-9.31578 -4.48348 -3.14323e-15)
(-9.09508 -4.50905 -3.85384e-15)
(-8.88632 -4.5554 -3.03279e-15)
(-8.69447 -4.62037 -3.57075e-15)
(-8.52186 -4.70597 -2.12053e-15)
(-8.3779 -4.81228 -2.95707e-16)
(-8.27535 -4.93915 -5.03996e-16)
(-8.22662 -5.07628 -2.13364e-16)
(-8.2493 -5.2175 -3.45355e-15)
(-8.35501 -5.35458 6.27292e-16)
(-8.54977 -5.47616 -5.38254e-15)
(-8.83564 -5.57195 -4.564e-15)
(-9.20995 -5.63138 -4.48803e-15)
(-9.66391 -5.64446 -5.35671e-15)
(-10.1821 -5.60288 -3.29162e-15)
(-10.7427 -5.49878 -4.67295e-15)
(-11.3303 -5.31616 -3.15839e-15)
(-11.875 -5.03851 -7.10666e-15)
(-12.4287 -4.71281 -1.1578e-15)
(-12.8591 -4.29694 -6.62892e-15)
(-13.1565 -3.80243 -2.36051e-15)
(-13.2959 -3.27335 -8.34761e-15)
(-13.2447 -2.71745 -7.74001e-15)
(-12.9829 -2.16574 -4.21391e-15)
(-12.5124 -1.65342 -1.71087e-15)
(-11.8455 -1.21299 -5.24721e-15)
(-11.0062 -0.873175 -4.4268e-15)
(-10.0296 -0.655102 -4.78665e-15)
(-8.959 -0.568611 -6.39758e-15)
(-7.84204 -0.610885 -6.38944e-15)
(-6.7251 -0.768292 -7.12401e-15)
(-5.64686 -1.02119 -3.4111e-15)
(-4.6379 -1.35026 -1.6432e-15)
(-3.71617 -1.76035 -6.06012e-15)
(-2.90744 -2.21172 -7.10778e-15)
(-2.16817 -2.66698 -6.89765e-15)
(-1.58503 -3.16713 -4.45286e-15)
(-1.12629 -3.67856 -4.03192e-15)
(-0.794741 -4.20025 -4.11089e-15)
(-0.59603 -4.71395 -5.03578e-15)
(-0.545416 -5.21922 -9.03313e-15)
(-0.648176 -5.70973 -7.42453e-15)
(-0.912239 -6.17274 -6.39989e-15)
(-1.34289 -6.59832 -4.70815e-15)
(-1.94207 -6.97587 -3.29074e-15)
(-2.70695 -7.29424 -7.0153e-15)
(-3.62822 -7.5422 -5.8935e-15)
(-4.68851 -7.70922 -4.61943e-15)
(-5.86135 -7.78648 -6.38806e-15)
(-7.11113 -7.76805 -9.36221e-15)
(-8.39417 -7.65276 -1.04354e-14)
(-9.66151 -7.44578 -8.498e-15)
(-10.8664 -7.1574 -8.46286e-15)
(-11.9752 -6.79358 -6.60683e-15)
(-12.9362 -6.33034 -1.04882e-14)
(-13.7756 -5.833 -1.16356e-14)
(-14.4622 -5.29632 -3.1216e-15)
(-14.9618 -4.68423 -1.5668e-15)
(-15.3143 -4.01413 -1.20348e-14)
(-15.5127 -3.30291 -1.43293e-14)
(-15.5541 -2.54399 -2.86166e-14)
(-15.4386 -1.75636 -4.53255e-14)
(-15.1647 -0.959058 -7.85286e-14)
(-14.736 -0.176648 -1.43009e-13)
(-14.1594 0.562983 -2.50545e-13)
(-13.4469 1.23186 -4.14438e-13)
(-12.6159 1.80457 -6.55303e-13)
(-11.6886 2.26094 -9.97777e-13)
(-10.6904 2.5883 -1.46455e-12)
(-9.6484 2.78248 -2.06357e-12)
(-8.58961 2.84775 -2.79246e-12)
(-7.53915 2.79566 -3.64864e-12)
(-6.51905 2.64311 -4.61045e-12)
)
;
    }
    inlet
    {
        type            calculated;
        value           uniform (0 0 0);
    }
    rWedge
    {
        type            wedge;
    }
    lWedge
    {
        type            wedge;
    }
    outlet
    {
        type            calculated;
        value           nonuniform 0();
    }
    procBoundary1to0
    {
        type            processor;
        value           uniform (0 0 0);
    }
    procBoundary1to2
    {
        type            processor;
        value           uniform (0 0 0);
    }
}


// ************************************************************************* //
