/*--------------------------------*- C++ -*----------------------------------*\
| =========                 |                                                 |
| \\      /  F ield         | OpenFOAM: The Open Source CFD Toolbox           |
|  \\    /   O peration     | Version:  v1706                                 |
|   \\  /    A nd           | Web:      www.OpenFOAM.com                      |
|    \\/     M anipulation  |                                                 |
\*---------------------------------------------------------------------------*/
FoamFile
{
    version     2.0;
    format      ascii;
    class       volVectorField;
    location    "3.7e-05";
    object      wallShearStress;
}
// * * * * * * * * * * * * * * * * * * * * * * * * * * * * * * * * * * * * * //

dimensions      [1 -1 -2 0 0 0 0];


internalField   uniform (0 0 0);

boundaryField
{
    cone
    {
        type            calculated;
        value           nonuniform List<vector> 
181
(
(-24.3079 -12.0412 -1.80717e-15)
(-24.0272 -11.9049 -1.03892e-15)
(-23.7496 -11.7698 -1.97631e-16)
(-23.4749 -11.6359 -1.71242e-15)
(-23.2032 -11.5033 -1.33048e-15)
(-22.9344 -11.3719 -1.56395e-15)
(-22.6687 -11.2418 -2.08125e-15)
(-22.406 -11.1129 -2.99726e-15)
(-22.1463 -10.9853 -2.71849e-15)
(-21.8898 -10.859 -1.39453e-15)
(-21.6363 -10.734 -2.41955e-15)
(-21.386 -10.6103 -2.26999e-15)
(-21.1387 -10.488 -3.31714e-15)
(-20.8946 -10.3671 -2.4725e-15)
(-20.6537 -10.2475 -2.12825e-15)
(-20.4159 -10.1293 -1.59515e-15)
(-20.1813 -10.0126 -2.53768e-15)
(-19.9498 -9.89722 -2.28935e-15)
(-19.7215 -9.7833 -2.82456e-15)
(-19.4964 -9.67082 6.2894e-16)
(-19.2744 -9.55978 1.0394e-15)
(-19.0556 -9.4502 4.66199e-16)
(-18.84 -9.34208 -5.86334e-16)
(-18.6276 -9.23542 -2.06056e-16)
(-18.4183 -9.13022 -9.36955e-16)
(-18.2122 -9.0265 -7.05016e-17)
(-18.0092 -8.92423 -8.95709e-16)
(-17.8094 -8.82344 -1.12643e-15)
(-17.6128 -8.7241 -2.18862e-15)
(-17.4192 -8.62622 -2.9033e-15)
(-17.2288 -8.52979 -1.97838e-15)
(-17.0414 -8.4348 7.14668e-17)
(-16.8572 -8.34124 -1.24577e-15)
(-16.676 -8.24911 -2.73759e-15)
(-16.4978 -8.1584 1.23085e-15)
(-16.3226 -8.06908 1.92188e-16)
(-16.1504 -7.98116 2.55644e-15)
(-15.9811 -7.89463 -3.96562e-16)
(-15.8148 -7.80946 -1.44802e-15)
(-15.6513 -7.72564 -3.16329e-15)
(-15.4907 -7.64318 -7.71531e-17)
(-15.3329 -7.56204 1.90706e-16)
(-15.1779 -7.48222 8.34634e-16)
(-15.0256 -7.40371 -3.04274e-15)
(-14.876 -7.3265 -4.22287e-15)
(-14.7291 -7.25057 -1.90688e-15)
(-14.5848 -7.17592 -2.59645e-15)
(-14.4431 -7.10253 3.5888e-16)
(-14.3039 -7.0304 -2.27738e-15)
(-14.1672 -6.95951 -2.54587e-16)
(-14.0329 -6.88986 1.16506e-15)
(-13.9011 -6.82144 6.61491e-16)
(-13.7717 -6.75424 -1.77135e-15)
(-13.6447 -6.68824 -2.72276e-15)
(-13.52 -6.62344 -4.50543e-15)
(-13.3976 -6.55982 -4.15666e-15)
(-13.2775 -6.49737 -7.81359e-16)
(-13.1596 -6.43609 -8.37255e-16)
(-13.0439 -6.37596 -7.81025e-16)
(-12.9304 -6.31696 -1.74487e-15)
(-12.819 -6.2591 -2.85041e-15)
(-12.7097 -6.20237 -2.75467e-15)
(-12.6024 -6.14677 -2.73541e-15)
(-12.4971 -6.09231 -2.18524e-15)
(-12.3937 -6.039 -3.40185e-15)
(-12.2922 -5.98689 -1.6949e-15)
(-12.1927 -5.936 -2.28354e-15)
(-12.095 -5.88637 -5.16066e-15)
(-11.9993 -5.83804 -1.33548e-15)
(-11.9056 -5.79104 -2.48839e-15)
(-11.8142 -5.74537 -4.91233e-15)
(-11.7253 -5.70099 -3.67366e-15)
(-11.6392 -5.65782 -4.127e-15)
(-11.5562 -5.6157 -3.25838e-15)
(-11.4767 -5.57438 -3.19827e-15)
(-11.4009 -5.53353 -2.04983e-15)
(-11.329 -5.49275 -2.40478e-15)
(-11.261 -5.45157 -2.12223e-15)
(-11.1966 -5.4095 -4.8883e-16)
(-11.1353 -5.36604 -5.21386e-15)
(-11.0761 -5.32078 -5.87858e-15)
(-11.0178 -5.27345 -3.52714e-15)
(-10.9586 -5.22394 -4.78657e-15)
(-10.8966 -5.17244 -4.96659e-15)
(-10.8297 -5.11942 -4.48244e-15)
(-10.7556 -5.06569 -3.82765e-15)
(-10.6722 -5.01238 -3.0653e-15)
(-10.5778 -4.961 -4.64926e-15)
(-10.4709 -4.9135 -4.76813e-15)
(-10.3514 -4.87167 -3.48932e-15)
(-10.2195 -4.83705 -5.94308e-15)
(-10.0752 -4.81252 -5.67018e-15)
(-9.92022 -4.80145 -7.27328e-15)
(-9.75849 -4.80643 -6.05384e-15)
(-9.5981 -4.82726 -7.05616e-15)
(-9.45063 -4.85937 -7.22483e-15)
(-9.32305 -4.89976 -6.42196e-15)
(-9.21448 -4.95186 -7.50765e-15)
(-9.12788 -5.01728 -5.27005e-15)
(-9.07115 -5.09617 -4.45979e-15)
(-9.05642 -5.17731 -6.41112e-15)
(-9.0955 -5.25873 -7.13975e-15)
(-9.19403 -5.33313 -5.8497e-15)
(-9.35477 -5.39321 -7.06229e-15)
(-9.5786 -5.43157 -4.31485e-15)
(-9.86312 -5.44068 -6.52772e-15)
(-10.201 -5.41381 -3.33841e-15)
(-10.5812 -5.34521 -4.70156e-15)
(-10.9911 -5.22927 -4.35077e-15)
(-11.3989 -5.04071 -4.8314e-15)
(-11.8162 -4.80416 -3.77721e-15)
(-12.1952 -4.51003 -4.51024e-15)
(-12.4824 -4.14677 -3.02725e-15)
(-12.6679 -3.73382 -1.04632e-15)
(-12.7236 -3.29228 -1.02682e-15)
(-12.617 -2.83208 -6.75561e-16)
(-12.3346 -2.38175 -3.92051e-15)
(-11.8731 -1.96945 -1.1638e-16)
(-11.2403 -1.62224 -5.47264e-15)
(-10.4558 -1.36374 -4.67265e-15)
(-9.54983 -1.21064 -4.7527e-15)
(-8.56075 -1.17005 -5.50146e-15)
(-7.53053 -1.23908 -3.6866e-15)
(-6.49987 -1.40673 -4.79507e-15)
(-5.50384 -1.65937 -3.50859e-15)
(-4.55898 -1.99259 -6.89924e-15)
(-3.72956 -2.4012 -2.00217e-15)
(-2.93433 -2.82019 -6.51572e-15)
(-2.27886 -3.29141 -3.02659e-15)
(-1.75233 -3.79365 -8.40443e-15)
(-1.35368 -4.31374 -7.87775e-15)
(-1.08574 -4.84744 -4.95111e-15)
(-0.972224 -5.37248 -2.9341e-15)
(-1.0214 -5.89582 -5.89078e-15)
(-1.24504 -6.40031 -5.47881e-15)
(-1.65266 -6.8741 -5.81697e-15)
(-2.25046 -7.30498 -7.79626e-15)
(-3.04006 -7.67943 -8.57234e-15)
(-4.01627 -7.98302 -9.97289e-15)
(-5.16464 -8.20118 -5.06223e-15)
(-6.45929 -8.32047 -2.42921e-15)
(-7.86166 -8.33045 -8.78391e-15)
(-9.32088 -8.22637 -1.06497e-14)
(-10.7768 -8.01186 -1.05685e-14)
(-12.1691 -7.69634 -7.0059e-15)
(-13.4608 -7.27494 -6.57947e-15)
(-14.5512 -6.7375 -6.40656e-15)
(-15.5352 -6.17868 -7.54034e-15)
(-16.2846 -5.54035 -1.23991e-14)
(-16.8248 -4.82052 -9.89792e-15)
(-17.1833 -4.04018 -8.31489e-15)
(-17.3553 -3.20429 -5.95063e-15)
(-17.3381 -2.31361 -4.10071e-15)
(-17.1336 -1.392 -7.47664e-15)
(-16.74 -0.464466 -5.93927e-15)
(-16.1615 0.434291 -4.45884e-15)
(-15.4071 1.26633 -5.92371e-15)
(-14.4939 1.99452 -8.43472e-15)
(-13.4471 2.58746 -8.88194e-15)
(-12.2985 3.02366 -6.91504e-15)
(-11.0839 3.29414 -5.90633e-15)
(-9.84025 3.40267 -4.75235e-15)
(-8.60191 3.36382 -7.2596e-15)
(-7.39867 3.19975 -7.66915e-15)
(-6.25412 2.93648 -2.32179e-15)
(-5.18529 2.60062 -2.998e-15)
(-4.20297 2.21678 -1.1485e-14)
(-3.31226 1.80585 -1.70027e-14)
(-2.51355 1.38388 -3.30408e-14)
(-1.80314 0.961228 -5.62118e-14)
(-1.17198 0.540467 -9.92556e-14)
(-0.633518 0.120857 -1.7765e-13)
(-0.14614 -0.268285 -3.05756e-13)
(0.262453 -0.638054 -5.06253e-13)
(0.600152 -0.993627 -8.06264e-13)
(0.878987 -1.32896 -1.24216e-12)
(1.10077 -1.64369 -1.85028e-12)
(1.26751 -1.93959 -2.65627e-12)
(1.38299 -2.21258 -3.67632e-12)
(1.44716 -2.46317 -4.92016e-12)
(1.46262 -2.69261 -6.37993e-12)
)
;
    }
    inlet
    {
        type            calculated;
        value           uniform (0 0 0);
    }
    rWedge
    {
        type            wedge;
    }
    lWedge
    {
        type            wedge;
    }
    outlet
    {
        type            calculated;
        value           nonuniform 0();
    }
    procBoundary1to0
    {
        type            processor;
        value           uniform (0 0 0);
    }
    procBoundary1to2
    {
        type            processor;
        value           uniform (0 0 0);
    }
}


// ************************************************************************* //
