/*--------------------------------*- C++ -*----------------------------------*\
| =========                 |                                                 |
| \\      /  F ield         | OpenFOAM: The Open Source CFD Toolbox           |
|  \\    /   O peration     | Version:  v1706                                 |
|   \\  /    A nd           | Web:      www.OpenFOAM.com                      |
|    \\/     M anipulation  |                                                 |
\*---------------------------------------------------------------------------*/
FoamFile
{
    version     2.0;
    format      ascii;
    class       volVectorField;
    location    "3.8e-05";
    object      wallShearStress;
}
// * * * * * * * * * * * * * * * * * * * * * * * * * * * * * * * * * * * * * //

dimensions      [1 -1 -2 0 0 0 0];


internalField   uniform (0 0 0);

boundaryField
{
    cone
    {
        type            calculated;
        value           nonuniform List<vector> 
153
(
(-21.6401 -18.5057 -5.22146e-14)
(-21.6948 -18.3514 -5.00555e-14)
(-21.7448 -18.1946 -4.92963e-14)
(-21.7898 -18.035 -4.91582e-14)
(-21.8297 -17.8729 -4.70818e-14)
(-21.8645 -17.7083 -4.56366e-14)
(-21.894 -17.5411 -4.57997e-14)
(-21.9179 -17.3714 -4.37195e-14)
(-21.9363 -17.1992 -4.27115e-14)
(-21.9489 -17.0246 -4.19303e-14)
(-21.9556 -16.8475 -4.14862e-14)
(-21.9562 -16.6681 -4.05901e-14)
(-21.9506 -16.4863 -4.05245e-14)
(-21.9385 -16.3022 -3.93864e-14)
(-21.9198 -16.1158 -3.76511e-14)
(-21.8942 -15.9271 -3.68964e-14)
(-21.8616 -15.7361 -3.6673e-14)
(-21.8218 -15.5429 -3.49084e-14)
(-21.7745 -15.3475 -3.41503e-14)
(-21.7195 -15.1499 -3.39628e-14)
(-21.6566 -14.95 -3.28955e-14)
(-21.5855 -14.7481 -3.2069e-14)
(-21.506 -14.5439 -3.02051e-14)
(-21.4178 -14.3377 -2.92212e-14)
(-21.3206 -14.1292 -2.86621e-14)
(-21.2143 -13.9187 -2.76782e-14)
(-21.0985 -13.706 -2.82873e-14)
(-20.973 -13.4913 -2.77838e-14)
(-20.8375 -13.2745 -2.64569e-14)
(-20.6917 -13.0556 -2.58787e-14)
(-20.5354 -12.8346 -2.60282e-14)
(-20.3683 -12.6116 -2.45939e-14)
(-20.1903 -12.3864 -2.44024e-14)
(-20.0009 -12.1592 -2.26319e-14)
(-19.8001 -11.9299 -2.22124e-14)
(-19.5876 -11.6986 -2.20332e-14)
(-19.3633 -11.4652 -2.13255e-14)
(-19.1269 -11.2297 -2.13207e-14)
(-18.8784 -10.9923 -2.08798e-14)
(-18.6175 -10.7528 -2.01365e-14)
(-18.344 -10.5115 -1.91844e-14)
(-18.0579 -10.2683 -1.89185e-14)
(-17.7589 -10.0235 -1.76744e-14)
(-17.4465 -9.77711 -1.70866e-14)
(-17.1201 -9.52965 -1.66679e-14)
(-16.7776 -9.28233 -1.60125e-14)
(-16.4118 -9.04312 -1.5723e-14)
(-16.0193 -8.83317 -1.49219e-14)
(-15.648 -8.55736 -1.4455e-14)
(-15.2918 -8.25135 -1.36211e-14)
(-14.935 -8.00595 -1.41983e-14)
(-14.5997 -7.79233 -1.39484e-14)
(-14.2839 -7.59823 -1.33802e-14)
(-13.9848 -7.41906 -1.27893e-14)
(-13.7002 -7.25196 -1.24326e-14)
(-13.4284 -7.09492 -1.19201e-14)
(-13.1682 -6.94642 -1.20634e-14)
(-12.9184 -6.80537 -1.15625e-14)
(-12.6783 -6.67089 -1.11225e-14)
(-12.447 -6.54229 -1.12856e-14)
(-12.2239 -6.41899 -1.02035e-14)
(-12.0084 -6.30054 -9.85578e-15)
(-11.8 -6.18651 -9.63887e-15)
(-11.5983 -6.07657 -9.38213e-15)
(-11.4029 -5.97042 -9.28528e-15)
(-11.2134 -5.8678 -8.15836e-15)
(-11.0294 -5.76847 -7.65234e-15)
(-10.8508 -5.67223 -7.36984e-15)
(-10.6773 -5.57889 -7.63904e-15)
(-10.5085 -5.4883 -7.37367e-15)
(-10.3443 -5.40029 -6.19976e-15)
(-10.1844 -5.31473 -5.90068e-15)
(-10.0287 -5.23151 -5.17861e-15)
(-9.87705 -5.1505 -4.80543e-15)
(-9.7292 -5.0716 -5.25816e-15)
(-9.58504 -4.99472 -5.26034e-15)
(-9.44441 -4.91977 -4.94726e-15)
(-9.30718 -4.84666 -4.65303e-15)
(-9.17325 -4.77533 -4.94156e-15)
(-9.04248 -4.7057 -5.0412e-15)
(-8.91477 -4.63771 -4.3689e-15)
(-8.79003 -4.5713 -3.93688e-15)
(-8.66815 -4.50641 -3.56096e-15)
(-8.54906 -4.44298 -3.25195e-15)
(-8.43266 -4.38098 -3.77555e-15)
(-8.31889 -4.32035 -3.29222e-15)
(-8.20767 -4.26105 -3.04446e-15)
(-8.09893 -4.20304 -3.27146e-15)
(-7.9926 -4.14628 -3.28302e-15)
(-7.88864 -4.09074 -2.79998e-15)
(-7.78699 -4.03637 -2.78431e-15)
(-7.68759 -3.98315 -1.91847e-15)
(-7.59039 -3.93104 -1.2677e-15)
(-7.49535 -3.88001 -1.92693e-15)
(-7.40243 -3.83004 -1.52467e-15)
(-7.31158 -3.78109 -1.79099e-15)
(-7.22277 -3.73314 -2.46035e-15)
(-7.13595 -3.68616 -2.00467e-15)
(-7.0511 -3.64012 -1.75903e-15)
(-6.96818 -3.595 -4.04546e-16)
(-6.88714 -3.55077 -1.57288e-15)
(-6.80797 -3.50741 -5.45688e-16)
(-6.73061 -3.46489 -1.03546e-15)
(-6.65504 -3.42319 -1.86447e-15)
(-6.58121 -3.38228 -6.86557e-16)
(-6.50909 -3.34215 -1.46313e-15)
(-6.43864 -3.30278 -1.85403e-15)
(-6.36981 -3.26413 -2.38821e-15)
(-6.30255 -3.22619 -1.34247e-15)
(-6.23682 -3.18896 -1.53181e-15)
(-6.17255 -3.1524 -1.16378e-15)
(-6.1097 -3.11651 -2.50216e-15)
(-6.04821 -3.08127 -8.31932e-16)
(-5.98801 -3.04669 -9.97483e-16)
(-5.92904 -3.01275 -1.18329e-15)
(-5.87125 -2.97945 -1.22854e-15)
(-5.81456 -2.94679 -1.81403e-15)
(-5.75891 -2.91478 -1.83742e-15)
(-5.70426 -2.88343 -1.44263e-15)
(-5.65054 -2.85274 -1.83753e-15)
(-5.59772 -2.82273 -2.2206e-15)
(-5.54576 -2.79342 -1.61532e-15)
(-5.49462 -2.76481 -2.68365e-15)
(-5.44431 -2.73693 -3.28241e-15)
(-5.39481 -2.7098 -2.61089e-15)
(-5.34615 -2.68343 -2.26669e-15)
(-5.29837 -2.65784 -2.97693e-15)
(-5.2515 -2.63303 -2.10464e-15)
(-5.20562 -2.60901 -2.38944e-15)
(-5.16082 -2.58578 -2.67546e-15)
(-5.11718 -2.56332 -2.63013e-15)
(-5.07482 -2.54163 -2.48469e-15)
(-5.03386 -2.52068 -1.47193e-15)
(-4.99443 -2.50042 -1.87585e-15)
(-4.95664 -2.48081 -1.43719e-15)
(-4.92063 -2.46179 -7.3139e-16)
(-4.88649 -2.4433 -2.01894e-15)
(-4.85433 -2.42526 -1.63364e-15)
(-4.8242 -2.40758 -2.01946e-15)
(-4.79616 -2.39017 -3.00104e-15)
(-4.77019 -2.37292 -3.83663e-15)
(-4.74627 -2.35574 -3.84878e-15)
(-4.72432 -2.33849 -2.91992e-15)
(-4.70424 -2.32106 -2.07507e-15)
(-4.68577 -2.30336 -2.22693e-15)
(-4.66815 -2.28594 -3.10416e-15)
(-4.65119 -2.26837 -2.62451e-15)
(-4.63556 -2.25015 -2.36749e-15)
(-4.62022 -2.23158 -2.91241e-15)
(-4.60456 -2.21287 -3.53191e-15)
(-4.58821 -2.19404 -3.08257e-15)
(-4.57071 -2.17518 -3.62708e-15)
(-4.55162 -2.15647 -2.2336e-15)
)
;
    }
    inlet
    {
        type            calculated;
        value           uniform (0 0 0);
    }
    rWedge
    {
        type            wedge;
    }
    lWedge
    {
        type            wedge;
    }
    outlet
    {
        type            calculated;
        value           nonuniform 0();
    }
    procBoundary2to0
    {
        type            processor;
        value           uniform (0 0 0);
    }
    procBoundary2to1
    {
        type            processor;
        value           uniform (0 0 0);
    }
    procBoundary2to3
    {
        type            processor;
        value           uniform (0 0 0);
    }
}


// ************************************************************************* //
