/*--------------------------------*- C++ -*----------------------------------*\
| =========                 |                                                 |
| \\      /  F ield         | OpenFOAM: The Open Source CFD Toolbox           |
|  \\    /   O peration     | Version:  v1706                                 |
|   \\  /    A nd           | Web:      www.OpenFOAM.com                      |
|    \\/     M anipulation  |                                                 |
\*---------------------------------------------------------------------------*/
FoamFile
{
    version     2.0;
    format      ascii;
    class       volVectorField;
    location    "3.3e-05";
    object      wallShearStress;
}
// * * * * * * * * * * * * * * * * * * * * * * * * * * * * * * * * * * * * * //

dimensions      [1 -1 -2 0 0 0 0];


internalField   uniform (0 0 0);

boundaryField
{
    cone
    {
        type            calculated;
        value           nonuniform List<vector> 
153
(
(-20.3873 -17.5704 -4.15969e-14)
(-20.4171 -17.4103 -3.94511e-14)
(-20.4417 -17.2475 -3.87839e-14)
(-20.4608 -17.0821 -3.80396e-14)
(-20.4743 -16.914 -3.62204e-14)
(-20.4822 -16.7432 -3.47047e-14)
(-20.4843 -16.5699 -3.50001e-14)
(-20.4804 -16.3941 -3.29079e-14)
(-20.4704 -16.2158 -3.20521e-14)
(-20.4542 -16.0349 -3.11733e-14)
(-20.4317 -15.8516 -3.09839e-14)
(-20.4027 -15.666 -2.98889e-14)
(-20.367 -15.478 -2.97661e-14)
(-20.3245 -15.2877 -2.87043e-14)
(-20.2751 -15.0951 -2.71866e-14)
(-20.2185 -14.9003 -2.64753e-14)
(-20.1547 -14.7032 -2.65643e-14)
(-20.0834 -14.5039 -2.46776e-14)
(-20.0046 -14.3024 -2.42887e-14)
(-19.9179 -14.0988 -2.43206e-14)
(-19.8234 -13.8931 -2.31418e-14)
(-19.7208 -13.6853 -2.24677e-14)
(-19.61 -13.4754 -2.05604e-14)
(-19.4907 -13.2635 -1.96291e-14)
(-19.363 -13.0497 -1.89987e-14)
(-19.2265 -12.8339 -1.80542e-14)
(-19.0813 -12.6162 -1.86434e-14)
(-18.9271 -12.3966 -1.80836e-14)
(-18.7638 -12.1752 -1.69116e-14)
(-18.5914 -11.9519 -1.64776e-14)
(-18.4098 -11.7269 -1.68683e-14)
(-18.2188 -11.5002 -1.53938e-14)
(-18.0184 -11.2718 -1.54236e-14)
(-17.8087 -11.0418 -1.35808e-14)
(-17.5895 -10.8102 -1.34102e-14)
(-17.3608 -10.5771 -1.3079e-14)
(-17.1227 -10.3427 -1.26656e-14)
(-16.8753 -10.1069 -1.25727e-14)
(-16.6185 -9.86981 -1.23765e-14)
(-16.3524 -9.63163 -1.13785e-14)
(-16.0771 -9.39247 -1.05773e-14)
(-15.7925 -9.15247 -1.06365e-14)
(-15.4987 -8.91184 -9.29348e-15)
(-15.1954 -8.67086 -9.00184e-15)
(-14.8821 -8.42996 -8.7523e-15)
(-14.5573 -8.19012 -8.44072e-15)
(-14.2155 -7.95728 -8.34056e-15)
(-13.8544 -7.74613 -7.49641e-15)
(-13.5118 -7.4932 -7.06025e-15)
(-13.1712 -7.21144 -6.54192e-15)
(-12.8427 -6.9807 -7.40201e-15)
(-12.5367 -6.78129 -7.24982e-15)
(-12.2499 -6.60102 -6.56957e-15)
(-11.9795 -6.43492 -6.21937e-15)
(-11.7233 -6.2802 -5.66837e-15)
(-11.4799 -6.13502 -5.25143e-15)
(-11.2479 -5.99806 -5.74248e-15)
(-11.0263 -5.8683 -5.32361e-15)
(-10.8144 -5.74495 -4.77624e-15)
(-10.6112 -5.62737 -5.07522e-15)
(-10.4161 -5.51503 -4.15051e-15)
(-10.2287 -5.40748 -3.89678e-15)
(-10.0483 -5.30433 -4.06272e-15)
(-9.87447 -5.20528 -4.26251e-15)
(-9.70687 -5.11003 -4.17041e-15)
(-9.5451 -5.01834 -3.19228e-15)
(-9.38884 -4.92999 -2.92398e-15)
(-9.23777 -4.84478 -2.55226e-15)
(-9.09162 -4.76256 -3.36115e-15)
(-8.95015 -4.68316 -3.14648e-15)
(-8.81311 -4.60645 -2.25112e-15)
(-8.68031 -4.53229 -2.09097e-15)
(-8.55155 -4.46059 -1.74759e-15)
(-8.42666 -4.39123 -1.78024e-15)
(-8.30548 -4.32412 -2.42926e-15)
(-8.18786 -4.25917 -2.62503e-15)
(-8.07368 -4.19629 -2.55944e-15)
(-7.96283 -4.13541 -2.36129e-15)
(-7.85521 -4.07646 -2.98231e-15)
(-7.75073 -4.01936 -3.17673e-15)
(-7.64932 -3.96404 -2.73589e-15)
(-7.5509 -3.91044 -2.66619e-15)
(-7.45545 -3.85848 -2.26516e-15)
(-7.3629 -3.8081 -2.14659e-15)
(-7.27323 -3.75922 -3.05787e-15)
(-7.18641 -3.71178 -2.70494e-15)
(-7.10241 -3.6657 -2.56825e-15)
(-7.02123 -3.6209 -3.05614e-15)
(-6.94284 -3.5773 -3.30882e-15)
(-6.86722 -3.53483 -2.88372e-15)
(-6.79436 -3.4934 -3.03236e-15)
(-6.72423 -3.45292 -2.14369e-15)
(-6.65679 -3.4133 -1.9489e-15)
(-6.59199 -3.37445 -2.73122e-15)
(-6.52978 -3.33628 -2.54122e-15)
(-6.47007 -3.2987 -3.01456e-15)
(-6.41278 -3.2616 -3.88996e-15)
(-6.35781 -3.22489 -3.1978e-15)
(-6.30502 -3.18843 -2.69503e-15)
(-6.25426 -3.15212 -1.53398e-15)
(-6.20519 -3.11624 -2.94117e-15)
(-6.15721 -3.08078 -1.89052e-15)
(-6.11076 -3.04559 -2.71316e-15)
(-6.06564 -3.00989 -3.23704e-15)
(-6.02121 -2.97436 -2.1476e-15)
(-5.97718 -2.93899 -3.36205e-15)
(-5.93326 -2.90375 -3.78039e-15)
(-5.88911 -2.86871 -3.97584e-15)
(-5.84441 -2.83394 -2.91531e-15)
(-5.79882 -2.79954 -3.16747e-15)
(-5.75204 -2.76565 -2.78892e-15)
(-5.70379 -2.73242 -3.91484e-15)
(-5.65384 -2.70002 -2.02982e-15)
(-5.60198 -2.66864 -2.39011e-15)
(-5.54808 -2.6385 -2.75697e-15)
(-5.49209 -2.60982 -2.94057e-15)
(-5.434 -2.58282 -3.42295e-15)
(-5.37394 -2.55773 -3.37236e-15)
(-5.31208 -2.53477 -2.96191e-15)
(-5.24873 -2.51417 -3.38515e-15)
(-5.18427 -2.4961 -3.665e-15)
(-5.11917 -2.48076 -3.12794e-15)
(-5.05402 -2.46831 -4.19905e-15)
(-4.98949 -2.45898 -4.84851e-15)
(-4.92604 -2.45303 -3.84321e-15)
(-4.86563 -2.4511 -3.47553e-15)
(-4.80615 -2.4503 -4.09202e-15)
(-4.75131 -2.45342 -3.17339e-15)
(-4.70195 -2.46017 -3.41118e-15)
(-4.65921 -2.46929 -3.66882e-15)
(-4.62449 -2.48017 -3.53398e-15)
(-4.59876 -2.49245 -3.20572e-15)
(-4.58233 -2.50768 -2.2554e-15)
(-4.57273 -2.52553 -2.77785e-15)
(-4.57268 -2.54312 -2.41843e-15)
(-4.58373 -2.5617 -1.84025e-15)
(-4.60649 -2.58047 -3.11667e-15)
(-4.64095 -2.5988 -2.72795e-15)
(-4.68697 -2.61612 -3.32374e-15)
(-4.74435 -2.63184 -4.3115e-15)
(-4.8127 -2.64542 -5.03656e-15)
(-4.89141 -2.65628 -4.63148e-15)
(-4.97964 -2.66392 -3.51629e-15)
(-5.07628 -2.66785 -2.72215e-15)
(-5.18002 -2.66761 -3.21619e-15)
(-5.28939 -2.6628 -4.27657e-15)
(-5.40273 -2.65304 -3.58153e-15)
(-5.51823 -2.63783 -3.27996e-15)
(-5.63457 -2.61657 -3.94217e-15)
(-5.74665 -2.58807 -4.49361e-15)
(-5.85945 -2.55908 -3.8195e-15)
(-5.96371 -2.52392 -4.2876e-15)
(-6.0588 -2.48263 -2.77633e-15)
)
;
    }
    inlet
    {
        type            calculated;
        value           uniform (0 0 0);
    }
    rWedge
    {
        type            wedge;
    }
    lWedge
    {
        type            wedge;
    }
    outlet
    {
        type            calculated;
        value           nonuniform 0();
    }
    procBoundary2to0
    {
        type            processor;
        value           uniform (0 0 0);
    }
    procBoundary2to1
    {
        type            processor;
        value           uniform (0 0 0);
    }
    procBoundary2to3
    {
        type            processor;
        value           uniform (0 0 0);
    }
}


// ************************************************************************* //
