/*--------------------------------*- C++ -*----------------------------------*\
| =========                 |                                                 |
| \\      /  F ield         | OpenFOAM: The Open Source CFD Toolbox           |
|  \\    /   O peration     | Version:  v1706                                 |
|   \\  /    A nd           | Web:      www.OpenFOAM.com                      |
|    \\/     M anipulation  |                                                 |
\*---------------------------------------------------------------------------*/
FoamFile
{
    version     2.0;
    format      ascii;
    class       volScalarField;
    location    "2e-05";
    object      frictionCoefficient;
}
// * * * * * * * * * * * * * * * * * * * * * * * * * * * * * * * * * * * * * //

dimensions      [0 0 0 0 0 0 0];


internalField   uniform 0;

boundaryField
{
    cone
    {
        type            calculated;
        value           nonuniform List<scalar> 
600
(
0.0027493
0.00418125
0.00582573
0.00741553
0.00907054
0.0106828
0.012329
0.0139488
0.0155846
0.0172051
0.0188313
0.0204484
0.0220657
0.0236767
0.0252852
0.0268885
0.0284879
0.0300822
0.0316716
0.0332557
0.0348341
0.0364063
0.0379717
0.0395311
0.0410842
0.0426302
0.044169
0.0457001
0.0472234
0.0487386
0.0502453
0.0517433
0.053232
0.0547121
0.0561823
0.0576425
0.0590925
0.0605328
0.0619615
0.0633792
0.0647865
0.0661824
0.067567
0.0689399
0.0703007
0.0716488
0.072985
0.0743082
0.0756185
0.0769159
0.0781999
0.0794702
0.0807267
0.0819694
0.0831979
0.0844122
0.0856118
0.0867967
0.0879659
0.0891205
0.0902604
0.0913846
0.0924931
0.0935863
0.0946633
0.0957241
0.096769
0.0977971
0.0988093
0.0998046
0.100783
0.101745
0.10269
0.103617
0.104528
0.105421
0.106297
0.107154
0.107995
0.108817
0.109623
0.11041
0.111179
0.11193
0.112663
0.113378
0.114074
0.114753
0.115413
0.116055
0.116678
0.117284
0.11787
0.118439
0.118988
0.11952
0.120033
0.120527
0.121004
0.121462
0.121901
0.122322
0.122723
0.123108
0.123474
0.123821
0.12415
0.124461
0.124754
0.125029
0.125287
0.125525
0.125747
0.125951
0.126137
0.126306
0.126459
0.126593
0.126709
0.126808
0.12689
0.126956
0.127005
0.127036
0.127052
0.127051
0.127033
0.126999
0.126949
0.126884
0.126802
0.126705
0.126592
0.126464
0.126321
0.126163
0.125989
0.125801
0.125598
0.12538
0.125149
0.124906
0.124654
0.124392
0.124117
0.123826
0.123513
0.123183
0.122843
0.122494
0.122132
0.121759
0.121374
0.120978
0.12057
0.120151
0.119721
0.11928
0.118829
0.118367
0.117894
0.117412
0.11692
0.116418
0.115907
0.115386
0.114856
0.114317
0.11377
0.113213
0.112647
0.112073
0.111491
0.110899
0.110298
0.109688
0.109068
0.108438
0.107797
0.107145
0.10648
0.105799
0.105103
0.104387
0.10365
0.102884
0.102087
0.10125
0.100363
0.0994157
0.0983907
0.0972546
0.0959807
0.0944795
0.0927194
0.0911042
0.0897123
0.0884651
0.0873202
0.0862536
0.085249
0.0842958
0.0833854
0.0825116
0.0816696
0.0808561
0.0800659
0.0792961
0.0785449
0.0778101
0.0770897
0.0763811
0.0756846
0.0749981
0.0743208
0.0736511
0.0729885
0.0723323
0.0716819
0.0710362
0.0703947
0.0697576
0.0691236
0.0684929
0.067865
0.0672395
0.0666162
0.0659951
0.0653756
0.0647583
0.0641425
0.0635279
0.0629153
0.0623042
0.0616947
0.0610862
0.0604797
0.0598747
0.0592717
0.0586702
0.0580708
0.0574733
0.056878
0.0562851
0.0556945
0.0551065
0.0545212
0.0539387
0.0533592
0.0527829
0.05221
0.0516404
0.0510746
0.0505125
0.0499543
0.0494001
0.0488502
0.0483046
0.0477634
0.0472268
0.0466949
0.0461679
0.0456457
0.0451286
0.0446166
0.0441097
0.0436082
0.043112
0.0426212
0.042136
0.0416563
0.0411822
0.0407138
0.0402512
0.0397943
0.0393431
0.0388978
0.0384584
0.0380247
0.0375971
0.0371752
0.0367593
0.0363493
0.0359452
0.035547
0.0351546
0.0347681
0.0343875
0.0340126
0.0336436
0.0332803
0.0329227
0.0325708
0.0322246
0.0318839
0.0315487
0.0312191
0.030895
0.0305763
0.0302629
0.0299548
0.0296519
0.0293542
0.0290616
0.0287742
0.0284916
0.028214
0.0279413
0.0276734
0.0274102
0.0271517
0.0268978
0.0266485
0.0264037
0.0261634
0.0259275
0.0256959
0.0254686
0.0252455
0.0250266
0.0248116
0.0246005
0.0243931
0.0241892
0.0239886
0.0237914
0.0235974
0.0234069
0.02322
0.0230372
0.0228589
0.0226857
0.022518
0.0223562
0.0222003
0.02205
0.0219045
0.0217625
0.0216222
0.0214817
0.0213388
0.0211915
0.021038
0.0208772
0.0207089
0.0205335
0.0203527
0.0201688
0.0199848
0.0198042
0.0196308
0.0194685
0.0193216
0.0191945
0.0190907
0.0190113
0.0189552
0.0189207
0.0189084
0.0189205
0.0189559
0.0190098
0.0190789
0.0191582
0.0192416
0.0193213
0.01939
0.019426
0.0194468
0.0194225
0.0193355
0.0191807
0.0189491
0.0186337
0.0182316
0.0177451
0.017182
0.0165552
0.0158827
0.0151855
0.0144858
0.0138052
0.0131632
0.0125757
0.0120727
0.0116384
0.0112896
0.0110541
0.0109244
0.0109076
0.0110082
0.0112346
0.0115882
0.012069
0.0126746
0.0133992
0.0142325
0.0151593
0.0161588
0.0172046
0.0182657
0.0193076
0.0202947
0.0211936
0.0219754
0.0226166
0.0230677
0.023404
0.023519
0.0234423
0.0231645
0.022676
0.0219812
0.0210836
0.0199999
0.018755
0.0173835
0.0159276
0.0144339
0.0129488
0.0115144
0.0101648
0.00892454
0.00780788
0.0068203
0.00596019
0.00522092
0.00459295
0.00406507
0.0036259
0.00327521
0.00298883
0.00275868
0.00259674
0.00248587
0.00242328
0.00240623
0.00243255
0.00250023
0.00260915
0.0027579
0.00294608
0.00317325
0.00343904
0.00374283
0.00408373
0.00446042
0.00487093
0.00531264
0.00578221
0.00627553
0.00678781
0.0073137
0.00784763
0.00838384
0.00891677
0.00944109
0.00995193
0.0104448
0.0109158
0.0113611
0.0117778
0.0121628
0.0125134
0.0128272
0.0131014
0.013334
0.0135233
0.0136524
0.0137517
0.0137864
0.013764
0.0136831
0.0135405
0.0133341
0.0130641
0.0127305
0.0123357
0.0118837
0.0113805
0.0108339
0.0102537
0.00965085
0.00903735
0.00842533
0.00782607
0.00724975
0.00670459
0.00619683
0.00573054
0.00530796
0.00492969
0.00459499
0.00430232
0.00404947
0.0038337
0.00365191
0.00350117
0.00338062
0.00328724
0.00321235
0.00316268
0.00313051
0.00311321
0.0031086
0.00311503
0.00313098
0.0031545
0.00318357
0.00321633
0.00325096
0.00328598
0.00332039
0.0033537
0.00338547
0.00341532
0.00344299
0.00346838
0.00349163
0.00351234
0.00353025
0.00354545
0.00355793
0.00356748
0.00357378
0.00357661
0.00357634
0.00356724
0.00355797
0.00354343
0.00352118
0.00349211
0.00345585
0.0034117
0.00335893
0.00329683
0.00322486
0.00314281
0.00305099
0.00295024
0.00284175
0.00272699
0.00260771
0.00248608
0.00236439
0.00224464
0.00212862
0.00201817
0.00191981
0.00182621
0.00174601
0.00167814
0.00162263
0.00158129
0.00155634
0.00155026
0.00156573
0.00160503
0.00167082
0.00176556
0.00189154
0.00205139
0.00224791
0.00248406
0.00276274
0.00308644
0.00345686
0.00387452
0.0043379
0.0048413
0.00537168
0.00590613
0.00639937
0.00677534
0.00706652
0.00710152
0.00688451
0.00639582
0.00569097
0.00488025
0.0040926
0.00341787
0.00289019
0.00250449
0.00223757
0.0020618
0.00195128
0.00189083
0.00185074
0.0018291
0.00181772
0.00181395
0.00182589
0.00186497
0.00196436
0.00206277
0.00229517
0.00223628
0.0026948
0.00141952
)
;
    }
    inlet
    {
        type            calculated;
        value           uniform 0;
    }
    rWedge
    {
        type            wedge;
    }
    lWedge
    {
        type            wedge;
    }
    outlet
    {
        type            calculated;
        value           uniform 0;
    }
}


// ************************************************************************* //
