/*--------------------------------*- C++ -*----------------------------------*\
| =========                 |                                                 |
| \\      /  F ield         | OpenFOAM: The Open Source CFD Toolbox           |
|  \\    /   O peration     | Version:  v1706                                 |
|   \\  /    A nd           | Web:      www.OpenFOAM.com                      |
|    \\/     M anipulation  |                                                 |
\*---------------------------------------------------------------------------*/
FoamFile
{
    version     2.0;
    format      ascii;
    class       volScalarField;
    location    "2e-05";
    object      pressureCoefficient;
}
// * * * * * * * * * * * * * * * * * * * * * * * * * * * * * * * * * * * * * //

dimensions      [0 0 0 0 0 0 0];


internalField   uniform 0;

boundaryField
{
    cone
    {
        type            calculated;
        value           nonuniform List<scalar> 
600
(
1.85706
1.85737
1.85676
1.85625
1.85543
1.8546
1.85353
1.85239
1.85105
1.84961
1.84799
1.84626
1.84436
1.84234
1.84017
1.83786
1.83541
1.83283
1.8301
1.82723
1.82423
1.82108
1.8178
1.81439
1.81084
1.80716
1.80334
1.79938
1.7953
1.79108
1.78673
1.78225
1.77764
1.77291
1.76804
1.76305
1.75793
1.75269
1.74732
1.74183
1.73622
1.73049
1.72464
1.71868
1.71259
1.70639
1.70008
1.69365
1.68711
1.68046
1.6737
1.66683
1.65986
1.65278
1.6456
1.63833
1.63094
1.62346
1.61588
1.6082
1.60043
1.59257
1.58462
1.57657
1.56844
1.56023
1.55193
1.54354
1.53507
1.52652
1.5179
1.5092
1.50043
1.49158
1.48266
1.47367
1.46462
1.4555
1.44632
1.43707
1.42777
1.4184
1.40899
1.39951
1.38999
1.38041
1.37078
1.36111
1.35139
1.34163
1.33183
1.32199
1.31211
1.3022
1.29225
1.28227
1.27226
1.26222
1.25216
1.24207
1.23196
1.22183
1.21168
1.20152
1.19133
1.18114
1.17093
1.16071
1.15049
1.14026
1.13003
1.11979
1.10956
1.09932
1.08909
1.07887
1.06865
1.05843
1.04822
1.03803
1.02784
1.01767
1.00752
0.997389
0.987276
0.977183
0.967116
0.957074
0.947058
0.937072
0.927112
0.917183
0.907289
0.897427
0.887605
0.877814
0.868064
0.858355
0.848687
0.839059
0.829478
0.819933
0.810439
0.800985
0.791573
0.782207
0.772887
0.763628
0.754426
0.74528
0.73619
0.727151
0.718169
0.709243
0.700373
0.69157
0.682818
0.674132
0.665508
0.656945
0.648449
0.640015
0.631641
0.62334
0.615099
0.606931
0.598829
0.590793
0.582829
0.574937
0.567112
0.559363
0.551685
0.54408
0.536551
0.529104
0.521734
0.514446
0.507243
0.500127
0.493105
0.486179
0.479358
0.472649
0.466064
0.459614
0.453314
0.447185
0.441258
0.435562
0.430146
0.425062
0.420431
0.416211
0.412928
0.410716
0.408744
0.406941
0.405277
0.403734
0.402295
0.400951
0.399692
0.398509
0.397397
0.396349
0.395362
0.394435
0.393564
0.392745
0.391974
0.39125
0.390575
0.389945
0.389356
0.388809
0.388301
0.387832
0.387402
0.387007
0.386648
0.386323
0.386031
0.385772
0.385545
0.385348
0.385181
0.385043
0.384933
0.384849
0.384792
0.38476
0.384752
0.384768
0.384807
0.384867
0.384948
0.385049
0.385169
0.385307
0.385462
0.385634
0.385821
0.386022
0.386237
0.386465
0.386704
0.386954
0.387214
0.387483
0.387761
0.388046
0.388337
0.388634
0.388936
0.389242
0.389551
0.389862
0.390176
0.39049
0.390804
0.391118
0.391432
0.391743
0.392052
0.392359
0.392662
0.392961
0.393256
0.393545
0.39383
0.394109
0.394381
0.394647
0.394907
0.395159
0.395403
0.39564
0.39587
0.396091
0.396303
0.396508
0.396703
0.396891
0.397069
0.397239
0.3974
0.397552
0.397696
0.397831
0.397958
0.398076
0.398186
0.398287
0.398381
0.398467
0.398545
0.398616
0.398679
0.398735
0.398785
0.398828
0.398865
0.398895
0.398921
0.398941
0.398956
0.398966
0.398972
0.398974
0.398972
0.398967
0.398958
0.398948
0.398935
0.398921
0.398906
0.398889
0.398872
0.398853
0.398834
0.398815
0.398795
0.398774
0.398753
0.398733
0.398716
0.398703
0.398697
0.398702
0.398721
0.398756
0.398808
0.398878
0.398962
0.399056
0.39915
0.399235
0.399299
0.39933
0.399317
0.399253
0.399133
0.398959
0.398739
0.398489
0.398228
0.397982
0.39778
0.397651
0.397626
0.397735
0.398007
0.398463
0.399112
0.399948
0.400955
0.402118
0.403432
0.404873
0.406404
0.407974
0.409528
0.411
0.412317
0.413397
0.414154
0.414529
0.414425
0.413718
0.412347
0.410271
0.407466
0.403941
0.399751
0.394992
0.389808
0.384379
0.378912
0.373626
0.368737
0.364445
0.360923
0.358329
0.356765
0.356314
0.357098
0.359168
0.362539
0.367239
0.373262
0.380595
0.389183
0.398936
0.409729
0.421393
0.433714
0.446429
0.459234
0.471785
0.483716
0.494659
0.504258
0.512199
0.518233
0.522144
0.523832
0.523147
0.519922
0.51421
0.505984
0.495284
0.482236
0.467052
0.450048
0.431641
0.412329
0.392661
0.373193
0.354443
0.336849
0.320745
0.306349
0.293771
0.283029
0.274075
0.266814
0.261128
0.256891
0.253989
0.252301
0.251719
0.252189
0.253638
0.255985
0.259184
0.263197
0.267986
0.273527
0.279791
0.286754
0.294391
0.302674
0.311572
0.321047
0.331056
0.341544
0.352451
0.363704
0.375221
0.386912
0.398681
0.41043
0.422057
0.433463
0.444556
0.455247
0.465454
0.475103
0.484124
0.492456
0.500041
0.506825
0.512757
0.517793
0.521877
0.524969
0.527021
0.527999
0.52785
0.526509
0.523971
0.520219
0.515244
0.509065
0.501715
0.493264
0.483805
0.473468
0.462411
0.450821
0.438906
0.426888
0.414988
0.403417
0.392363
0.381983
0.372398
0.363689
0.355903
0.349055
0.343136
0.338113
0.333943
0.330572
0.327936
0.325973
0.324623
0.323825
0.32351
0.323622
0.324103
0.32488
0.325899
0.327112
0.328477
0.32995
0.331489
0.333055
0.334613
0.336136
0.337599
0.338988
0.340297
0.341518
0.342649
0.343689
0.34464
0.345502
0.346275
0.346957
0.347552
0.348056
0.348466
0.348776
0.348979
0.34906
0.349023
0.348859
0.348543
0.348061
0.347404
0.34656
0.345518
0.34427
0.342815
0.341159
0.339314
0.337307
0.335169
0.332944
0.330686
0.328456
0.32632
0.324348
0.322605
0.321158
0.320076
0.319412
0.319222
0.319565
0.320475
0.321994
0.324165
0.327029
0.330626
0.334987
0.340136
0.346089
0.352855
0.360435
0.368823
0.378005
0.387948
0.398599
0.409869
0.421621
0.433649
0.44565
0.457175
0.46759
0.476067
0.481628
0.483321
0.48013
0.471455
0.457599
0.439656
0.419643
0.400025
0.382811
0.368976
0.35859
0.351212
0.346233
0.343076
0.341266
0.340436
0.340332
0.340793
0.341684
0.342893
0.344294
0.345703
0.346912
0.347695
0.348886
0.349323
0.352901
1.85894
)
;
    }
    inlet
    {
        type            calculated;
        value           uniform 0;
    }
    rWedge
    {
        type            wedge;
    }
    lWedge
    {
        type            wedge;
    }
    outlet
    {
        type            calculated;
        value           uniform 0;
    }
}


// ************************************************************************* //
