/*--------------------------------*- C++ -*----------------------------------*\
| =========                 |                                                 |
| \\      /  F ield         | OpenFOAM: The Open Source CFD Toolbox           |
|  \\    /   O peration     | Version:  v1706                                 |
|   \\  /    A nd           | Web:      www.OpenFOAM.com                      |
|    \\/     M anipulation  |                                                 |
\*---------------------------------------------------------------------------*/
FoamFile
{
    version     2.0;
    format      ascii;
    class       volScalarField;
    location    "2e-05";
    object      StantonNo;
}
// * * * * * * * * * * * * * * * * * * * * * * * * * * * * * * * * * * * * * //

dimensions      [0 0 0 0 0 0 0];


internalField   uniform 0;

boundaryField
{
    cone
    {
        type            calculated;
        value           nonuniform List<scalar> 
600
(
0.212082
0.212024
0.211961
0.211895
0.211815
0.211726
0.211624
0.21151
0.211382
0.211241
0.211086
0.210919
0.210739
0.210547
0.210339
0.210121
0.20989
0.209645
0.209388
0.209118
0.208834
0.208538
0.208229
0.207905
0.20757
0.207222
0.206859
0.206483
0.206096
0.205694
0.205281
0.204854
0.204415
0.203961
0.203497
0.203019
0.20253
0.202029
0.201514
0.200988
0.200449
0.199899
0.199337
0.198763
0.198178
0.19758
0.196972
0.196352
0.195721
0.195078
0.194425
0.19376
0.193085
0.1924
0.191702
0.190996
0.190278
0.18955
0.188813
0.188067
0.18731
0.186544
0.185766
0.184981
0.184186
0.183382
0.182569
0.181747
0.180917
0.180077
0.17923
0.178374
0.177509
0.176637
0.175757
0.17487
0.173974
0.173071
0.172161
0.171244
0.17032
0.169389
0.168452
0.167507
0.166557
0.165601
0.164638
0.163669
0.162695
0.161715
0.16073
0.159739
0.158743
0.157743
0.156737
0.155727
0.154713
0.153694
0.152671
0.151644
0.150613
0.149579
0.148541
0.1475
0.146456
0.145409
0.14436
0.143307
0.142252
0.141195
0.140136
0.139075
0.138012
0.136948
0.135882
0.134815
0.133746
0.132677
0.131608
0.130539
0.129469
0.128399
0.127329
0.126259
0.12519
0.124121
0.123052
0.121985
0.120918
0.119852
0.118787
0.117724
0.116661
0.115601
0.114542
0.113486
0.112431
0.111378
0.110328
0.10928
0.108235
0.107195
0.106161
0.105133
0.104106
0.10308
0.102049
0.10102
0.0999958
0.0989768
0.0979625
0.0969525
0.0959469
0.0949456
0.0939487
0.0929561
0.0919682
0.0909848
0.0900061
0.0890323
0.0880633
0.0870993
0.0861403
0.0851866
0.0842382
0.0832951
0.0823573
0.0814252
0.0804987
0.0795778
0.0786627
0.0777535
0.0768502
0.075953
0.075062
0.0741772
0.0732987
0.0724267
0.0715614
0.0707029
0.0698512
0.0690072
0.0681705
0.0673421
0.0665221
0.0657112
0.0649103
0.0641199
0.063342
0.0625773
0.0618275
0.0610909
0.0603683
0.0596251
0.0589183
0.0583175
0.0577641
0.05725
0.0567658
0.056306
0.0558659
0.0554425
0.0550331
0.0546362
0.0542496
0.0538723
0.0535037
0.0531425
0.0527878
0.052439
0.052095
0.0517554
0.0514198
0.0510876
0.0507583
0.0504317
0.0501071
0.0497846
0.0494636
0.0491437
0.0488249
0.0485068
0.0481893
0.0478722
0.047555
0.0472381
0.0469207
0.0466032
0.0462852
0.0459667
0.0456475
0.0453276
0.045007
0.0446854
0.044363
0.0440396
0.0437154
0.0433901
0.0430641
0.0427368
0.0424087
0.0420797
0.0417498
0.041419
0.0410872
0.0407547
0.0404214
0.0400876
0.0397531
0.039418
0.0390823
0.0387461
0.0384097
0.038073
0.0377358
0.0373987
0.0370614
0.0367242
0.0363869
0.0360498
0.035713
0.0353764
0.0350402
0.0347046
0.0343693
0.0340347
0.0337007
0.0333675
0.0330352
0.0327038
0.0323735
0.0320441
0.0317161
0.0313893
0.0310638
0.0307398
0.0304173
0.0300965
0.0297775
0.0294601
0.0291447
0.0288314
0.0285202
0.028211
0.0279044
0.0276001
0.0272981
0.0269989
0.0267025
0.0264087
0.0261178
0.02583
0.025545
0.0252634
0.0249848
0.0247097
0.0244379
0.0241696
0.0239047
0.0236435
0.0233859
0.0231321
0.0228822
0.0226359
0.0223936
0.0221553
0.0219209
0.0216906
0.0214646
0.0212424
0.0210245
0.0208109
0.0206013
0.0203961
0.0201951
0.0199985
0.0198061
0.019618
0.0194342
0.0192548
0.0190794
0.0189084
0.0187416
0.0185786
0.0184199
0.0182652
0.0181145
0.017968
0.0178257
0.017688
0.0175549
0.0174267
0.0173035
0.0171855
0.0170724
0.0169641
0.0168598
0.016759
0.0166607
0.0165638
0.0164672
0.01637
0.0162716
0.0161713
0.0160695
0.0159664
0.0158632
0.0157614
0.0156626
0.015569
0.0154826
0.0154057
0.0153407
0.0152898
0.0152546
0.0152353
0.015231
0.0152409
0.0152654
0.0153048
0.0153568
0.0154189
0.0154879
0.0155602
0.0156312
0.0156955
0.0157472
0.0157814
0.0157917
0.0157698
0.0157083
0.0156017
0.0154459
0.0152383
0.0149791
0.0146715
0.014322
0.0139403
0.0135387
0.0131309
0.0127312
0.0123533
0.0120093
0.0117099
0.0114647
0.0112799
0.0111621
0.0111168
0.0111482
0.0112606
0.0114573
0.0117411
0.0121129
0.0125724
0.0131169
0.0137416
0.0144382
0.0151951
0.0159967
0.0168237
0.0176535
0.0184613
0.0192216
0.0199102
0.0205057
0.0209901
0.021349
0.0215716
0.021646
0.0215653
0.0213215
0.0209106
0.0203332
0.0195947
0.0187086
0.0176959
0.0165851
0.0154107
0.0142103
0.0130211
0.0118764
0.010803
0.00982004
0.0089385
0.00816249
0.00749061
0.0069176
0.00643608
0.00603759
0.00571398
0.00545814
0.00526302
0.00512321
0.00503428
0.00499205
0.00499363
0.00503688
0.00512022
0.00524267
0.00540343
0.00560197
0.00583808
0.00611157
0.00642215
0.00676944
0.00715267
0.00757068
0.00802175
0.00850352
0.00901291
0.00954618
0.0100989
0.0106662
0.0112427
0.011823
0.0124018
0.0129736
0.0135336
0.0140771
0.0145996
0.0150972
0.0155662
0.0160032
0.0164048
0.0167679
0.0170894
0.0173664
0.0175957
0.0177736
0.0178968
0.0179616
0.017965
0.0179038
0.0177756
0.0175787
0.0173127
0.0169783
0.0165781
0.0161166
0.0156004
0.0150381
0.0144403
0.0138188
0.0131864
0.0125559
0.0119394
0.0113473
0.0107883
0.0102689
0.0097934
0.00936391
0.00898106
0.00864409
0.00835132
0.00810032
0.00788823
0.00771185
0.00756814
0.00745458
0.00736806
0.00730554
0.00726407
0.00724039
0.0072313
0.00723441
0.00724778
0.00726931
0.00729671
0.00732785
0.00736077
0.00739374
0.00742531
0.00745443
0.00748055
0.00750325
0.0075223
0.00753763
0.00754941
0.00755787
0.00756296
0.00756477
0.00756364
0.00755976
0.00755309
0.00754354
0.00753095
0.0075149
0.00749496
0.00747117
0.00744304
0.00740918
0.00736884
0.00732119
0.0072652
0.00719987
0.00712435
0.00703791
0.00694012
0.00683088
0.00671054
0.00657998
0.00644063
0.00629456
0.00614419
0.00599236
0.00584204
0.00569632
0.00555824
0.00543074
0.00531642
0.00521794
0.0051377
0.00507794
0.00504091
0.00502897
0.00504448
0.00508975
0.00516692
0.00527794
0.00542465
0.00560895
0.00583297
0.00609896
0.00640925
0.00676605
0.007171
0.00762465
0.00812559
0.00866912
0.00924435
0.00983044
0.0103939
0.010886
0.011248
0.0114136
0.0113201
0.0109329
0.0102666
0.00939709
0.00845099
0.00755729
0.00679662
0.00619466
0.00574118
0.00541058
0.00517471
0.00500885
0.00489406
0.00481643
0.00476583
0.00473466
0.00471601
0.00470194
0.00468235
0.00465034
0.00461089
0.00464705
0.004771
0.00512726
0.212311
)
;
    }
    inlet
    {
        type            calculated;
        value           uniform 0;
    }
    rWedge
    {
        type            wedge;
    }
    lWedge
    {
        type            wedge;
    }
    outlet
    {
        type            calculated;
        value           uniform 0;
    }
}


// ************************************************************************* //
