/*--------------------------------*- C++ -*----------------------------------*\
| =========                 |                                                 |
| \\      /  F ield         | OpenFOAM: The Open Source CFD Toolbox           |
|  \\    /   O peration     | Version:  v1706                                 |
|   \\  /    A nd           | Web:      www.OpenFOAM.com                      |
|    \\/     M anipulation  |                                                 |
\*---------------------------------------------------------------------------*/
FoamFile
{
    version     2.0;
    format      ascii;
    class       volVectorField;
    location    "2e-05";
    object      wallShearStress;
}
// * * * * * * * * * * * * * * * * * * * * * * * * * * * * * * * * * * * * * //

dimensions      [1 -1 -2 0 0 0 0];


internalField   uniform (0 0 0);

boundaryField
{
    cone
    {
        type            calculated;
        value           nonuniform List<vector> 
600
(
(4.30658 -5.40948 -2.94407e-12)
(4.43567 -8.23487 -3.86659e-12)
(4.35506 -11.4736 -6.07236e-12)
(4.23041 -14.6045 -7.39838e-12)
(4.04044 -17.8608 -8.66055e-12)
(3.82 -21.0319 -9.66065e-12)
(3.54837 -24.2668 -1.06585e-11)
(3.24598 -27.4478 -1.15483e-11)
(2.89775 -30.6568 -1.22099e-11)
(2.51653 -33.8328 -1.25563e-11)
(2.09315 -37.0162 -1.30822e-11)
(1.63493 -40.1779 -1.33699e-11)
(1.13703 -43.3356 -1.34739e-11)
(0.603303 -46.4766 -1.34145e-11)
(0.0315439 -49.6077 -1.34471e-11)
(-0.576355 -52.7234 -1.32837e-11)
(-1.22119 -55.8258 -1.31543e-11)
(-1.902 -58.9123 -1.29016e-11)
(-2.61891 -61.9832 -1.27046e-11)
(-3.37132 -65.0371 -1.24298e-11)
(-4.15909 -68.0733 -1.21426e-11)
(-4.98457 -71.0896 -1.17588e-11)
(-5.847 -74.085 -1.13212e-11)
(-6.73958 -77.0615 -1.10009e-11)
(-7.66595 -80.0177 -1.05585e-11)
(-8.62575 -82.9518 -1.01824e-11)
(-9.61865 -85.8633 -9.77834e-12)
(-10.6442 -88.7511 -9.44117e-12)
(-11.7019 -91.6145 -9.03911e-12)
(-12.7914 -94.4526 -8.67461e-12)
(-13.9122 -97.2646 -8.33504e-12)
(-15.0637 -100.05 -7.95043e-12)
(-16.2456 -102.807 -7.57738e-12)
(-17.4572 -105.537 -7.30066e-12)
(-18.6981 -108.237 -6.95595e-12)
(-19.9678 -110.907 -6.67157e-12)
(-21.2656 -113.546 -6.38052e-12)
(-22.591 -116.155 -6.05497e-12)
(-23.9436 -118.73 -5.77223e-12)
(-25.3228 -121.272 -5.48338e-12)
(-26.7276 -123.782 -5.23412e-12)
(-28.1577 -126.258 -5.04455e-12)
(-29.6125 -128.7 -4.82235e-12)
(-31.0912 -131.107 -4.56406e-12)
(-32.5933 -133.478 -4.33922e-12)
(-34.1181 -135.812 -4.16636e-12)
(-35.6651 -138.11 -4.00288e-12)
(-37.2335 -140.37 -3.82576e-12)
(-38.8226 -142.592 -3.63148e-12)
(-40.4318 -144.776 -3.42815e-12)
(-42.0604 -146.921 -3.30086e-12)
(-43.7078 -149.026 -3.15524e-12)
(-45.3731 -151.091 -3.0206e-12)
(-47.0556 -153.116 -2.87502e-12)
(-48.7548 -155.1 -2.7555e-12)
(-50.4699 -157.043 -2.62168e-12)
(-52.2001 -158.944 -2.5227e-12)
(-53.9446 -160.803 -2.37943e-12)
(-55.7024 -162.618 -2.30143e-12)
(-57.4734 -164.391 -2.18638e-12)
(-59.2568 -166.122 -2.08798e-12)
(-61.0515 -167.809 -2.0117e-12)
(-62.857 -169.452 -1.95333e-12)
(-64.6726 -171.052 -1.87975e-12)
(-66.4972 -172.607 -1.77974e-12)
(-68.3302 -174.117 -1.68947e-12)
(-70.1709 -175.583 -1.63262e-12)
(-72.0185 -177.003 -1.54289e-12)
(-73.8723 -178.379 -1.49002e-12)
(-75.7314 -179.709 -1.39864e-12)
(-77.5951 -180.994 -1.38711e-12)
(-79.4625 -182.233 -1.35307e-12)
(-81.3332 -183.426 -1.31577e-12)
(-83.2063 -184.573 -1.21586e-12)
(-85.0807 -185.674 -1.19114e-12)
(-86.956 -186.729 -1.12212e-12)
(-88.8314 -187.739 -1.07046e-12)
(-90.7058 -188.701 -1.02318e-12)
(-92.5789 -189.618 -9.86019e-13)
(-94.4499 -190.488 -9.38003e-13)
(-96.318 -191.313 -9.00202e-13)
(-98.1819 -192.091 -8.752e-13)
(-100.042 -192.823 -8.35993e-13)
(-101.897 -193.51 -8.09086e-13)
(-103.745 -194.15 -7.51984e-13)
(-105.587 -194.744 -7.29972e-13)
(-107.422 -195.292 -7.01698e-13)
(-109.248 -195.795 -6.82809e-13)
(-111.066 -196.253 -6.46905e-13)
(-112.874 -196.665 -6.40313e-13)
(-114.673 -197.033 -6.0728e-13)
(-116.461 -197.356 -5.82558e-13)
(-118.236 -197.634 -5.50949e-13)
(-120 -197.867 -5.2811e-13)
(-121.751 -198.056 -5.00333e-13)
(-123.488 -198.202 -5.01155e-13)
(-125.211 -198.305 -4.70154e-13)
(-126.919 -198.363 -4.69979e-13)
(-128.613 -198.379 -4.47629e-13)
(-130.29 -198.353 -4.23247e-13)
(-131.951 -198.284 -4.10485e-13)
(-133.593 -198.173 -3.85435e-13)
(-135.218 -198.019 -4.03663e-13)
(-136.826 -197.825 -3.62208e-13)
(-138.413 -197.591 -3.4167e-13)
(-139.98 -197.316 -3.46462e-13)
(-141.528 -197.001 -3.36847e-13)
(-143.056 -196.646 -3.10698e-13)
(-144.563 -196.253 -3.26241e-13)
(-146.049 -195.821 -3.11439e-13)
(-147.512 -195.351 -2.87023e-13)
(-148.951 -194.843 -2.78326e-13)
(-150.366 -194.301 -2.87923e-13)
(-151.76 -193.721 -2.68934e-13)
(-153.13 -193.103 -2.68138e-13)
(-154.468 -192.459 -2.44959e-13)
(-155.785 -191.779 -2.4761e-13)
(-157.082 -191.057 -2.17337e-13)
(-158.355 -190.299 -2.01388e-13)
(-159.602 -189.507 -2.05896e-13)
(-160.823 -188.684 -1.96471e-13)
(-162.018 -187.828 -1.89067e-13)
(-163.186 -186.94 -1.92332e-13)
(-164.327 -186.021 -1.76897e-13)
(-165.44 -185.072 -1.60167e-13)
(-166.526 -184.092 -1.68724e-13)
(-167.583 -183.084 -1.56688e-13)
(-168.613 -182.046 -1.44118e-13)
(-169.613 -180.981 -1.33894e-13)
(-170.586 -179.888 -1.22896e-13)
(-171.529 -178.768 -1.30611e-13)
(-172.443 -177.622 -1.11512e-13)
(-173.328 -176.45 -1.13239e-13)
(-174.183 -175.253 -9.85325e-14)
(-175.008 -174.032 -1e-13)
(-175.804 -172.787 -8.8526e-14)
(-176.569 -171.519 -9.42437e-14)
(-177.304 -170.228 -8.5785e-14)
(-178.009 -168.916 -8.14089e-14)
(-178.683 -167.581 -7.9786e-14)
(-179.328 -166.226 -8.07311e-14)
(-179.947 -164.854 -7.8351e-14)
(-180.543 -163.468 -7.62716e-14)
(-181.113 -162.071 -7.42662e-14)
(-181.65 -160.659 -6.40081e-14)
(-182.154 -159.225 -6.63966e-14)
(-182.613 -157.763 -5.74712e-14)
(-183.04 -156.278 -4.57445e-14)
(-183.44 -154.781 -4.58573e-14)
(-183.812 -153.274 -5.26249e-14)
(-184.155 -151.753 -4.31395e-14)
(-184.469 -150.22 -3.74091e-14)
(-184.752 -148.675 -4.674e-14)
(-185.006 -147.117 -3.71114e-14)
(-185.23 -145.549 -3.45927e-14)
(-185.425 -143.97 -3.31029e-14)
(-185.59 -142.381 -3.44462e-14)
(-185.725 -140.783 -3.08557e-14)
(-185.832 -139.176 -3.54861e-14)
(-185.909 -137.561 -3.05917e-14)
(-185.956 -135.938 -2.39781e-14)
(-185.976 -134.309 -2.33069e-14)
(-185.966 -132.673 -2.80514e-14)
(-185.928 -131.031 -1.87753e-14)
(-185.862 -129.384 -1.89655e-14)
(-185.767 -127.733 -2.09909e-14)
(-185.645 -126.078 -1.64835e-14)
(-185.494 -124.419 -1.62543e-14)
(-185.316 -122.757 -6.95391e-15)
(-185.109 -121.092 -5.88455e-15)
(-184.875 -119.425 -6.60719e-15)
(-184.614 -117.757 -2.29902e-15)
(-184.324 -116.087 -9.68035e-15)
(-184.006 -114.417 -8.73304e-15)
(-183.658 -112.745 -2.1164e-15)
(-183.282 -111.074 -1.31475e-15)
(-182.875 -109.402 -7.99182e-15)
(-182.437 -107.73 -1.64019e-15)
(-181.966 -106.058 -4.76866e-15)
(-181.461 -104.386 5.01079e-15)
(-180.92 -102.714 3.40531e-15)
(-180.338 -101.04 1.9327e-15)
(-179.713 -99.3654 2.16369e-15)
(-179.039 -97.6887 -3.64752e-16)
(-178.31 -96.0085 -1.1369e-15)
(-177.516 -94.3229 2.60157e-15)
(-176.649 -92.6289 5.87183e-15)
(-175.694 -90.9239 3.53821e-15)
(-174.629 -89.2068 8.97511e-15)
(-173.433 -87.4735 7.74043e-15)
(-172.071 -85.7238 6.52114e-15)
(-170.474 -83.9499 8.15444e-15)
(-168.592 -82.1388 5.968e-15)
(-166.205 -80.3511 9.0224e-15)
(-163.332 -78.3908 9.83457e-15)
(-160.625 -76.7285 1.18667e-14)
(-158.232 -75.4252 8.1762e-15)
(-156.07 -74.2958 7.45665e-15)
(-154.077 -73.2766 8.61672e-15)
(-152.214 -72.3409 7.96661e-15)
(-150.454 -71.4707 8.7751e-15)
(-148.78 -70.6536 8.49689e-15)
(-147.178 -69.8801 7.39871e-15)
(-145.638 -69.1428 7.05377e-15)
(-144.153 -68.4348 9.16177e-15)
(-142.716 -67.7557 6.42898e-15)
(-141.318 -67.1006 8.24213e-15)
(-139.954 -66.4664 1.01225e-14)
(-138.621 -65.8525 8.36608e-15)
(-137.316 -65.2537 7.6886e-15)
(-136.038 -64.6641 5.41294e-15)
(-134.78 -64.086 8.55264e-15)
(-133.541 -63.5229 1.05131e-14)
(-132.319 -62.9695 1.32967e-14)
(-131.113 -62.4245 8.93719e-15)
(-129.92 -61.8871 7.13004e-15)
(-128.739 -61.3565 1.18453e-14)
(-127.569 -60.8318 1.20173e-14)
(-126.409 -60.3125 1.38829e-14)
(-125.257 -59.7979 1.49586e-14)
(-124.112 -59.2874 1.22988e-14)
(-122.975 -58.7805 1.10063e-14)
(-121.843 -58.2768 1.07338e-14)
(-120.717 -57.7758 1.26183e-14)
(-119.596 -57.2771 1.1398e-14)
(-118.479 -56.7806 9.77394e-15)
(-117.366 -56.2858 1.10795e-14)
(-116.257 -55.7925 1.10172e-14)
(-115.151 -55.3005 1.10416e-14)
(-114.049 -54.8097 1.33677e-14)
(-112.95 -54.3198 9.5601e-15)
(-111.853 -53.8308 1.12495e-14)
(-110.76 -53.3426 1.35782e-14)
(-109.67 -52.855 1.28564e-14)
(-108.583 -52.3681 1.06865e-14)
(-107.498 -51.8817 1.17123e-14)
(-106.417 -51.3959 1.04166e-14)
(-105.339 -50.9108 1.28648e-14)
(-104.265 -50.4262 1.59009e-14)
(-103.194 -49.9423 1.28563e-14)
(-102.127 -49.4592 1.42643e-14)
(-101.064 -48.9768 1.24389e-14)
(-100.005 -48.4953 8.63988e-15)
(-98.9511 -48.0147 1.2187e-14)
(-97.9014 -47.5352 1.36471e-14)
(-96.8568 -47.0569 2.05524e-14)
(-95.8174 -46.5799 1.42023e-14)
(-94.7835 -46.1043 1.98127e-14)
(-93.7553 -45.6302 1.51544e-14)
(-92.7332 -45.1578 1.13036e-14)
(-91.7174 -44.6872 1.74805e-14)
(-90.7082 -44.2185 1.2278e-14)
(-89.7058 -43.752 9.80235e-15)
(-88.7106 -43.2876 8.47195e-15)
(-87.7226 -42.8256 1.54448e-14)
(-86.7423 -42.3661 1.46721e-14)
(-85.7697 -41.9092 1.70003e-14)
(-84.8053 -41.4551 9.74469e-15)
(-83.849 -41.0039 1.92497e-14)
(-82.9013 -40.5556 1.8186e-14)
(-81.9622 -40.1105 1.77849e-14)
(-81.032 -39.6687 1.76922e-14)
(-80.1108 -39.2302 1.51025e-14)
(-79.1987 -38.7952 1.4895e-14)
(-78.2961 -38.3638 1.68749e-14)
(-77.4029 -37.936 1.4302e-14)
(-76.5194 -37.512 1.34882e-14)
(-75.6456 -37.0919 1.79534e-14)
(-74.7817 -36.6757 1.3433e-14)
(-73.9278 -36.2635 1.11171e-14)
(-73.084 -35.8555 1.5853e-14)
(-72.2503 -35.4515 1.69041e-14)
(-71.4269 -35.0519 1.12541e-14)
(-70.6139 -34.6565 1.45747e-14)
(-69.8112 -34.2654 1.29959e-14)
(-69.0189 -33.8788 1.11837e-14)
(-68.2371 -33.4966 1.23506e-14)
(-67.4659 -33.1188 1.31758e-14)
(-66.7051 -32.7456 1.74183e-14)
(-65.955 -32.377 1.46398e-14)
(-65.2154 -32.0129 1.78912e-14)
(-64.4864 -31.6535 2.15636e-14)
(-63.7679 -31.2986 1.43228e-14)
(-63.06 -30.9485 1.73637e-14)
(-62.3626 -30.603 1.65017e-14)
(-61.6757 -30.2621 1.20075e-14)
(-60.9993 -29.9259 7.4997e-15)
(-60.3332 -29.5945 6.9207e-15)
(-59.6775 -29.2676 1.03277e-14)
(-59.0322 -28.9455 1.35849e-14)
(-58.397 -28.628 1.23181e-14)
(-57.772 -28.3151 7.93192e-15)
(-57.1571 -28.0069 1.12416e-14)
(-56.5522 -27.7033 1.25799e-14)
(-55.9572 -27.4042 8.94297e-15)
(-55.372 -27.1098 5.90496e-15)
(-54.7966 -26.8198 7.80623e-15)
(-54.2309 -26.5344 4.66212e-15)
(-53.6749 -26.2536 1.14699e-14)
(-53.1281 -25.9772 9.43478e-15)
(-52.5907 -25.7051 9.87758e-15)
(-52.0626 -25.4375 1.08262e-14)
(-51.5436 -25.1742 7.12428e-15)
(-51.0336 -24.9152 9.34982e-15)
(-50.5326 -24.6605 8.33061e-15)
(-50.0403 -24.41 7.5321e-15)
(-49.5567 -24.1637 4.33568e-15)
(-49.0816 -23.9216 2.65533e-15)
(-48.615 -23.6836 5.10554e-15)
(-48.1568 -23.4497 2.75175e-15)
(-47.7067 -23.2198 3.80359e-15)
(-47.2647 -22.9939 1.19269e-15)
(-46.8307 -22.772 1.03591e-15)
(-46.4046 -22.554 5.69697e-16)
(-45.9863 -22.3399 9.99608e-16)
(-45.5758 -22.1296 -7.18513e-16)
(-45.1728 -21.9231 -1.10768e-15)
(-44.7774 -21.7203 -3.59156e-15)
(-44.3894 -21.521 1.90429e-15)
(-44.0087 -21.3252 2.40525e-15)
(-43.6351 -21.1327 1.35487e-15)
(-43.2682 -20.9435 3.56596e-16)
(-42.9077 -20.7576 9.04817e-16)
(-42.5533 -20.5749 -7.37599e-16)
(-42.2045 -20.3958 -4.68312e-16)
(-41.8611 -20.2204 -2.92166e-15)
(-41.5228 -20.0491 -4.08253e-15)
(-41.1898 -19.8823 -7.09608e-15)
(-40.8624 -19.7205 -1.00042e-14)
(-40.5413 -19.5637 -7.87141e-15)
(-40.2276 -19.4122 -4.1029e-15)
(-39.9226 -19.2655 -7.1882e-15)
(-39.6276 -19.123 -1.07072e-14)
(-39.3438 -18.9835 -1.7524e-15)
(-39.0722 -18.8454 -5.88917e-15)
(-38.8128 -18.7068 3.10469e-16)
(-38.5649 -18.5656 -5.31267e-15)
(-38.3265 -18.4201 -8.39458e-15)
(-38.0947 -18.2688 -1.39515e-14)
(-37.8654 -18.1108 -6.8488e-15)
(-37.634 -17.9465 -6.64464e-15)
(-37.3954 -17.7769 -6.05267e-15)
(-37.145 -17.6044 -1.50417e-14)
(-36.8786 -17.4323 -1.76468e-14)
(-36.5937 -17.265 -1.23455e-14)
(-36.2893 -17.1071 -1.44344e-14)
(-35.9667 -16.9631 -8.146e-15)
(-35.6291 -16.837 -1.4543e-14)
(-35.2811 -16.7326 -1.0205e-14)
(-34.9289 -16.6527 -7.14291e-15)
(-34.5799 -16.5997 -8.4763e-15)
(-34.2417 -16.5746 -1.3075e-14)
(-33.924 -16.5769 -1.40896e-14)
(-33.6388 -16.6012 -1.91463e-14)
(-33.398 -16.6378 -1.9279e-14)
(-33.2071 -16.68 -1.19887e-14)
(-33.065 -16.7255 -1.23302e-14)
(-32.9678 -16.7745 -1.22316e-14)
(-32.9181 -16.8241 -1.36072e-14)
(-32.929 -16.8566 -1.58258e-14)
(-33.0002 -16.8675 -1.54343e-14)
(-33.1254 -16.8483 -1.53267e-14)
(-33.3006 -16.792 -1.41408e-14)
(-33.5193 -16.6896 -1.75659e-14)
(-33.7721 -16.533 -1.3936e-14)
(-34.0447 -16.3164 -1.50566e-14)
(-34.32 -16.0435 -2.19116e-14)
(-34.5636 -15.6873 -1.37074e-14)
(-34.8087 -15.2575 -1.54622e-14)
(-34.9926 -14.7505 -2.0468e-14)
(-35.0768 -14.1673 -1.73363e-14)
(-35.0451 -13.5195 -1.82668e-14)
(-34.8705 -12.8228 -1.60039e-14)
(-34.528 -12.0989 -1.57448e-14)
(-33.9981 -11.3762 -1.32282e-14)
(-33.27 -10.6883 -1.43316e-14)
(-32.3435 -10.0716 -1.38881e-14)
(-31.2304 -9.56098 -9.77165e-15)
(-29.9556 -9.18579 -1.90688e-14)
(-28.5549 -8.96642 -2.09681e-14)
(-27.0715 -8.91305 -1.60522e-14)
(-25.5517 -9.0264 -1.8695e-14)
(-24.04 -9.30076 -1.91828e-14)
(-22.5737 -9.7297 -1.81462e-14)
(-21.2169 -10.3142 -1.61921e-14)
(-19.965 -10.9921 -1.37506e-14)
(-18.8534 -11.764 -1.69971e-14)
(-17.9371 -12.6408 -1.79439e-14)
(-17.2179 -13.5843 -1.49989e-14)
(-16.7182 -14.5786 -1.95946e-14)
(-16.4628 -15.592 -1.89835e-14)
(-16.4739 -16.6156 -2.28715e-14)
(-16.7678 -17.6203 -2.164e-14)
(-17.3559 -18.5822 -2.33984e-14)
(-18.2439 -19.478 -2.38122e-14)
(-19.4301 -20.2842 -2.29082e-14)
(-20.9034 -20.9772 -2.67425e-14)
(-22.6417 -21.5341 -2.27751e-14)
(-24.6101 -21.9333 -2.1335e-14)
(-26.7604 -22.1566 -2.6043e-14)
(-29.0321 -22.19 -2.86347e-14)
(-31.3548 -22.0251 -2.55541e-14)
(-33.6524 -21.6607 -2.94789e-14)
(-35.8504 -21.1022 -2.32806e-14)
(-37.8825 -20.358 -2.98716e-14)
(-39.7166 -19.3881 -2.0811e-14)
(-41.2367 -18.2125 -2.40023e-14)
(-42.5705 -16.9064 -2.30126e-14)
(-43.5545 -15.3265 -2.48969e-14)
(-44.2219 -13.5396 -2.329e-14)
(-44.5571 -11.5353 -2.42053e-14)
(-44.5315 -9.33108 -1.99622e-14)
(-44.1334 -6.97135 -1.45084e-14)
(-43.3431 -4.51553 -1.34283e-14)
(-42.1558 -2.05045 -1.17786e-14)
(-40.5771 0.320192 -1.88718e-14)
(-38.6288 2.48337 -9.16806e-15)
(-36.351 4.32979 -1.99499e-14)
(-33.8022 5.76956 -1.75006e-14)
(-31.0557 6.74538 -1.70126e-14)
(-28.1945 7.24063 -1.79039e-14)
(-25.3031 7.27861 -1.36489e-14)
(-22.4602 6.91521 -1.50233e-14)
(-19.7323 6.22672 -1.19762e-14)
(-17.1702 5.29695 -1.73009e-14)
(-14.8077 4.20587 -7.89712e-15)
(-12.6625 3.02216 -1.50337e-14)
(-10.7387 1.79868 -9.26798e-15)
(-9.02861 0.570842 -1.7711e-14)
(-7.51605 -0.643443 -1.67341e-14)
(-6.20259 -1.83981 -1.21194e-14)
(-5.05748 -2.97235 -8.63932e-15)
(-4.06115 -4.04574 -1.30848e-14)
(-3.22822 -5.08401 -1.23676e-14)
(-2.53007 -6.06924 -1.23464e-14)
(-1.95881 -7.00557 -1.50353e-14)
(-1.50677 -7.8967 -1.56565e-14)
(-1.16937 -8.74244 -1.73511e-14)
(-0.940479 -9.54666 -1.09443e-14)
(-0.818603 -10.312 -7.28846e-15)
(-0.800912 -11.038 -1.58457e-14)
(-0.886522 -11.7247 -1.86222e-14)
(-1.07497 -12.3711 -1.92938e-14)
(-1.36605 -12.9759 -1.44749e-14)
(-1.75955 -13.5367 -1.40959e-14)
(-2.2548 -14.0508 -1.3394e-14)
(-2.85036 -14.5152 -1.54877e-14)
(-3.54352 -14.9266 -2.41878e-14)
(-4.32996 -15.2822 -2.06344e-14)
(-5.20342 -15.5799 -1.8981e-14)
(-6.15561 -15.8185 -1.56285e-14)
(-7.17621 -15.998 -1.28451e-14)
(-8.2532 -16.1195 -2.07608e-14)
(-9.3734 -16.1854 -1.88188e-14)
(-10.5231 -16.1986 -1.70992e-14)
(-11.6887 -16.1625 -1.99705e-14)
(-12.8573 -16.0801 -2.64018e-14)
(-14.0171 -15.9543 -2.887e-14)
(-15.1574 -15.7871 -2.55926e-14)
(-16.269 -15.5803 -2.64418e-14)
(-17.3436 -15.3345 -2.16817e-14)
(-18.3744 -15.0498 -3.0391e-14)
(-19.3557 -14.725 -3.38307e-14)
(-20.2825 -14.3581 -1.33215e-14)
(-21.1505 -13.9466 -7.32487e-15)
(-21.9551 -13.4887 -2.54857e-14)
(-22.693 -12.9812 -1.8787e-14)
(-23.3699 -12.404 -2.79565e-14)
(-23.9493 -11.7581 -2.28184e-14)
(-24.4827 -11.073 -2.24882e-14)
(-24.9162 -10.3031 -5.36253e-14)
(-25.2592 -9.46338 -1.55466e-13)
(-25.5077 -8.55603 -4.30284e-13)
(-25.6535 -7.58345 -1.1216e-12)
(-25.689 -6.55252 -2.67485e-12)
(-25.6089 -5.47566 -5.75483e-12)
(-25.4058 -4.36833 -1.11192e-11)
(-25.0751 -3.25202 -1.93906e-11)
(-24.6133 -2.1523 -3.07576e-11)
(-24.0197 -1.09828 -4.46354e-11)
(-23.297 -0.120864 -5.96593e-11)
(-22.452 0.74972 -7.39126e-11)
(-21.496 1.4867 -8.54441e-11)
(-20.4453 2.06978 -9.27384e-11)
(-19.3207 2.48749 -9.50803e-11)
(-18.1458 2.73824 -9.2599e-11)
(-16.9463 2.83008 -8.61582e-11)
(-15.7474 2.77908 -7.69731e-11)
(-14.5726 2.60682 -6.63438e-11)
(-13.442 2.33759 -5.53958e-11)
(-12.3719 1.99597 -4.49716e-11)
(-11.3743 1.605 -3.56073e-11)
(-10.4572 1.1852 -2.7554e-11)
(-9.62546 0.754209 -2.08774e-11)
(-8.88129 0.326899 -1.54955e-11)
(-8.22408 -0.085341 -1.12639e-11)
(-7.6502 -0.475904 -7.98202e-12)
(-7.15484 -0.841622 -5.50235e-12)
(-6.73628 -1.18214 -3.64423e-12)
(-6.3968 -1.47871 -2.28679e-12)
(-6.1193 -1.72774 -1.30015e-12)
(-5.91223 -1.94234 -5.8955e-13)
(-5.76284 -2.11411 -9.89416e-14)
(-5.6626 -2.24918 2.47732e-13)
(-5.60413 -2.35332 4.7029e-13)
(-5.58489 -2.42437 6.02853e-13)
(-5.6009 -2.46377 6.76912e-13)
(-5.64666 -2.47437 7.07012e-13)
(-5.71588 -2.46029 7.15133e-13)
(-5.80251 -2.42594 7.07617e-13)
(-5.9004 -2.37607 6.82433e-13)
(-6.00385 -2.31604 6.47397e-13)
(-6.10828 -2.25112 6.27907e-13)
(-6.21067 -2.18551 5.86913e-13)
(-6.30876 -2.12198 5.62637e-13)
(-6.40072 -2.06271 5.33118e-13)
(-6.48506 -2.00971 5.10416e-13)
(-6.56121 -1.96378 4.7776e-13)
(-6.63032 -1.92302 4.55594e-13)
(-6.69192 -1.88663 4.33001e-13)
(-6.74491 -1.85574 4.00613e-13)
(-6.79077 -1.82766 3.85825e-13)
(-6.83068 -1.79972 3.61383e-13)
(-6.86538 -1.76944 3.34043e-13)
(-6.89542 -1.73414 3.15912e-13)
(-6.92188 -1.69044 2.87467e-13)
(-6.94718 -1.63491 2.7758e-13)
(-6.95757 -1.57052 2.71149e-13)
(-6.97272 -1.49511 2.37869e-13)
(-6.98958 -1.39171 2.20099e-13)
(-6.9983 -1.27009 1.99514e-13)
(-7.00189 -1.12788 1.7671e-13)
(-7.00039 -0.963413 1.59365e-13)
(-6.992 -0.77721 1.43551e-13)
(-6.97418 -0.57135 1.15662e-13)
(-6.94365 -0.349631 1.10234e-13)
(-6.89649 -0.11791 9.87009e-14)
(-6.82847 0.115667 7.65827e-14)
(-6.73548 0.340811 6.15275e-14)
(-6.61374 0.545615 5.36168e-14)
(-6.46001 0.717526 4.55496e-14)
(-6.27175 0.844396 3.87155e-14)
(-6.04764 0.915237 3.25024e-14)
(-5.78811 0.920934 2.38291e-14)
(-5.49517 0.85517 1.97844e-14)
(-5.17162 0.714804 1.10827e-14)
(-4.821 0.499095 9.84207e-15)
(-4.44603 0.205386 3.13009e-15)
(-4.06497 -0.157366 9.20426e-16)
(-3.66862 -0.574884 -9.3289e-16)
(-3.27338 -1.05204 -9.13713e-16)
(-2.88335 -1.57507 -3.38633e-15)
(-2.50388 -2.13256 -7.11059e-15)
(-2.14268 -2.71641 -3.504e-15)
(-1.80818 -3.3188 -6.51651e-15)
(-1.50953 -3.93152 -2.74718e-15)
(-1.25661 -4.5458 -2.94072e-15)
(-1.05736 -5.15512 -7.07856e-15)
(-0.919804 -5.7546 -2.10103e-15)
(-0.851048 -6.34034 -1.16722e-14)
(-0.857864 -6.90847 -3.89336e-15)
(-0.9479 -7.45464 -4.90728e-15)
(-1.12996 -7.97295 -8.56615e-15)
(-1.4146 -8.45447 -8.19709e-15)
(-1.8143 -8.88582 -8.12394e-15)
(-2.34326 -9.24804 1.12932e-15)
(-3.01724 -9.51519 -2.91785e-15)
(-3.85424 -9.651 -1.42708e-14)
(-4.87527 -9.60343 -1.10769e-14)
(-6.10077 -9.30218 -1.08979e-14)
(-7.54011 -8.66687 -9.43169e-15)
(-9.1777 -7.62499 -9.54918e-15)
(-10.9674 -6.06612 -1.73849e-14)
(-12.7322 -4.01821 -9.32173e-15)
(-14.5025 -1.56632 -9.47685e-15)
(-15.8716 1.2096 -1.4397e-14)
(-16.6575 3.8998 -2.51041e-14)
(-16.6081 6.05421 -3.8051e-15)
(-15.6041 7.16009 -8.28867e-15)
(-13.7921 7.0218 3.22786e-15)
(-11.5843 5.92756 1.96669e-15)
(-9.40372 4.36938 -7.75403e-15)
(-7.51768 2.76305 -5.19226e-15)
(-6.02609 1.34642 -4.34332e-16)
(-4.91768 0.202607 -1.68891e-14)
(-4.12881 -0.677156 -9.02669e-15)
(-3.57872 -1.34631 -1.54116e-14)
(-3.21001 -1.85788 -1.39071e-14)
(-2.9475 -2.23578 -1.28264e-14)
(-2.76375 -2.52997 -9.93165e-15)
(-2.62639 -2.77209 -8.79734e-15)
(-2.51868 -2.98574 -1.34276e-14)
(-2.44551 -3.198 -2.34235e-15)
(-2.41837 -3.43701 -1.05854e-14)
(-2.49242 -3.73784 -1.0729e-15)
(-2.5358 -4.09992 -1.04156e-14)
(-2.87883 -4.43881 -9.21371e-15)
(-2.63762 -4.68401 -4.79664e-15)
(-3.48962 -4.97665 -7.66378e-15)
(3.82883 -2.78465 -9.38383e-13)
)
;
    }
    inlet
    {
        type            calculated;
        value           uniform (0 0 0);
    }
    rWedge
    {
        type            wedge;
    }
    lWedge
    {
        type            wedge;
    }
    outlet
    {
        type            calculated;
        value           uniform (0 0 0);
    }
}


// ************************************************************************* //
