/*--------------------------------*- C++ -*----------------------------------*\
| =========                 |                                                 |
| \\      /  F ield         | OpenFOAM: The Open Source CFD Toolbox           |
|  \\    /   O peration     | Version:  v1706                                 |
|   \\  /    A nd           | Web:      www.OpenFOAM.com                      |
|    \\/     M anipulation  |                                                 |
\*---------------------------------------------------------------------------*/
FoamFile
{
    version     2.0;
    format      ascii;
    class       volScalarField;
    location    "2e-05";
    object      wallHeatFlux;
}
// * * * * * * * * * * * * * * * * * * * * * * * * * * * * * * * * * * * * * //

dimensions      [1 0 -3 0 0 0 0];


internalField   uniform 0;

boundaryField
{
    cone
    {
        type            calculated;
        value           nonuniform List<scalar> 
600
(
1.14553e+06
1.14522e+06
1.14488e+06
1.14452e+06
1.14409e+06
1.14361e+06
1.14306e+06
1.14244e+06
1.14175e+06
1.14099e+06
1.14015e+06
1.13925e+06
1.13828e+06
1.13724e+06
1.13612e+06
1.13494e+06
1.13369e+06
1.13237e+06
1.13098e+06
1.12952e+06
1.12799e+06
1.12639e+06
1.12472e+06
1.12297e+06
1.12116e+06
1.11928e+06
1.11732e+06
1.11529e+06
1.1132e+06
1.11103e+06
1.1088e+06
1.10649e+06
1.10412e+06
1.10167e+06
1.09916e+06
1.09658e+06
1.09394e+06
1.09123e+06
1.08845e+06
1.08561e+06
1.0827e+06
1.07973e+06
1.07669e+06
1.07359e+06
1.07043e+06
1.0672e+06
1.06392e+06
1.06057e+06
1.05716e+06
1.05369e+06
1.05016e+06
1.04657e+06
1.04292e+06
1.03922e+06
1.03545e+06
1.03164e+06
1.02776e+06
1.02383e+06
1.01985e+06
1.01582e+06
1.01173e+06
1.00759e+06
1.00339e+06
999151
994858
990514
986122
981683
977197
972663
968084
963461
958793
954082
949329
944534
939698
934822
929906
924953
919962
914934
909869
904769
899636
894469
889268
884037
878775
873482
868159
862808
857430
852026
846594
841138
835659
830157
824631
819084
813516
807931
802326
796703
791062
785408
779739
774055
768357
762647
756927
751196
745454
739704
733948
728184
722413
716639
710864
705087
699308
693530
687751
681973
676197
670422
664651
658884
653121
647363
641612
635868
630131
624403
618685
612977
607279
601593
595920
590260
584617
578998
573416
567861
562317
556775
551203
545644
540114
534610
529131
523676
518244
512836
507451
502090
496754
491442
486156
480896
475662
470455
465275
460124
455001
449907
444842
439807
434803
429829
424886
419975
415096
410250
405437
400658
395913
391203
386529
381892
377292
372733
368214
363739
359310
354930
350604
346335
342133
338003
333953
329974
326071
322057
318239
314994
312005
309228
306613
304129
301752
299465
297254
295110
293022
290984
288993
287042
285126
283242
281384
279550
277737
275943
274164
272400
270647
268905
267171
265443
263721
262003
260288
258575
256862
255150
253436
251721
250003
248283
246559
244831
243099
241362
239621
237874
236123
234366
232605
230837
229065
227288
225506
223719
221927
220131
218331
216528
214721
212911
211098
209282
207465
205646
203825
202004
200182
198361
196539
194718
192899
191081
189265
187452
185641
183834
182030
180230
178435
176645
174861
173082
171310
169545
167787
166037
164295
162562
160839
159125
157421
155729
154048
152378
150722
149078
147447
145831
144230
142643
141072
139517
137978
136457
134952
133466
131998
130549
129118
127707
126316
124945
123595
122265
120956
119669
118403
117159
115938
114738
113561
112407
111275
110167
109081
108019
106980
105964
104971
104002
103055
102131
101230
100350
99492.6
98656.8
97843
97051.6
96283.3
95539.1
94820.3
94127.9
93462.7
92825.1
92214.4
91629.1
91066.2
90521.7
89990.5
89467
88945.4
88420.6
87888.6
87347.3
86797
86240.4
85683.2
85133.1
84599.6
84093.8
83627.3
83212
82860.7
82585.8
82395.7
82291.3
82268.2
82321.6
82454.2
82666.6
82947.9
83283.1
83656
84046.3
84429.7
84777
85056.3
85241
85296.8
85178.6
84846.1
84270.3
83428.7
82307.4
80907.4
79245.9
77358.2
75296.7
73127.4
70924.9
68766.1
66724.6
64866.4
63249.7
61924.9
60927.1
60290.5
60046.1
60215.4
60822.7
61885.2
63418
65426.3
67907.9
70849.2
74223.2
77985.9
82074.1
86403.9
90870.8
95353
99716.2
103823
107542
110759
113375
115314
116516
116918
116482
115165
112946
109827
105838
101052
95582
89582.2
83239
76755.2
70331.8
64148.7
58351
53041.6
48280.1
44088.6
40459.5
37364.5
34763.6
32611.2
30863.3
29481.4
28427.5
27672.3
27192
26963.9
26972.4
27206
27656.2
28317.6
29185.9
30258.3
31533.6
33010.8
34688.4
36564.2
38634.2
40892
43328.4
45930.6
48682
51562.4
54547.9
57611.9
60726
63860.6
66986.6
70075.4
73100.1
76035.4
78857.8
81545.6
84078.8
86438.9
88608.2
90569.4
92306
93802.5
95040.8
96001.8
96667.1
97017.2
97035.5
96705.2
96012.4
94949.1
93512.1
91705.8
89544.3
87051.6
84263.4
81226.3
77997.1
74640.3
71224.7
67819.2
64488.9
61290.8
58271.7
55466.3
52897.7
50577.9
48510
46689.9
45108.5
43752.8
42607.2
41654.5
40878.3
40264.9
39797.6
39459.9
39235.9
39108
39058.9
39075.7
39147.9
39264.2
39412.2
39580.4
39758.2
39936.3
40106.8
40264.1
40405.2
40527.8
40630.7
40713.5
40777.1
40822.8
40850.3
40860.1
40854
40833
40797
40745.4
40677.4
40590.7
40483
40354.5
40202.6
40019.7
39801.8
39544.4
39242
38889.1
38481.2
38014.3
37486.1
36896.1
36246.1
35540.9
34788.2
33999.2
33187
32366.9
31555
30767.9
30022.1
29333.4
28715.9
28184
27750.6
27427.8
27227.8
27163.3
27247.1
27491.6
27908.4
28508.1
29300.5
30296
31506
32942.7
34618.7
36545.9
38733.2
41183.5
43889.3
46825.1
49932.1
53097.8
56141.4
58799.2
60754.7
61649.2
61144.1
59052.8
55453.7
50757.1
45646.9
40819.7
36711
33459.6
31010.2
29224.5
27950.5
27054.6
26434.6
26015.3
25742
25573.6
25472.9
25396.9
25291.1
25118.2
24905.1
25100.4
25769.9
27694.2
1.14677e+06
)
;
    }
    inlet
    {
        type            calculated;
        value           uniform 0;
    }
    rWedge
    {
        type            wedge;
    }
    lWedge
    {
        type            wedge;
    }
    outlet
    {
        type            calculated;
        value           uniform 0;
    }
}


// ************************************************************************* //
