/*--------------------------------*- C++ -*----------------------------------*\
| =========                 |                                                 |
| \\      /  F ield         | OpenFOAM: The Open Source CFD Toolbox           |
|  \\    /   O peration     | Version:  v1706                                 |
|   \\  /    A nd           | Web:      www.OpenFOAM.com                      |
|    \\/     M anipulation  |                                                 |
\*---------------------------------------------------------------------------*/
FoamFile
{
    version     2.0;
    format      ascii;
    class       volVectorField;
    location    "1.5e-05";
    object      wallShearStress;
}
// * * * * * * * * * * * * * * * * * * * * * * * * * * * * * * * * * * * * * //

dimensions      [1 -1 -2 0 0 0 0];


internalField   uniform (0 0 0);

boundaryField
{
    cone
    {
        type            calculated;
        value           nonuniform List<vector> 
119
(
(-3.53229 -9.28502 -2.09509e-10)
(-3.89321 -8.82706 -2.08533e-10)
(-4.22856 -8.32457 -1.90041e-10)
(-4.52329 -7.80027 -1.59921e-10)
(-4.76347 -7.2768 -1.25176e-10)
(-4.93688 -6.78145 -9.17395e-11)
(-5.02962 -6.35134 -6.33472e-11)
(-5.02989 -6.00891 -4.14255e-11)
(-4.9434 -5.77567 -2.58179e-11)
(-4.76014 -5.67684 -1.54184e-11)
(-4.49965 -5.71063 -8.88165e-12)
(-4.16809 -5.86852 -4.99221e-12)
(-3.78826 -6.14482 -2.78358e-12)
(-3.38013 -6.51319 -1.59779e-12)
(-2.96315 -6.94952 -9.93622e-13)
(-2.5551 -7.43012 -7.11336e-13)
(-2.17052 -7.93362 -5.63796e-13)
(-1.82014 -8.44284 -5.03185e-13)
(-1.51082 -8.94557 -4.68619e-13)
(-1.24646 -9.43488 -4.52498e-13)
(-1.02784 -9.90792 -4.33209e-13)
(-0.854794 -10.3653 -3.99514e-13)
(-0.725967 -10.8107 -3.72327e-13)
(-0.639926 -11.2488 -3.21608e-13)
(-0.59604 -11.6851 -2.83526e-13)
(-0.59487 -12.1248 -2.52839e-13)
(-0.638601 -12.5719 -2.23181e-13)
(-0.731263 -13.0289 -2.01297e-13)
(-0.878802 -13.4956 -1.7105e-13)
(-1.08888 -13.9693 -1.40412e-13)
(-1.37058 -14.4438 -1.23226e-13)
(-1.73383 -14.9102 -1.12855e-13)
(-2.18889 -15.3559 -7.85199e-14)
(-2.74558 -15.7657 -8.01493e-14)
(-3.41253 -16.1213 -5.78635e-14)
(-4.19621 -16.4017 -4.68275e-14)
(-5.10012 -16.5832 -2.94926e-14)
(-6.12366 -16.639 -3.4055e-14)
(-7.26073 -16.5401 -2.54549e-14)
(-8.4981 -16.2551 -1.80233e-14)
(-9.81279 -15.7539 -3.30945e-14)
(-11.1684 -15.0139 -1.90242e-14)
(-12.512 -14.0316 -2.07155e-14)
(-13.7805 -12.829 -3.1946e-14)
(-14.8837 -11.4206 -2.54239e-14)
(-15.7592 -9.92739 -3.84606e-14)
(-16.3721 -8.4645 -1.97749e-14)
(-16.6281 -7.12562 6.6575e-15)
(-16.5644 -6.03257 -1.32347e-14)
(-16.2159 -5.25575 -8.27377e-15)
(-15.6643 -4.81675 -8.88273e-15)
(-15.0141 -4.66798 -1.47944e-14)
(-14.3733 -4.71455 -1.37369e-14)
(-13.829 -4.8484 -9.49891e-15)
(-13.4346 -4.97372 -2.85597e-14)
(-13.2034 -5.02581 -1.06358e-14)
(-13.1257 -4.98369 -5.05801e-15)
(-13.1554 -4.84905 -1.8292e-14)
(-13.2739 -4.62543 -2.37989e-14)
(-13.459 -4.31962 -1.81204e-14)
(-13.6821 -3.94494 -1.52806e-14)
(-13.9187 -3.51685 -1.42342e-14)
(-14.1485 -3.05196 -1.21916e-14)
(-14.3551 -2.56662 -1.45597e-14)
(-14.5271 -2.07537 -1.17738e-14)
(-14.6571 -1.58984 -1.94928e-14)
(-14.7422 -1.11888 -1.54948e-14)
(-14.7826 -0.668698 -2.15093e-14)
(-14.7802 -0.243477 -2.02184e-14)
(-14.7378 0.153652 -2.00371e-14)
(-14.6582 0.519868 -1.62821e-14)
(-14.5435 0.852158 -1.71166e-14)
(-14.3956 1.1473 -2.05267e-14)
(-14.2156 1.40182 -1.25742e-14)
(-14.0046 1.6123 -1.575e-14)
(-13.7637 1.77561 -8.20488e-15)
(-13.4944 1.88959 -7.59409e-15)
(-13.1993 1.95343 -1.33762e-14)
(-12.8817 1.96805 -4.84844e-15)
(-12.5458 1.9358 -1.82664e-14)
(-12.1959 1.86033 -7.41896e-15)
(-11.8365 1.74627 -7.22152e-15)
(-11.4721 1.59898 -1.27912e-14)
(-11.1063 1.42391 -1.19868e-14)
(-10.742 1.22597 -1.09907e-14)
(-10.3813 1.00919 8.13497e-16)
(-10.0256 0.776764 -4.01166e-15)
(-9.6764 0.531497 -1.69782e-14)
(-9.33491 0.276005 -1.23446e-14)
(-9.00236 0.0127075 -1.19024e-14)
(-8.67975 -0.256256 -1.03752e-14)
(-8.36789 -0.529014 -1.06689e-14)
(-8.06745 -0.803763 -1.85581e-14)
(-7.7789 -1.07844 -8.85794e-15)
(-7.50216 -1.35065 -9.36161e-15)
(-7.23616 -1.61772 -1.42371e-14)
(-6.97847 -1.87687 -2.65059e-14)
(-6.7255 -2.12549 -2.57221e-15)
(-6.4726 -2.36394 -8.49923e-15)
(-6.22135 -2.58556 3.24591e-15)
(-5.96039 -2.78911 1.38106e-15)
(-5.69873 -2.98392 -1.14326e-14)
(-5.44099 -3.17266 -9.28041e-15)
(-5.20047 -3.36522 -2.70038e-15)
(-4.99191 -3.569 -2.3792e-14)
(-4.82214 -3.78295 -1.33293e-14)
(-4.68086 -3.99448 -2.12195e-14)
(-4.54675 -4.18873 -1.98086e-14)
(-4.40362 -4.36196 -1.69129e-14)
(-4.26092 -4.52733 -1.29497e-14)
(-4.14817 -4.70987 -1.12922e-14)
(-4.10501 -4.92896 -1.83473e-14)
(-4.14685 -5.18399 -4.21478e-15)
(-4.25737 -5.46233 -1.60849e-14)
(-4.43418 -5.74297 -1.96468e-15)
(-4.55978 -6.03661 -1.43148e-14)
(-4.90364 -6.28748 -1.17441e-14)
(-4.68717 -6.44472 -5.91525e-15)
(-5.55571 -6.73116 -8.78944e-15)
)
;
    }
    inlet
    {
        type            calculated;
        value           uniform (0 0 0);
    }
    rWedge
    {
        type            wedge;
    }
    lWedge
    {
        type            wedge;
    }
    outlet
    {
        type            calculated;
        value           uniform (0 0 0);
    }
    procBoundary0to1
    {
        type            processor;
        value           uniform (0 0 0);
    }
    procBoundary0to2
    {
        type            processor;
        value           uniform (0 0 0);
    }
}


// ************************************************************************* //
