/*--------------------------------*- C++ -*----------------------------------*\
| =========                 |                                                 |
| \\      /  F ield         | OpenFOAM: The Open Source CFD Toolbox           |
|  \\    /   O peration     | Version:  v1706                                 |
|   \\  /    A nd           | Web:      www.OpenFOAM.com                      |
|    \\/     M anipulation  |                                                 |
\*---------------------------------------------------------------------------*/
FoamFile
{
    version     2.0;
    format      ascii;
    class       volVectorField;
    location    "4e-05";
    object      wallShearStress;
}
// * * * * * * * * * * * * * * * * * * * * * * * * * * * * * * * * * * * * * //

dimensions      [1 -1 -2 0 0 0 0];


internalField   uniform (0 0 0);

boundaryField
{
    cone
    {
        type            calculated;
        value           nonuniform List<vector> 
181
(
(-4.47281 -2.20584 -1.85568e-15)
(-4.45424 -2.19239 -1.54121e-15)
(-4.43787 -2.1791 -1.54729e-15)
(-4.42366 -2.16584 -2.25714e-15)
(-4.41155 -2.15247 -2.26203e-15)
(-4.40128 -2.13886 -2.4367e-15)
(-4.39223 -2.12564 -2.77921e-15)
(-4.38369 -2.11189 -3.14239e-15)
(-4.37718 -2.09778 -3.25141e-15)
(-4.37125 -2.08315 -2.79817e-15)
(-4.36517 -2.06822 -3.19504e-15)
(-4.35853 -2.05295 -3.08543e-15)
(-4.35083 -2.03742 -3.33093e-15)
(-4.34155 -2.02173 -3.27918e-15)
(-4.33015 -2.00603 -3.07024e-15)
(-4.31614 -1.9905 -2.87051e-15)
(-4.29907 -1.97535 -3.36917e-15)
(-4.27856 -1.96082 -3.32097e-15)
(-4.25433 -1.94719 -3.50567e-15)
(-4.22622 -1.93474 -2.14642e-15)
(-4.19417 -1.92377 -1.84836e-15)
(-4.15829 -1.91457 -2.15677e-15)
(-4.11882 -1.9074 -2.70232e-15)
(-4.07619 -1.90251 -2.44149e-15)
(-4.03093 -1.90007 -2.6529e-15)
(-3.9837 -1.90025 -2.48627e-15)
(-3.93523 -1.90314 -2.77239e-15)
(-3.88633 -1.90884 -2.98561e-15)
(-3.83781 -1.91728 -3.58322e-15)
(-3.79075 -1.92771 -4.02561e-15)
(-3.74717 -1.94214 -3.52838e-15)
(-3.70434 -1.95744 -2.75237e-15)
(-3.66567 -1.97522 -3.2083e-15)
(-3.6325 -1.99462 -3.65383e-15)
(-3.60512 -2.01507 -1.82949e-15)
(-3.58366 -2.03623 -2.29391e-15)
(-3.56816 -2.05818 -1.30189e-15)
(-3.55854 -2.08026 -2.48664e-15)
(-3.55498 -2.10188 -2.9159e-15)
(-3.55749 -2.12313 -3.64386e-15)
(-3.56581 -2.14339 -2.34121e-15)
(-3.57937 -2.16237 -2.00308e-15)
(-3.59743 -2.17992 -1.69712e-15)
(-3.61918 -2.19602 -3.34422e-15)
(-3.64378 -2.21073 -3.79044e-15)
(-3.67047 -2.22424 -2.80004e-15)
(-3.69858 -2.23685 -3.2168e-15)
(-3.72767 -2.24895 -1.76636e-15)
(-3.75761 -2.26102 -2.7249e-15)
(-3.78863 -2.27357 -1.75184e-15)
(-3.82142 -2.28715 -1.14375e-15)
(-3.85719 -2.30225 -1.44217e-15)
(-3.89766 -2.31931 -2.57931e-15)
(-3.9451 -2.33864 -3.08395e-15)
(-4.00227 -2.36038 -3.8062e-15)
(-4.07237 -2.38449 -3.57409e-15)
(-4.1589 -2.41069 -2.05502e-15)
(-4.26557 -2.43843 -2.11367e-15)
(-4.39608 -2.46689 -2.22397e-15)
(-4.554 -2.49492 -2.70349e-15)
(-4.74252 -2.52109 -3.08493e-15)
(-4.96427 -2.54356 -2.99272e-15)
(-5.22102 -2.56014 -2.81843e-15)
(-5.51383 -2.56783 -2.62336e-15)
(-5.84216 -2.56234 -3.09668e-15)
(-6.19787 -2.53774 -2.37455e-15)
(-6.58742 -2.50002 -2.71744e-15)
(-6.99876 -2.44393 -4.15264e-15)
(-7.41471 -2.35374 -2.56603e-15)
(-7.82376 -2.23228 -2.86361e-15)
(-8.20779 -2.07868 -3.93395e-15)
(-8.54461 -1.89244 -3.31942e-15)
(-8.81033 -1.67451 -3.38696e-15)
(-8.99512 -1.41376 -2.68294e-15)
(-9.07277 -1.13656 -2.57026e-15)
(-9.02821 -0.845196 -1.80479e-15)
(-8.84059 -0.550535 -1.78753e-15)
(-8.51469 -0.263865 -1.76178e-15)
(-8.06859 0.00327271 -1.02804e-15)
(-7.52806 0.242888 -2.58058e-15)
(-6.92331 0.449614 -2.86225e-15)
(-6.28156 0.612035 -1.98277e-15)
(-5.62906 0.734957 -2.26435e-15)
(-4.98909 0.825618 -2.27812e-15)
(-4.37727 0.887548 -2.07881e-15)
(-3.80369 0.924822 -1.91002e-15)
(-3.27317 0.942135 -1.73354e-15)
(-2.78903 0.943786 -2.25379e-15)
(-2.35711 0.938019 -2.23743e-15)
(-1.97226 0.92156 -1.93902e-15)
(-1.63182 0.897953 -2.65854e-15)
(-1.33289 0.870321 -2.60109e-15)
(-1.07222 0.840839 -2.91797e-15)
(-0.846331 0.811036 -2.58162e-15)
(-0.651752 0.782029 -2.83107e-15)
(-0.485077 0.754554 -2.64133e-15)
(-0.343017 0.729031 -2.34749e-15)
(-0.222439 0.705641 -2.42583e-15)
(-0.120387 0.684391 -1.67379e-15)
(-0.0341251 0.66518 -1.2769e-15)
(0.0388457 0.647816 -1.82337e-15)
(0.10077 0.632044 -1.91421e-15)
(0.153652 0.617546 -1.3885e-15)
(0.199269 0.603966 -1.51659e-15)
(0.239182 0.59093 -7.94118e-16)
(0.274745 0.578061 -1.42023e-15)
(0.30712 0.565001 -6.35432e-16)
(0.337283 0.551423 -1.06891e-15)
(0.366033 0.537042 -1.10902e-15)
(0.394012 0.521624 -1.34948e-15)
(0.421715 0.504986 -1.1986e-15)
(0.449509 0.487 -1.40215e-15)
(0.477663 0.467584 -1.02456e-15)
(0.506356 0.446681 -5.22941e-16)
(0.535711 0.424331 -6.23887e-16)
(0.565548 0.400582 -7.03378e-16)
(0.596294 0.375908 -1.77236e-15)
(0.62763 0.34974 -9.21072e-16)
(0.659626 0.322478 -2.63761e-15)
(0.692227 0.294318 -2.57242e-15)
(0.725386 0.265382 -2.50644e-15)
(0.759059 0.235812 -2.71692e-15)
(0.793205 0.205755 -2.2216e-15)
(0.827786 0.175357 -2.53881e-15)
(0.86277 0.144756 -2.17116e-15)
(0.898124 0.114091 -3.09678e-15)
(0.933819 0.0834873 -1.60828e-15)
(0.969823 0.0530695 -2.88287e-15)
(1.0061 0.0229529 -1.82868e-15)
(1.04262 -0.00675345 -3.42815e-15)
(1.07933 -0.035947 -3.3231e-15)
(1.11619 -0.0645321 -2.23914e-15)
(1.15315 -0.0924202 -1.57418e-15)
(1.19015 -0.119529 -2.68433e-15)
(1.22712 -0.145783 -2.47703e-15)
(1.26401 -0.171117 -2.79942e-15)
(1.30072 -0.195469 -3.18137e-15)
(1.33717 -0.21879 -3.24066e-15)
(1.37328 -0.241036 -3.46703e-15)
(1.40894 -0.262171 -2.16173e-15)
(1.44405 -0.282169 -1.51228e-15)
(1.4785 -0.301009 -2.94626e-15)
(1.51217 -0.318654 -3.1631e-15)
(1.54491 -0.335196 -3.01577e-15)
(1.57663 -0.350492 -2.10009e-15)
(1.60724 -0.364656 -2.13287e-15)
(1.63663 -0.377738 -2.11389e-15)
(1.66458 -0.389688 -2.35265e-15)
(1.69101 -0.400562 -3.57344e-15)
(1.71579 -0.410415 -2.91565e-15)
(1.73881 -0.419295 -2.27934e-15)
(1.75994 -0.427252 -1.48295e-15)
(1.77905 -0.434342 -9.16123e-16)
(1.79601 -0.440625 -1.79564e-15)
(1.81072 -0.446165 -1.24548e-15)
(1.82306 -0.451028 -1.31271e-15)
(1.83291 -0.455277 -2.62122e-15)
(1.84017 -0.458969 -5.50479e-15)
(1.8447 -0.462216 -1.03543e-14)
(1.8465 -0.46517 -1.88945e-14)
(1.84527 -0.46742 -3.57876e-14)
(1.84116 -0.469636 -6.62017e-14)
(1.83397 -0.471684 -1.20521e-13)
(1.82352 -0.473532 -2.09093e-13)
(1.80973 -0.475234 -3.48879e-13)
(1.79251 -0.476826 -5.70159e-13)
(1.77176 -0.478331 -9.06812e-13)
(1.74736 -0.479754 -1.39472e-12)
(1.71919 -0.481085 -2.08713e-12)
(1.68714 -0.482293 -3.0336e-12)
(1.65107 -0.48333 -4.289e-12)
(1.61084 -0.484126 -5.89944e-12)
(1.56633 -0.484597 -7.89155e-12)
(1.51739 -0.484631 -1.02629e-11)
(1.4639 -0.484106 -1.29747e-11)
(1.40573 -0.482883 -1.59431e-11)
(1.3428 -0.480816 -1.90353e-11)
(1.27503 -0.477758 -2.20701e-11)
(1.2024 -0.473556 -2.48342e-11)
(1.12493 -0.468083 -2.71085e-11)
(1.04272 -0.461228 -2.86896e-11)
)
;
    }
    inlet
    {
        type            calculated;
        value           uniform (0 0 0);
    }
    rWedge
    {
        type            wedge;
    }
    lWedge
    {
        type            wedge;
    }
    outlet
    {
        type            calculated;
        value           nonuniform 0();
    }
    procBoundary1to0
    {
        type            processor;
        value           uniform (0 0 0);
    }
    procBoundary1to2
    {
        type            processor;
        value           uniform (0 0 0);
    }
}


// ************************************************************************* //
