/*--------------------------------*- C++ -*----------------------------------*\
| =========                 |                                                 |
| \\      /  F ield         | OpenFOAM: The Open Source CFD Toolbox           |
|  \\    /   O peration     | Version:  v1706                                 |
|   \\  /    A nd           | Web:      www.OpenFOAM.com                      |
|    \\/     M anipulation  |                                                 |
\*---------------------------------------------------------------------------*/
FoamFile
{
    version     2.0;
    format      ascii;
    class       volVectorField;
    location    "1.7e-05";
    object      wallShearStress;
}
// * * * * * * * * * * * * * * * * * * * * * * * * * * * * * * * * * * * * * //

dimensions      [1 -1 -2 0 0 0 0];


internalField   uniform (0 0 0);

boundaryField
{
    cone
    {
        type            calculated;
        value           nonuniform List<vector> 
153
(
(-7.12409 -12.2727 -1.6195e-14)
(-7.28064 -12.3086 -1.53879e-14)
(-7.44997 -12.3373 -1.59563e-14)
(-7.63182 -12.3582 -1.68248e-14)
(-7.8258 -12.3701 -1.58556e-14)
(-8.03141 -12.3723 -1.58235e-14)
(-8.24798 -12.3639 -1.74667e-14)
(-8.4747 -12.3438 -1.62606e-14)
(-8.71061 -12.3115 -1.62737e-14)
(-8.9546 -12.266 -1.66654e-14)
(-9.20539 -12.2068 -1.74082e-14)
(-9.46156 -12.1333 -1.72412e-14)
(-9.72155 -12.0449 -1.80766e-14)
(-9.98363 -11.9413 -1.73884e-14)
(-10.246 -11.8224 -1.6406e-14)
(-10.5067 -11.688 -1.63558e-14)
(-10.7636 -11.5381 -1.7094e-14)
(-11.0147 -11.3732 -1.5415e-14)
(-11.2579 -11.1937 -1.58134e-14)
(-11.4909 -11 -1.62575e-14)
(-11.7118 -10.793 -1.56692e-14)
(-11.9184 -10.5734 -1.55702e-14)
(-12.1089 -10.3419 -1.38632e-14)
(-12.2817 -10.0995 -1.38387e-14)
(-12.4351 -9.84726 -1.40616e-14)
(-12.5678 -9.58651 -1.35742e-14)
(-12.6784 -9.31873 -1.51526e-14)
(-12.7658 -9.04516 -1.51028e-14)
(-12.8297 -8.76787 -1.40239e-14)
(-12.8687 -8.48756 -1.40231e-14)
(-12.8829 -8.20537 -1.53162e-14)
(-12.8723 -7.92285 -1.39563e-14)
(-12.8367 -7.64104 -1.45174e-14)
(-12.7765 -7.36101 -1.28214e-14)
(-12.6919 -7.08376 -1.31351e-14)
(-12.5834 -6.81024 -1.33048e-14)
(-12.4514 -6.54133 -1.30667e-14)
(-12.2967 -6.27787 -1.34687e-14)
(-12.1196 -6.02063 -1.34341e-14)
(-11.921 -5.77037 -1.27052e-14)
(-11.7013 -5.52782 -1.21878e-14)
(-11.4611 -5.2937 -1.26954e-14)
(-11.2009 -5.06869 -1.13928e-14)
(-10.921 -4.85351 -1.14753e-14)
(-10.6217 -4.64886 -1.14649e-14)
(-10.3026 -4.45565 -1.12104e-14)
(-9.96099 -4.27715 -1.14216e-14)
(-9.59257 -4.12294 -1.06553e-14)
(-9.2059 -3.95455 -1.06518e-14)
(-8.80975 -3.79355 -1.03677e-14)
(-8.40983 -3.67323 -1.16195e-14)
(-8.01448 -3.58785 -1.15194e-14)
(-7.62132 -3.52766 -1.11375e-14)
(-7.23039 -3.48397 -1.08496e-14)
(-6.84203 -3.45462 -1.04185e-14)
(-6.45623 -3.44021 -1.02923e-14)
(-6.0745 -3.43904 -1.07122e-14)
(-5.69825 -3.44991 -1.03581e-14)
(-5.32884 -3.47176 -1.00028e-14)
(-4.96763 -3.50367 -1.03541e-14)
(-4.61574 -3.54489 -9.52961e-15)
(-4.27455 -3.59398 -9.48704e-15)
(-3.94536 -3.65031 -9.63531e-15)
(-3.6292 -3.71325 -9.74249e-15)
(-3.32716 -3.78191 -9.90357e-15)
(-3.04029 -3.85586 -8.89457e-15)
(-2.76847 -3.93327 -8.62357e-15)
(-2.51742 -4.01914 -8.60767e-15)
(-2.27345 -4.09914 -9.59812e-15)
(-2.05201 -4.1823 -9.31369e-15)
(-1.84974 -4.26867 -8.36427e-15)
(-1.66412 -4.35558 -8.17634e-15)
(-1.49498 -4.44258 -7.89296e-15)
(-1.34211 -4.52964 -7.81669e-15)
(-1.20527 -4.61659 -8.56006e-15)
(-1.08433 -4.70306 -8.85804e-15)
(-0.979276 -4.78892 -8.56098e-15)
(-0.890203 -4.87443 -8.57135e-15)
(-0.815801 -4.95797 -9.37533e-15)
(-0.757719 -5.04049 -9.57763e-15)
(-0.714562 -5.12235 -9.2569e-15)
(-0.686941 -5.20078 -9.16618e-15)
(-0.674298 -5.27788 -8.82758e-15)
(-0.676605 -5.35307 -8.76571e-15)
(-0.69374 -5.42598 -9.60714e-15)
(-0.725539 -5.49649 -9.24657e-15)
(-0.771858 -5.56457 -9.30564e-15)
(-0.832642 -5.6302 -9.95796e-15)
(-0.907957 -5.69374 -1.0157e-14)
(-1.00019 -5.75024 -9.72032e-15)
(-1.10564 -5.80386 -1.01898e-14)
(-1.2245 -5.85406 -9.15086e-15)
(-1.35678 -5.90086 -8.66925e-15)
(-1.50248 -5.94447 -9.65066e-15)
(-1.66188 -5.98516 -9.57568e-15)
(-1.83511 -6.0243 -9.96193e-15)
(-2.01587 -6.06522 -1.10561e-14)
(-2.20685 -6.10089 -1.02039e-14)
(-2.40875 -6.13042 -9.80848e-15)
(-2.62082 -6.15457 -8.35611e-15)
(-2.84212 -6.17342 -1.03199e-14)
(-3.07171 -6.18771 -9.07444e-15)
(-3.3081 -6.19724 -1.0531e-14)
(-3.55017 -6.20228 -1.15693e-14)
(-3.79668 -6.20329 -1.01087e-14)
(-4.04665 -6.20058 -1.18614e-14)
(-4.29952 -6.19437 -1.2662e-14)
(-4.55515 -6.18469 -1.29815e-14)
(-4.81376 -6.17142 -1.11265e-14)
(-5.07577 -6.15423 -1.15636e-14)
(-5.34156 -6.13262 -1.12599e-14)
(-5.61132 -6.10596 -1.30246e-14)
(-5.88492 -6.07345 -1.00645e-14)
(-6.16172 -6.03413 -1.06731e-14)
(-6.44055 -5.98679 -1.12716e-14)
(-6.71996 -5.92993 -1.15753e-14)
(-6.99658 -5.86168 -1.2261e-14)
(-7.26228 -5.77684 -1.20534e-14)
(-7.52126 -5.68504 -1.13318e-14)
(-7.76596 -5.58858 -1.18326e-14)
(-7.97861 -5.47261 -1.18463e-14)
(-8.15865 -5.34453 -1.07429e-14)
(-8.29956 -5.20702 -1.2362e-14)
(-8.39845 -5.05535 -1.30181e-14)
(-8.44788 -4.90174 -1.14918e-14)
(-8.44431 -4.74219 -1.08647e-14)
(-8.38373 -4.57878 -1.18181e-14)
(-8.26993 -4.41586 -1.04026e-14)
(-8.10391 -4.25677 -1.06203e-14)
(-7.89133 -4.10145 -1.09487e-14)
(-7.64085 -3.95111 -1.03904e-14)
(-7.36097 -3.80651 -9.95219e-15)
(-7.05997 -3.66787 -8.64995e-15)
(-6.74553 -3.53515 -9.37713e-15)
(-6.42436 -3.40821 -8.75756e-15)
(-6.10202 -3.28687 -8.00536e-15)
(-5.78284 -3.17097 -9.47403e-15)
(-5.47003 -3.06041 -8.7365e-15)
(-5.16579 -2.95515 -9.49978e-15)
(-4.87156 -2.85516 -1.06853e-14)
(-4.58813 -2.76048 -1.13799e-14)
(-4.31585 -2.67114 -1.10508e-14)
(-4.05474 -2.58719 -9.87045e-15)
(-3.80458 -2.50866 -9.01723e-15)
(-3.56504 -2.43558 -9.7537e-15)
(-3.3357 -2.36798 -1.08684e-14)
(-3.11611 -2.30587 -1.00232e-14)
(-2.90581 -2.24923 -9.58941e-15)
(-2.70436 -2.19803 -1.03249e-14)
(-2.51136 -2.15224 -1.08337e-14)
(-2.32645 -2.11181 -1.00484e-14)
(-2.14932 -2.07667 -1.00477e-14)
(-1.97971 -2.04674 -8.26292e-15)
)
;
    }
    inlet
    {
        type            calculated;
        value           uniform (0 0 0);
    }
    rWedge
    {
        type            wedge;
    }
    lWedge
    {
        type            wedge;
    }
    outlet
    {
        type            calculated;
        value           nonuniform 0();
    }
    procBoundary2to0
    {
        type            processor;
        value           uniform (0 0 0);
    }
    procBoundary2to1
    {
        type            processor;
        value           uniform (0 0 0);
    }
    procBoundary2to3
    {
        type            processor;
        value           uniform (0 0 0);
    }
}


// ************************************************************************* //
