/*--------------------------------*- C++ -*----------------------------------*\
| =========                 |                                                 |
| \\      /  F ield         | OpenFOAM: The Open Source CFD Toolbox           |
|  \\    /   O peration     | Version:  v1706                                 |
|   \\  /    A nd           | Web:      www.OpenFOAM.com                      |
|    \\/     M anipulation  |                                                 |
\*---------------------------------------------------------------------------*/
FoamFile
{
    version     2.0;
    format      ascii;
    class       volVectorField;
    location    "3.2e-05";
    object      wallShearStress;
}
// * * * * * * * * * * * * * * * * * * * * * * * * * * * * * * * * * * * * * //

dimensions      [1 -1 -2 0 0 0 0];


internalField   uniform (0 0 0);

boundaryField
{
    cone
    {
        type            calculated;
        value           nonuniform List<vector> 
181
(
(-19.0694 -9.51652 -1.03861e-15)
(-18.8512 -9.40548 -5.10179e-17)
(-18.6366 -9.29608 5.83956e-16)
(-18.4256 -9.18834 -1.29704e-15)
(-18.2181 -9.08223 -8.22078e-16)
(-18.0141 -8.97772 -1.22732e-15)
(-17.8136 -8.87482 -1.7912e-15)
(-17.6165 -8.7735 -2.94567e-15)
(-17.4228 -8.67376 -2.93521e-15)
(-17.2324 -8.5756 -1.73587e-15)
(-17.0454 -8.47899 -2.94363e-15)
(-16.8616 -8.38392 -2.87176e-15)
(-16.6811 -8.29039 -3.78981e-15)
(-16.5037 -8.19838 -3.42879e-15)
(-16.3295 -8.10787 -3.24179e-15)
(-16.1584 -8.01886 -2.8539e-15)
(-15.9904 -7.93133 -4.04476e-15)
(-15.8254 -7.84527 -3.86974e-15)
(-15.6633 -7.76066 -4.60274e-15)
(-15.5042 -7.6775 -1.06104e-15)
(-15.348 -7.59576 -6.71869e-16)
(-15.1946 -7.51545 -1.36264e-15)
(-15.044 -7.43654 -2.57204e-15)
(-14.8962 -7.35903 -2.16642e-15)
(-14.7511 -7.28291 -3.00531e-15)
(-14.6087 -7.20817 -2.3638e-15)
(-14.4689 -7.13481 -3.25466e-15)
(-14.3318 -7.06282 -3.79078e-15)
(-14.1972 -6.99221 -4.96049e-15)
(-14.0651 -6.92295 -5.95348e-15)
(-13.9356 -6.85506 -4.77251e-15)
(-13.8087 -6.78853 -2.88544e-15)
(-13.6843 -6.72333 -4.15984e-15)
(-13.5624 -6.65945 -5.57148e-15)
(-13.4432 -6.59685 -1.54593e-15)
(-13.3266 -6.53547 -3.29792e-15)
(-13.2127 -6.47524 -4.73889e-16)
(-13.1014 -6.41607 -3.62987e-15)
(-12.9927 -6.35786 -4.86204e-15)
(-12.8865 -6.30049 -6.92863e-15)
(-12.7826 -6.24386 -3.43128e-15)
(-12.6805 -6.18791 -3.1883e-15)
(-12.58 -6.13263 -2.95392e-15)
(-12.4804 -6.07809 -7.05291e-15)
(-12.3812 -6.02445 -8.05604e-15)
(-12.2817 -5.972 -5.47089e-15)
(-12.1813 -5.92117 -6.22637e-15)
(-12.0797 -5.87247 -3.43058e-15)
(-11.9767 -5.82653 -6.19793e-15)
(-11.8725 -5.78402 -4.0508e-15)
(-11.7676 -5.74557 -2.5196e-15)
(-11.6631 -5.71176 -3.33031e-15)
(-11.5605 -5.68299 -5.75724e-15)
(-11.4619 -5.65942 -6.67664e-15)
(-11.3696 -5.64091 -8.48209e-15)
(-11.2864 -5.62699 -8.03891e-15)
(-11.215 -5.61682 -4.38014e-15)
(-11.1585 -5.60897 -4.4817e-15)
(-11.1215 -5.60037 -4.47105e-15)
(-11.1058 -5.58649 -5.38202e-15)
(-11.1063 -5.57091 -6.56877e-15)
(-11.1273 -5.54706 -6.3439e-15)
(-11.1665 -5.51271 -6.26825e-15)
(-11.2218 -5.46563 -5.77615e-15)
(-11.2898 -5.40416 -7.12732e-15)
(-11.3627 -5.33 -5.34717e-15)
(-11.4284 -5.23792 -5.8044e-15)
(-11.501 -5.13162 -8.78071e-15)
(-11.5695 -5.00428 -4.8512e-15)
(-11.6122 -4.86125 -5.91421e-15)
(-11.6276 -4.70278 -8.1949e-15)
(-11.6083 -4.53266 -6.68207e-15)
(-11.5466 -4.3544 -7.0005e-15)
(-11.435 -4.17256 -6.07071e-15)
(-11.2669 -3.99292 -6.08795e-15)
(-11.0368 -3.82236 -4.96209e-15)
(-10.7412 -3.66866 -5.49689e-15)
(-10.3788 -3.54005 -5.3405e-15)
(-9.95181 -3.44439 -3.81258e-15)
(-9.46639 -3.38816 -8.46014e-15)
(-8.93241 -3.37584 -8.67057e-15)
(-8.3625 -3.4098 -6.47514e-15)
(-7.77137 -3.49176 -7.63487e-15)
(-7.16839 -3.62855 -7.45873e-15)
(-6.59407 -3.82023 -6.8855e-15)
(-6.00878 -4.03705 -6.05247e-15)
(-5.48061 -4.3112 -5.58037e-15)
(-5.01276 -4.63191 -6.99949e-15)
(-4.61654 -4.99178 -7.36946e-15)
(-4.31273 -5.38918 -6.24482e-15)
(-4.11698 -5.81493 -8.68052e-15)
(-4.05851 -6.25568 -8.57612e-15)
(-4.1563 -6.70906 -1.02433e-14)
(-4.43178 -7.15869 -9.2818e-15)
(-4.90225 -7.59112 -1.02489e-14)
(-5.58176 -7.99095 -1.04794e-14)
(-6.47908 -8.34032 -9.74497e-15)
(-7.59458 -8.61884 -1.11293e-14)
(-8.91632 -8.80464 -8.58005e-15)
(-10.4159 -8.87649 -7.5845e-15)
(-12.0454 -8.81718 -9.69843e-15)
(-13.7408 -8.61503 -1.07929e-14)
(-15.4303 -8.26062 -9.34675e-15)
(-16.9949 -7.70557 -1.03294e-14)
(-18.4314 -7.04158 -7.30877e-15)
(-19.6469 -6.26996 -9.7212e-15)
(-20.5237 -5.3433 -5.69669e-15)
(-21.115 -4.29441 -6.78194e-15)
(-21.3971 -3.17753 -6.53231e-15)
(-21.3659 -1.97575 -7.11851e-15)
(-21.0303 -0.733093 -5.91245e-15)
(-20.3971 0.509393 -5.87971e-15)
(-19.4773 1.69061 -4.38061e-15)
(-18.2871 2.74214 -2.0644e-15)
(-16.8591 3.59893 -1.68332e-15)
(-15.244 4.2124 -1.32517e-15)
(-13.5065 4.56041 -4.29288e-15)
(-11.7178 4.65025 -1.3993e-15)
(-9.94529 4.5135 -5.63634e-15)
(-8.24483 4.19648 -5.02282e-15)
(-6.65657 3.7498 -4.88594e-15)
(-5.2045 3.22044 -5.37624e-15)
(-3.89878 2.64708 -4.08137e-15)
(-2.739 2.05837 -4.9932e-15)
(-1.71661 1.47262 -3.91487e-15)
(-0.819411 0.899576 -6.19262e-15)
(-0.0433993 0.331559 -2.54726e-15)
(0.638351 -0.202673 -5.85282e-15)
(1.23773 -0.701036 -3.22806e-15)
(1.73445 -1.18841 -7.02632e-15)
(2.15607 -1.65231 -6.53586e-15)
(2.50756 -2.09394 -4.17931e-15)
(2.79146 -2.516 -2.6337e-15)
(3.01205 -2.92071 -5.17278e-15)
(3.17107 -3.3034 -4.78834e-15)
(3.26672 -3.66779 -5.11235e-15)
(3.30178 -4.01413 -6.619e-15)
(3.2756 -4.34074 -6.77296e-15)
(3.18771 -4.64655 -7.58766e-15)
(3.03781 -4.93019 -4.05765e-15)
(2.82599 -5.19009 -2.65698e-15)
(2.55294 -5.42453 -7.24061e-15)
(2.22023 -5.63185 -8.39726e-15)
(1.83059 -5.81053 -8.47487e-15)
(1.38803 -5.9594 -5.7283e-15)
(0.897946 -6.07779 -5.4085e-15)
(0.367062 -6.16575 -5.40583e-15)
(-0.196854 -6.22398 -6.41577e-15)
(-0.785332 -6.25383 -1.09193e-14)
(-1.3897 -6.25713 -9.18466e-15)
(-2.00154 -6.23591 -8.08004e-15)
(-2.61314 -6.19218 -5.90308e-15)
(-3.21777 -6.12769 -4.26001e-15)
(-3.80983 -6.04381 -8.08014e-15)
(-4.38492 -5.94135 -6.73167e-15)
(-4.93971 -5.82059 -5.57764e-15)
(-5.47173 -5.68127 -7.36119e-15)
(-5.97906 -5.52281 -1.03948e-14)
(-6.46014 -5.34445 -1.14724e-14)
(-6.91381 -5.14506 -9.35739e-15)
(-7.33924 -4.92216 -8.90392e-15)
(-7.73861 -4.66813 -7.13295e-15)
(-8.09039 -4.38797 -1.15617e-14)
(-8.42438 -4.10073 -1.37362e-14)
(-8.7104 -3.78215 -8.35639e-15)
(-8.95419 -3.43953 -1.57311e-14)
(-9.15625 -3.07589 -4.48443e-14)
(-9.3128 -2.69613 -8.76341e-14)
(-9.42268 -2.30018 -1.84296e-13)
(-9.48466 -1.8914 -3.59631e-13)
(-9.49733 -1.47365 -6.7989e-13)
(-9.46095 -1.05171 -1.23514e-12)
(-9.37455 -0.630642 -2.13195e-12)
(-9.23855 -0.216613 -3.49033e-12)
(-9.05356 0.183304 -5.42907e-12)
(-8.82069 0.561499 -8.03686e-12)
(-8.54179 0.910058 -1.13373e-11)
(-8.2196 1.22118 -1.52479e-11)
(-7.85786 1.48777 -1.95691e-11)
(-7.46143 1.70404 -2.39996e-11)
(-7.03631 1.86607 -2.81465e-11)
)
;
    }
    inlet
    {
        type            calculated;
        value           uniform (0 0 0);
    }
    rWedge
    {
        type            wedge;
    }
    lWedge
    {
        type            wedge;
    }
    outlet
    {
        type            calculated;
        value           nonuniform 0();
    }
    procBoundary1to0
    {
        type            processor;
        value           uniform (0 0 0);
    }
    procBoundary1to2
    {
        type            processor;
        value           uniform (0 0 0);
    }
}


// ************************************************************************* //
