/*--------------------------------*- C++ -*----------------------------------*\
| =========                 |                                                 |
| \\      /  F ield         | OpenFOAM: The Open Source CFD Toolbox           |
|  \\    /   O peration     | Version:  v1706                                 |
|   \\  /    A nd           | Web:      www.OpenFOAM.com                      |
|    \\/     M anipulation  |                                                 |
\*---------------------------------------------------------------------------*/
FoamFile
{
    version     2.0;
    format      ascii;
    class       volVectorField;
    location    "1.1e-05";
    object      wallShearStress;
}
// * * * * * * * * * * * * * * * * * * * * * * * * * * * * * * * * * * * * * //

dimensions      [1 -1 -2 0 0 0 0];


internalField   uniform (0 0 0);

boundaryField
{
    cone
    {
        type            calculated;
        value           nonuniform List<vector> 
147
(
(0.844895 -0.323171 -1.07167e-12)
(0.839559 -0.501889 -1.76229e-12)
(0.83575 -0.703253 -2.57383e-12)
(0.828914 -0.89745 -3.11157e-12)
(0.820357 -1.09627 -3.51249e-12)
(0.809925 -1.29391 -3.72991e-12)
(0.79767 -1.49212 -3.83091e-12)
(0.783634 -1.69001 -3.81312e-12)
(0.767841 -1.88768 -3.72072e-12)
(0.750317 -2.08496 -3.52719e-12)
(0.731081 -2.28181 -3.31672e-12)
(0.710141 -2.47814 -3.0792e-12)
(0.687468 -2.67391 -2.82657e-12)
(0.662831 -2.86895 -2.55968e-12)
(0.635942 -3.06478 -2.30876e-12)
(0.609972 -3.26036 -2.07918e-12)
(0.582399 -3.45533 -1.86703e-12)
(0.55264 -3.64889 -1.68538e-12)
(0.520963 -3.8408 -1.51927e-12)
(0.487616 -4.03118 -1.37092e-12)
(0.452734 -4.22015 -1.24228e-12)
(0.416401 -4.40773 -1.12778e-12)
(0.378667 -4.59393 -1.02067e-12)
(0.339561 -4.77872 -9.40688e-13)
(0.29911 -4.96209 -8.53353e-13)
(0.257344 -5.14397 -7.8297e-13)
(0.214295 -5.32436 -7.18219e-13)
(0.169994 -5.50319 -6.70169e-13)
(0.124475 -5.68044 -6.17999e-13)
(0.0777741 -5.85607 -5.72434e-13)
(0.0299254 -6.03004 -5.38231e-13)
(-0.0190339 -6.20232 -5.03384e-13)
(-0.0690676 -6.37289 -4.70178e-13)
(-0.120138 -6.54171 -4.47567e-13)
(-0.17221 -6.70875 -4.22337e-13)
(-0.225245 -6.874 -4.04005e-13)
(-0.27921 -7.03744 -3.82679e-13)
(-0.334068 -7.19906 -3.56157e-13)
(-0.389789 -7.35884 -3.36582e-13)
(-0.446342 -7.51677 -3.15284e-13)
(-0.503698 -7.67287 -3.02107e-13)
(-0.561832 -7.82712 -3.00998e-13)
(-0.620721 -7.97954 -2.87211e-13)
(-0.680345 -8.13012 -2.67862e-13)
(-0.740686 -8.27888 -2.55846e-13)
(-0.801728 -8.42583 -2.46433e-13)
(-0.863455 -8.57098 -2.41797e-13)
(-0.925854 -8.71433 -2.30752e-13)
(-0.988927 -8.85588 -2.20435e-13)
(-1.05277 -8.99555 -2.08094e-13)
(-1.11718 -9.13351 -2.03924e-13)
(-1.18216 -9.26974 -1.9629e-13)
(-1.24773 -9.40422 -1.91973e-13)
(-1.3139 -9.53696 -1.83115e-13)
(-1.38066 -9.66797 -1.77525e-13)
(-1.448 -9.79727 -1.72422e-13)
(-1.51591 -9.92485 -1.7122e-13)
(-1.58439 -10.0508 -1.6207e-13)
(-1.65345 -10.175 -1.61849e-13)
(-1.7231 -10.2976 -1.53397e-13)
(-1.79335 -10.4185 -1.48184e-13)
(-1.86416 -10.538 -1.47443e-13)
(-1.93556 -10.6558 -1.50325e-13)
(-2.00758 -10.7722 -1.49112e-13)
(-2.08022 -10.8871 -1.39822e-13)
(-2.15352 -11.0005 -1.31215e-13)
(-2.22749 -11.1125 -1.28753e-13)
(-2.30216 -11.2232 -1.21561e-13)
(-2.37755 -11.3326 -1.20987e-13)
(-2.45369 -11.4406 -1.13964e-13)
(-2.53062 -11.5475 -1.2051e-13)
(-2.60836 -11.6531 -1.18731e-13)
(-2.68697 -11.7576 -1.18639e-13)
(-2.76648 -11.861 -1.06678e-13)
(-2.84694 -11.9633 -1.08842e-13)
(-2.92841 -12.0646 -1.01915e-13)
(-3.01093 -12.1649 -9.91223e-14)
(-3.09458 -12.2644 -9.59531e-14)
(-3.1794 -12.3629 -9.54482e-14)
(-3.26546 -12.4606 -9.11247e-14)
(-3.35283 -12.5576 -9.03121e-14)
(-3.44158 -12.6538 -9.09774e-14)
(-3.53177 -12.7493 -8.82791e-14)
(-3.62348 -12.8441 -8.98116e-14)
(-3.7168 -12.9383 -8.32773e-14)
(-3.81178 -13.0319 -8.46574e-14)
(-3.90852 -13.125 -8.26894e-14)
(-4.0071 -13.2175 -8.33995e-14)
(-4.10758 -13.3096 -8.14625e-14)
(-4.21005 -13.4012 -8.27872e-14)
(-4.3146 -13.4925 -7.90022e-14)
(-4.42132 -13.5833 -7.7553e-14)
(-4.53028 -13.6737 -7.41387e-14)
(-4.6416 -13.7638 -7.27029e-14)
(-4.75535 -13.8537 -7.01644e-14)
(-4.87159 -13.9433 -7.20521e-14)
(-4.99036 -14.0326 -6.93639e-14)
(-5.11178 -14.1217 -7.1364e-14)
(-5.23592 -14.2105 -6.9691e-14)
(-5.36285 -14.2993 -6.79956e-14)
(-5.49266 -14.3878 -6.83631e-14)
(-5.62544 -14.4761 -6.58642e-14)
(-5.76132 -14.5642 -6.95958e-14)
(-5.90042 -14.652 -6.3206e-14)
(-6.04287 -14.7395 -6.18391e-14)
(-6.18873 -14.8267 -6.58201e-14)
(-6.33807 -14.9136 -6.52023e-14)
(-6.49099 -15.0003 -6.21608e-14)
(-6.64757 -15.0869 -6.69605e-14)
(-6.8079 -15.1732 -6.50361e-14)
(-6.97207 -15.2593 -6.16713e-14)
(-7.14018 -15.3452 -6.22264e-14)
(-7.31229 -15.4309 -6.51701e-14)
(-7.48852 -15.5163 -6.20723e-14)
(-7.66894 -15.6016 -6.30712e-14)
(-7.85365 -15.6865 -6.00584e-14)
(-8.04272 -15.7712 -6.12355e-14)
(-8.23626 -15.8556 -5.52537e-14)
(-8.43434 -15.9397 -5.34807e-14)
(-8.63704 -16.0234 -5.61038e-14)
(-8.84443 -16.1068 -5.54225e-14)
(-9.05661 -16.1897 -5.5385e-14)
(-9.27364 -16.2723 -5.76155e-14)
(-9.4956 -16.3544 -5.5238e-14)
(-9.72257 -16.4359 -5.21554e-14)
(-9.95465 -16.5169 -5.48051e-14)
(-10.1919 -16.5972 -5.26424e-14)
(-10.4346 -16.6768 -5.08679e-14)
(-10.6826 -16.7556 -5.00266e-14)
(-10.9358 -16.8336 -4.86527e-14)
(-11.1941 -16.9106 -5.09478e-14)
(-11.4574 -16.9866 -4.76643e-14)
(-11.7261 -17.0615 -4.85273e-14)
(-12.0002 -17.1352 -4.50369e-14)
(-12.2799 -17.2077 -4.57199e-14)
(-12.5651 -17.2789 -4.4357e-14)
(-12.8559 -17.3487 -4.65053e-14)
(-13.1522 -17.417 -4.51535e-14)
(-13.4541 -17.4837 -4.54202e-14)
(-13.7615 -17.5487 -4.62552e-14)
(-14.0743 -17.6118 -4.79743e-14)
(-14.3927 -17.673 -4.76961e-14)
(-14.7165 -17.7321 -4.7058e-14)
(-15.0457 -17.7891 -4.64773e-14)
(-15.3802 -17.8438 -4.35585e-14)
(-15.7201 -17.8961 -4.30677e-14)
(0.826141 -0.148089 -3.65728e-13)
)
;
    }
    inlet
    {
        type            calculated;
        value           uniform (0 0 0);
    }
    rWedge
    {
        type            wedge;
    }
    lWedge
    {
        type            wedge;
    }
    outlet
    {
        type            calculated;
        value           nonuniform 0();
    }
    procBoundary3to2
    {
        type            processor;
        value           uniform (0 0 0);
    }
}


// ************************************************************************* //
