/*--------------------------------*- C++ -*----------------------------------*\
| =========                 |                                                 |
| \\      /  F ield         | OpenFOAM: The Open Source CFD Toolbox           |
|  \\    /   O peration     | Version:  v1706                                 |
|   \\  /    A nd           | Web:      www.OpenFOAM.com                      |
|    \\/     M anipulation  |                                                 |
\*---------------------------------------------------------------------------*/
FoamFile
{
    version     2.0;
    format      ascii;
    class       volVectorField;
    location    "3.2e-05";
    object      wallShearStress;
}
// * * * * * * * * * * * * * * * * * * * * * * * * * * * * * * * * * * * * * //

dimensions      [1 -1 -2 0 0 0 0];


internalField   uniform (0 0 0);

boundaryField
{
    cone
    {
        type            calculated;
        value           nonuniform List<vector> 
119
(
(-6.58934 1.97212 -3.15977e-11)
(-6.12815 2.02303 -3.39915e-11)
(-5.66078 2.02178 -3.50891e-11)
(-5.19522 1.97345 -3.48012e-11)
(-4.73901 1.88456 -3.32058e-11)
(-4.29894 1.76253 -3.05127e-11)
(-3.88078 1.61505 -2.70414e-11)
(-3.48913 1.44962 -2.31324e-11)
(-3.12745 1.27315 -1.91158e-11)
(-2.79811 1.09173 -1.52609e-11)
(-2.50257 0.910683 -1.17637e-11)
(-2.24158 0.734576 -8.74291e-12)
(-2.01531 0.567362 -6.24033e-12)
(-1.82327 0.41212 -4.25274e-12)
(-1.66345 0.269927 -2.73141e-12)
(-1.53878 0.141043 -1.60875e-12)
(-1.4401 0.0340598 -8.0957e-13)
(-1.37439 -0.0525976 -2.62992e-13)
(-1.33752 -0.119421 9.37843e-14)
(-1.32443 -0.166758 3.0555e-13)
(-1.33292 -0.195992 4.22058e-13)
(-1.3615 -0.20422 4.76561e-13)
(-1.40921 -0.191738 4.86612e-13)
(-1.47162 -0.160309 4.78619e-13)
(-1.54486 -0.112024 4.5309e-13)
(-1.62624 -0.0492051 4.19193e-13)
(-1.70837 0.0297802 3.84492e-13)
(-1.7997 0.11879 3.50817e-13)
(-1.88595 0.218483 3.21837e-13)
(-1.9653 0.324458 2.97614e-13)
(-2.03634 0.433883 2.73319e-13)
(-2.09572 0.544776 2.50119e-13)
(-2.14074 0.653558 2.37335e-13)
(-2.16933 0.75812 2.17547e-13)
(-2.17977 0.856202 2.05567e-13)
(-2.17059 0.945405 1.91624e-13)
(-2.14077 1.02359 1.80486e-13)
(-2.08977 1.08892 1.65002e-13)
(-2.01758 1.13985 1.53186e-13)
(-1.92468 1.17521 1.40837e-13)
(-1.81201 1.19412 1.25086e-13)
(-1.68094 1.19604 1.16773e-13)
(-1.53328 1.18076 1.05135e-13)
(-1.37125 1.1485 9.30844e-14)
(-1.19747 1.0999 8.48272e-14)
(-1.01487 1.03605 7.34935e-14)
(-0.82658 0.958403 7.07783e-14)
(-0.635844 0.8687 6.85186e-14)
(-0.445887 0.768903 5.60806e-14)
(-0.259873 0.661005 5.01133e-14)
(-0.0838199 0.546174 4.36224e-14)
(0.0812814 0.433766 3.73369e-14)
(0.234042 0.325782 3.32769e-14)
(0.36647 0.219326 2.9556e-14)
(0.478705 0.121606 2.17468e-14)
(0.568122 0.0358554 2.29286e-14)
(0.633014 -0.0348358 2.05634e-14)
(0.67324 -0.0886579 1.41631e-14)
(0.690103 -0.125193 1.05032e-14)
(0.685358 -0.143797 9.25094e-15)
(0.657133 -0.142096 8.58341e-15)
(0.608223 -0.119365 8.13149e-15)
(0.543642 -0.0779421 6.81612e-15)
(0.468958 -0.0214189 4.22117e-15)
(0.390776 0.0448525 3.17319e-15)
(0.316862 0.115116 2.02558e-16)
(0.252721 0.181177 5.00883e-16)
(0.208464 0.233155 -1.7262e-15)
(0.188581 0.26264 -2.00752e-15)
(0.194391 0.267222 -2.46534e-15)
(0.231044 0.23721 -1.99199e-15)
(0.298163 0.169438 -2.91813e-15)
(0.392693 0.0638251 -3.5942e-15)
(0.51022 -0.0780004 -1.18962e-15)
(0.644373 -0.252049 -2.25801e-15)
(0.78737 -0.452547 -9.58813e-16)
(0.930862 -0.672823 -1.11359e-15)
(1.06682 -0.906152 -2.77269e-15)
(1.18769 -1.14717 -4.66956e-16)
(1.28799 -1.38949 -4.60502e-15)
(1.36165 -1.62974 -7.84501e-16)
(1.4039 -1.86547 -8.02259e-16)
(1.41092 -2.094 -3.13702e-15)
(1.37892 -2.3129 -2.42003e-15)
(1.30452 -2.51929 -1.62065e-15)
(1.18462 -2.70937 2.25084e-15)
(1.01623 -2.87809 -2.53167e-16)
(0.796368 -3.01898 -4.81453e-15)
(0.521987 -3.12419 -2.82429e-15)
(0.18969 -3.18432 -2.75406e-15)
(-0.204289 -3.18773 -2.603e-15)
(-0.662606 -3.12045 -3.00823e-15)
(-1.18412 -2.96754 -6.2805e-15)
(-1.76263 -2.71422 -2.76382e-15)
(-2.39127 -2.34533 -2.8273e-15)
(-3.01232 -1.83967 -5.16514e-15)
(-3.6625 -1.24013 -9.6393e-15)
(-4.25713 -0.533822 -2.94554e-16)
(-4.73609 0.24205 -1.50347e-15)
(-5.06407 1.00065 3.91557e-15)
(-5.17882 1.65366 2.71586e-15)
(-5.04881 2.10565 -2.27645e-15)
(-4.67313 2.27431 -4.71203e-16)
(-4.10824 2.15733 1.07544e-15)
(-3.44709 1.82203 -7.42515e-15)
(-2.77945 1.36327 -3.90865e-15)
(-2.17088 0.87007 -6.34297e-15)
(-1.65642 0.405714 -5.65673e-15)
(-1.24447 0.00160014 -5.59082e-15)
(-0.926104 -0.339191 -3.85386e-15)
(-0.688883 -0.63074 -3.21158e-15)
(-0.521446 -0.877103 -4.90306e-15)
(-0.416971 -1.09443 5.92187e-16)
(-0.373978 -1.29582 -3.79337e-15)
(-0.380978 -1.49266 4.77965e-17)
(-0.401845 -1.68304 -4.17318e-15)
(-0.521339 -1.8478 -4.47868e-15)
(-0.473096 -2.02675 -8.68312e-16)
(-0.782477 -2.09802 -3.04097e-15)
)
;
    }
    inlet
    {
        type            calculated;
        value           uniform (0 0 0);
    }
    rWedge
    {
        type            wedge;
    }
    lWedge
    {
        type            wedge;
    }
    outlet
    {
        type            calculated;
        value           uniform (0 0 0);
    }
    procBoundary0to1
    {
        type            processor;
        value           uniform (0 0 0);
    }
    procBoundary0to2
    {
        type            processor;
        value           uniform (0 0 0);
    }
}


// ************************************************************************* //
