/*--------------------------------*- C++ -*----------------------------------*\
| =========                 |                                                 |
| \\      /  F ield         | OpenFOAM: The Open Source CFD Toolbox           |
|  \\    /   O peration     | Version:  v1706                                 |
|   \\  /    A nd           | Web:      www.OpenFOAM.com                      |
|    \\/     M anipulation  |                                                 |
\*---------------------------------------------------------------------------*/
FoamFile
{
    version     2.0;
    format      ascii;
    class       volVectorField;
    location    "3.6e-05";
    object      wallShearStress;
}
// * * * * * * * * * * * * * * * * * * * * * * * * * * * * * * * * * * * * * //

dimensions      [1 -1 -2 0 0 0 0];


internalField   uniform (0 0 0);

boundaryField
{
    cone
    {
        type            calculated;
        value           nonuniform List<vector> 
181
(
(-23.2037 -11.518 -1.60409e-15)
(-22.9325 -11.385 -6.8377e-16)
(-22.6645 -11.2534 1.12371e-16)
(-22.3997 -11.1232 -1.45231e-15)
(-22.1381 -10.9943 -1.01862e-15)
(-21.8796 -10.8669 -1.36992e-15)
(-21.6244 -10.7409 -1.85784e-15)
(-21.3724 -10.6163 -2.62747e-15)
(-21.1236 -10.4932 -2.40952e-15)
(-20.878 -10.3714 -1.22594e-15)
(-20.6358 -10.2512 -2.19331e-15)
(-20.3967 -10.1324 -2.12534e-15)
(-20.161 -10.0152 -3.2118e-15)
(-19.9286 -9.89935 -2.32925e-15)
(-19.6994 -9.78503 -2.00502e-15)
(-19.4736 -9.67221 -1.61346e-15)
(-19.251 -9.56087 -2.51748e-15)
(-19.0318 -9.45103 -2.23021e-15)
(-18.8158 -9.34268 -2.80218e-15)
(-18.6031 -9.23581 6.67858e-16)
(-18.3937 -9.13042 1.09093e-15)
(-18.1876 -9.02651 4.97936e-16)
(-17.9847 -8.92406 -6.94416e-16)
(-17.7851 -8.82307 -3.01521e-16)
(-17.5887 -8.72354 -1.03225e-15)
(-17.3954 -8.62545 -2.01812e-16)
(-17.2054 -8.52881 -9.25478e-16)
(-17.0184 -8.43359 -1.16753e-15)
(-16.8346 -8.3398 -2.10645e-15)
(-16.6538 -8.24742 -3.14542e-15)
(-16.4761 -8.15644 -2.45592e-15)
(-16.3014 -8.06686 -4.47052e-16)
(-16.1297 -7.97866 -1.33854e-15)
(-15.9609 -7.89185 -3.21039e-15)
(-15.7951 -7.80639 5.06698e-16)
(-15.6321 -7.7223 -6.296e-16)
(-15.4719 -7.63955 2.21045e-15)
(-15.3145 -7.55815 -6.76187e-16)
(-15.1599 -7.47807 -1.89185e-15)
(-15.008 -7.39931 -3.84274e-15)
(-14.8587 -7.32187 -3.9616e-16)
(-14.7121 -7.24573 -6.50619e-17)
(-14.5681 -7.17088 3.18289e-16)
(-14.4266 -7.09731 -3.6025e-15)
(-14.2877 -7.02503 -4.78295e-15)
(-14.1512 -6.95401 -2.34728e-15)
(-14.0172 -6.88425 -3.17524e-15)
(-13.8856 -6.81574 -4.18231e-16)
(-13.7564 -6.74848 -2.98899e-15)
(-13.6296 -6.68246 -9.03481e-16)
(-13.505 -6.61766 6.07588e-16)
(-13.3828 -6.55409 -5.15244e-18)
(-13.2628 -6.49173 -2.47474e-15)
(-13.145 -6.43057 -3.41764e-15)
(-13.0294 -6.37063 -5.24528e-15)
(-12.9159 -6.31188 -4.81319e-15)
(-12.8045 -6.25434 -1.3747e-15)
(-12.6952 -6.19802 -1.48657e-15)
(-12.5879 -6.14294 -1.37648e-15)
(-12.4827 -6.08911 -2.25705e-15)
(-12.3796 -6.03655 -3.4865e-15)
(-12.2785 -5.98527 -3.34885e-15)
(-12.1798 -5.93528 -3.42188e-15)
(-12.0833 -5.88655 -2.92149e-15)
(-11.9895 -5.83903 -4.17738e-15)
(-11.8984 -5.7926 -2.29368e-15)
(-11.8104 -5.74712 -2.93659e-15)
(-11.7256 -5.70234 -5.86824e-15)
(-11.6441 -5.65799 -1.98342e-15)
(-11.5661 -5.61373 -3.17127e-15)
(-11.4912 -5.56918 -5.56399e-15)
(-11.4192 -5.52397 -4.40345e-15)
(-11.3494 -5.47778 -4.7194e-15)
(-11.2808 -5.43038 -3.87268e-15)
(-11.2121 -5.38167 -3.79108e-15)
(-11.1419 -5.33178 -2.65217e-15)
(-11.0685 -5.28104 -3.00833e-15)
(-10.9902 -5.2301 -2.74137e-15)
(-10.9053 -5.17988 -1.13952e-15)
(-10.8124 -5.13155 -5.78458e-15)
(-10.7105 -5.0865 -6.4528e-15)
(-10.5993 -5.04621 -4.14769e-15)
(-10.4791 -5.0122 -5.46268e-15)
(-10.3507 -4.98614 -5.56887e-15)
(-10.2155 -4.97008 -5.08158e-15)
(-10.0757 -4.96637 -4.39252e-15)
(-9.93581 -4.97666 -3.63841e-15)
(-9.80454 -4.99906 -5.13384e-15)
(-9.69259 -5.02792 -5.34575e-15)
(-9.60281 -5.06208 -4.11264e-15)
(-9.53232 -5.10557 -6.53165e-15)
(-9.4845 -5.15993 -6.28273e-15)
(-9.46937 -5.21665 -7.79972e-15)
(-9.49814 -5.27168 -6.8224e-15)
(-9.57522 -5.32041 -7.6628e-15)
(-9.70183 -5.35678 -7.74873e-15)
(-9.87847 -5.37485 -6.99482e-15)
(-10.1033 -5.36856 -8.26274e-15)
(-10.3705 -5.33275 -6.2337e-15)
(-10.6711 -5.26313 -5.2455e-15)
(-10.9965 -5.15538 -7.21369e-15)
(-11.3188 -4.98734 -7.8408e-15)
(-11.658 -4.78239 -6.44108e-15)
(-11.9626 -4.52605 -7.29837e-15)
(-12.1971 -4.21239 -4.52852e-15)
(-12.3503 -3.85728 -6.60473e-15)
(-12.3971 -3.47476 -3.41677e-15)
(-12.3084 -3.07329 -4.73895e-15)
(-12.0691 -2.6761 -4.42972e-15)
(-11.6715 -2.30696 -5.19981e-15)
(-11.1176 -1.98968 -4.24717e-15)
(-10.4201 -1.74608 -4.71437e-15)
(-9.60257 -1.59279 -3.39544e-15)
(-8.6968 -1.53875 -1.52132e-15)
(-7.73969 -1.58435 -1.55324e-15)
(-6.76869 -1.72253 -1.22884e-15)
(-5.81771 -1.94333 -3.83653e-15)
(-4.90434 -2.24479 -4.21573e-16)
(-4.09293 -2.62335 -5.64089e-15)
(-3.30718 -3.01755 -5.0672e-15)
(-2.65179 -3.46908 -5.01955e-15)
(-2.11956 -3.95743 -5.9709e-15)
(-1.71263 -4.46881 -4.31931e-15)
(-1.43567 -5.00035 -5.42324e-15)
(-1.31508 -5.5268 -4.23895e-15)
(-1.36133 -6.05583 -7.87326e-15)
(-1.58852 -6.5694 -2.45042e-15)
(-2.00806 -7.0547 -7.9426e-15)
(-2.62792 -7.49856 -3.7167e-15)
(-3.45128 -7.8862 -1.04103e-14)
(-4.47408 -8.20163 -9.94292e-15)
(-5.68216 -8.42835 -6.32804e-15)
(-7.04864 -8.55082 -3.59951e-15)
(-8.53205 -8.55675 -7.68022e-15)
(-10.0765 -8.44031 -6.96931e-15)
(-11.6166 -8.20488 -7.04441e-15)
(-13.0839 -7.85976 -9.73776e-15)
(-14.4392 -7.38044 -9.95595e-15)
(-15.574 -6.79627 -1.15936e-14)
(-16.591 -6.19329 -6.76224e-15)
(-17.3267 -5.48031 -4.01324e-15)
(-17.8499 -4.68443 -9.98844e-15)
(-18.168 -3.83276 -1.09179e-14)
(-18.2792 -2.91503 -1.06115e-14)
(-18.1835 -1.9451 -7.12544e-15)
(-17.8815 -0.949256 -6.54772e-15)
(-17.3736 0.040564 -6.10987e-15)
(-16.6651 0.982493 -6.60051e-15)
(-15.7689 1.83255 -1.04459e-14)
(-14.7077 2.54991 -8.19667e-15)
(-13.5138 3.10308 -6.55343e-15)
(-12.2266 3.47449 -4.34599e-15)
(-10.8887 3.66223 -3.01279e-15)
(-9.5416 3.67874 -5.3647e-15)
(-8.22218 3.54702 -4.15262e-15)
(-6.96017 3.29607 -3.37224e-15)
(-5.77725 2.95642 -4.57954e-15)
(-4.6873 2.55675 -6.31062e-15)
(-3.69732 2.12179 -6.81766e-15)
(-2.80863 1.67092 -5.57851e-15)
(-2.01752 1.21747 -5.1779e-15)
(-1.31815 0.768987 -4.38293e-15)
(-0.704187 0.319465 -6.80319e-15)
(-0.174612 -0.111452 -7.32712e-15)
(0.297339 -0.505239 -2.63054e-15)
(0.682994 -0.891827 -3.39614e-15)
(1.00549 -1.25795 -1.20236e-14)
(1.26819 -1.60282 -1.85347e-14)
(1.47306 -1.92747 -3.67837e-14)
(1.62321 -2.23263 -6.5413e-14)
(1.72086 -2.51309 -1.19527e-13)
(1.76614 -2.77328 -2.20081e-13)
(1.76216 -3.01158 -3.90428e-13)
(1.71036 -3.22696 -6.62374e-13)
(1.61267 -3.41896 -1.07975e-12)
(1.47152 -3.58724 -1.696e-12)
(1.2899 -3.73168 -2.56561e-12)
(1.07141 -3.85247 -3.72783e-12)
(0.820308 -3.95019 -5.20529e-12)
(0.541476 -4.02586 -7.00973e-12)
(0.24031 -4.08096 -9.11592e-12)
)
;
    }
    inlet
    {
        type            calculated;
        value           uniform (0 0 0);
    }
    rWedge
    {
        type            wedge;
    }
    lWedge
    {
        type            wedge;
    }
    outlet
    {
        type            calculated;
        value           nonuniform 0();
    }
    procBoundary1to0
    {
        type            processor;
        value           uniform (0 0 0);
    }
    procBoundary1to2
    {
        type            processor;
        value           uniform (0 0 0);
    }
}


// ************************************************************************* //
