/*--------------------------------*- C++ -*----------------------------------*\
| =========                 |                                                 |
| \\      /  F ield         | OpenFOAM: The Open Source CFD Toolbox           |
|  \\    /   O peration     | Version:  v1706                                 |
|   \\  /    A nd           | Web:      www.OpenFOAM.com                      |
|    \\/     M anipulation  |                                                 |
\*---------------------------------------------------------------------------*/
FoamFile
{
    version     2.0;
    format      ascii;
    class       volVectorField;
    location    "1.6e-05";
    object      wallShearStress;
}
// * * * * * * * * * * * * * * * * * * * * * * * * * * * * * * * * * * * * * //

dimensions      [1 -1 -2 0 0 0 0];


internalField   uniform (0 0 0);

boundaryField
{
    cone
    {
        type            calculated;
        value           nonuniform List<vector> 
119
(
(-1.91782 -4.8682 -1.31208e-10)
(-2.00122 -5.01133 -1.38427e-10)
(-2.0765 -5.15456 -1.34631e-10)
(-2.14126 -5.29957 -1.21654e-10)
(-2.19343 -5.44797 -1.02856e-10)
(-2.23158 -5.60094 -8.18691e-11)
(-2.25524 -5.75892 -6.16993e-11)
(-2.26511 -5.9212 -4.42326e-11)
(-2.26325 -6.08567 -3.02869e-11)
(-2.25302 -6.24863 -1.9863e-11)
(-2.23902 -6.40478 -1.24976e-11)
(-2.22676 -6.5474 -7.54962e-12)
(-2.22236 -6.66863 -4.36971e-12)
(-2.23216 -6.7598 -2.42377e-12)
(-2.26225 -6.8119 -1.2898e-12)
(-2.31813 -6.81582 -6.73592e-13)
(-2.40419 -6.76311 -3.45455e-13)
(-2.52294 -6.64711 -2.03505e-13)
(-2.67454 -6.46376 -1.53125e-13)
(-2.85649 -6.21241 -1.56348e-13)
(-3.06334 -5.89657 -1.75281e-13)
(-3.28657 -5.52482 -1.8769e-13)
(-3.51459 -5.11139 -2.03765e-13)
(-3.73317 -4.67645 -1.96599e-13)
(-3.92588 -4.24624 -1.93431e-13)
(-4.07369 -3.84862 -1.9029e-13)
(-4.17015 -3.51075 -1.82012e-13)
(-4.19916 -3.25532 -1.75306e-13)
(-4.15385 -3.10709 -1.59179e-13)
(-4.02936 -3.08789 -1.39535e-13)
(-3.83016 -3.20345 -1.2714e-13)
(-3.56729 -3.44969 -1.19214e-13)
(-3.25574 -3.81487 -9.18935e-14)
(-2.91356 -4.28064 -9.05445e-14)
(-2.56008 -4.82472 -7.17072e-14)
(-2.21408 -5.42398 -6.2443e-14)
(-1.89253 -6.05671 -4.76879e-14)
(-1.61005 -6.70355 -4.88311e-14)
(-1.37833 -7.34973 -3.94608e-14)
(-1.20548 -7.98376 -3.18161e-14)
(-1.09867 -8.59807 -3.94953e-14)
(-1.06194 -9.18673 -2.63977e-14)
(-1.09826 -9.74567 -2.67947e-14)
(-1.20928 -10.2717 -3.27829e-14)
(-1.39559 -10.7614 -2.61084e-14)
(-1.65659 -11.211 -3.41242e-14)
(-1.99012 -11.6157 -2.05317e-14)
(-2.39189 -11.9698 1.27847e-16)
(-2.85493 -12.2672 -1.48263e-14)
(-3.36938 -12.501 -9.99849e-15)
(-3.92228 -12.6639 -9.03305e-15)
(-4.49721 -12.7492 -1.30105e-14)
(-5.07363 -12.7528 -1.2224e-14)
(-5.62684 -12.6747 -8.54354e-15)
(-6.13067 -12.5215 -2.50112e-14)
(-6.56391 -12.3055 -9.75952e-15)
(-6.9096 -12.0409 -4.82995e-15)
(-7.15706 -11.7487 -1.66024e-14)
(-7.30498 -11.4533 -2.13031e-14)
(-7.35496 -11.1835 -1.69153e-14)
(-7.32309 -10.9593 -1.32007e-14)
(-7.23337 -10.7973 -1.32825e-14)
(-7.12582 -10.6966 -1.19042e-14)
(-7.03911 -10.6363 -1.45061e-14)
(-6.98728 -10.6061 -1.20531e-14)
(-6.99508 -10.5838 -1.79761e-14)
(-7.085 -10.5449 -1.4253e-14)
(-7.26158 -10.4725 -2.10061e-14)
(-7.52475 -10.3509 -2.01595e-14)
(-7.87111 -10.1687 -2.04045e-14)
(-8.29301 -9.91788 -1.68299e-14)
(-8.77791 -9.59556 -1.75414e-14)
(-9.3085 -9.20458 -2.18058e-14)
(-9.86414 -8.75352 -1.3693e-14)
(-10.4228 -8.25597 -1.7097e-14)
(-10.9635 -7.72892 -9.7444e-15)
(-11.4678 -7.19086 -9.57467e-15)
(-11.9223 -6.65928 -1.57419e-14)
(-12.3211 -6.14561 -6.87993e-15)
(-12.6592 -5.65008 -2.20962e-14)
(-12.9435 -5.1858 -8.44263e-15)
(-13.1797 -4.75195 -8.85498e-15)
(-13.3687 -4.33795 -1.52751e-14)
(-13.5234 -3.93963 -1.38638e-14)
(-13.65 -3.54998 -1.35875e-14)
(-13.7533 -3.16338 -2.4297e-17)
(-13.8367 -2.77652 -4.89799e-15)
(-13.9017 -2.38784 -2.11578e-14)
(-13.949 -1.9977 -1.59177e-14)
(-13.9788 -1.60759 -1.48912e-14)
(-13.9906 -1.21955 -1.27105e-14)
(-13.9838 -0.835657 -1.29301e-14)
(-13.9567 -0.457828 -2.29178e-14)
(-13.9068 -0.0879021 -1.16561e-14)
(-13.8302 0.27203 -1.15212e-14)
(-13.7221 0.619377 -1.74843e-14)
(-13.5776 0.951006 -3.12472e-14)
(-13.3924 1.26273 -3.75197e-15)
(-13.1649 1.54864 -1.01953e-14)
(-12.8977 1.8002 4.27996e-15)
(-12.5995 2.00673 2.296e-15)
(-12.2835 2.15806 -1.10723e-14)
(-11.962 2.24904 -8.62114e-15)
(-11.639 2.28258 -1.80264e-15)
(-11.3077 2.26861 -2.56183e-14)
(-10.9554 2.21758 -1.43262e-14)
(-10.5744 2.13226 -2.29424e-14)
(-10.1751 2.00289 -1.98187e-14)
(-9.78509 1.81552 -1.80247e-14)
(-9.43447 1.56237 -1.40923e-14)
(-9.13982 1.24879 -1.20454e-14)
(-8.89751 0.888958 -1.82524e-14)
(-8.70552 0.496858 -3.36664e-15)
(-8.52002 0.103003 -1.48737e-14)
(-8.38553 -0.277481 -2.17843e-15)
(-8.12379 -0.631214 -1.30518e-14)
(-8.02543 -0.980469 -1.08929e-14)
(-7.36797 -1.15383 -7.07955e-15)
(-7.31322 -1.39487 -9.64971e-15)
)
;
    }
    inlet
    {
        type            calculated;
        value           uniform (0 0 0);
    }
    rWedge
    {
        type            wedge;
    }
    lWedge
    {
        type            wedge;
    }
    outlet
    {
        type            calculated;
        value           uniform (0 0 0);
    }
    procBoundary0to1
    {
        type            processor;
        value           uniform (0 0 0);
    }
    procBoundary0to2
    {
        type            processor;
        value           uniform (0 0 0);
    }
}


// ************************************************************************* //
