/*--------------------------------*- C++ -*----------------------------------*\
| =========                 |                                                 |
| \\      /  F ield         | OpenFOAM: The Open Source CFD Toolbox           |
|  \\    /   O peration     | Version:  v1706                                 |
|   \\  /    A nd           | Web:      www.OpenFOAM.com                      |
|    \\/     M anipulation  |                                                 |
\*---------------------------------------------------------------------------*/
FoamFile
{
    version     2.0;
    format      ascii;
    class       volVectorField;
    location    "2e-05";
    object      wallShearStress;
}
// * * * * * * * * * * * * * * * * * * * * * * * * * * * * * * * * * * * * * //

dimensions      [1 -1 -2 0 0 0 0];


internalField   uniform (0 0 0);

boundaryField
{
    cone
    {
        type            calculated;
        value           nonuniform List<vector> 
147
(
(-0.387179 -0.384324 -6.73839e-14)
(-0.394208 -0.609313 -7.28273e-14)
(-0.402904 -0.844776 -2.17349e-13)
(-0.414687 -1.081 -2.91912e-13)
(-0.428324 -1.31827 -3.76224e-13)
(-0.443357 -1.5571 -4.41671e-13)
(-0.462092 -1.79716 -5.20936e-13)
(-0.484082 -2.03691 -5.92921e-13)
(-0.50902 -2.27564 -6.65378e-13)
(-0.53673 -2.51334 -7.15577e-13)
(-0.567145 -2.7501 -7.8153e-13)
(-0.600251 -2.98596 -8.38225e-13)
(-0.636041 -3.22088 -8.75427e-13)
(-0.674505 -3.45482 -9.03502e-13)
(-0.715627 -3.68773 -9.30097e-13)
(-0.759391 -3.91957 -9.52375e-13)
(-0.805778 -4.15027 -9.72328e-13)
(-0.854767 -4.37979 -9.82167e-13)
(-0.906336 -4.60806 -9.88795e-13)
(-0.960462 -4.83503 -9.97299e-13)
(-1.01712 -5.06064 -9.90304e-13)
(-1.0763 -5.28481 -9.81884e-13)
(-1.13795 -5.50751 -9.63864e-13)
(-1.20207 -5.72865 -9.50405e-13)
(-1.26862 -5.94819 -9.25856e-13)
(-1.33758 -6.16606 -9.01905e-13)
(-1.40891 -6.3822 -8.75183e-13)
(-1.48258 -6.59655 -8.5496e-13)
(-1.55857 -6.80904 -8.24912e-13)
(-1.63685 -7.01963 -7.95059e-13)
(-1.71737 -7.22824 -7.6747e-13)
(-1.8001 -7.43483 -7.3592e-13)
(-1.88502 -7.63934 -7.03497e-13)
(-1.97208 -7.8417 -6.76723e-13)
(-2.06124 -8.04187 -6.46727e-13)
(-2.15247 -8.2398 -6.21566e-13)
(-2.24572 -8.43542 -5.94112e-13)
(-2.34097 -8.62868 -5.63784e-13)
(-2.43816 -8.81955 -5.34549e-13)
(-2.53725 -9.00796 -5.06491e-13)
(-2.63821 -9.19387 -4.83408e-13)
(-2.741 -9.37723 -4.66955e-13)
(-2.84556 -9.558 -4.43753e-13)
(-2.95185 -9.73613 -4.15985e-13)
(-3.05984 -9.91158 -3.95227e-13)
(-3.16947 -10.0843 -3.76383e-13)
(-3.28071 -10.2542 -3.60979e-13)
(-3.39351 -10.4214 -3.41101e-13)
(-3.50781 -10.5857 -3.21995e-13)
(-3.62358 -10.7471 -3.01719e-13)
(-3.74076 -10.9056 -2.88031e-13)
(-3.85931 -11.0611 -2.72455e-13)
(-3.97919 -11.2136 -2.59498e-13)
(-4.10033 -11.363 -2.44358e-13)
(-4.2227 -11.5094 -2.32193e-13)
(-4.34624 -11.6527 -2.22107e-13)
(-4.4709 -11.7929 -2.12472e-13)
(-4.59663 -11.9299 -1.99146e-13)
(-4.72338 -12.0636 -1.92234e-13)
(-4.85109 -12.1942 -1.8143e-13)
(-4.97972 -12.3215 -1.71863e-13)
(-5.1092 -12.4455 -1.65738e-13)
(-5.2395 -12.5662 -1.61152e-13)
(-5.37054 -12.6835 -1.55223e-13)
(-5.50229 -12.7975 -1.45168e-13)
(-5.63467 -12.9081 -1.36726e-13)
(-5.76765 -13.0153 -1.30386e-13)
(-5.90115 -13.119 -1.21907e-13)
(-6.03513 -13.2193 -1.18123e-13)
(-6.16953 -13.3161 -1.10706e-13)
(-6.30429 -13.4095 -1.11764e-13)
(-6.43935 -13.4993 -1.07945e-13)
(-6.57466 -13.5856 -1.04704e-13)
(-6.71017 -13.6683 -9.41312e-14)
(-6.84582 -13.7475 -9.21481e-14)
(-6.98151 -13.8231 -8.57074e-14)
(-7.11718 -13.8952 -8.15272e-14)
(-7.25281 -13.9637 -7.77504e-14)
(-7.38832 -14.0285 -7.5033e-14)
(-7.52364 -14.0898 -7.02859e-14)
(-7.65874 -14.1475 -6.77627e-14)
(-7.79353 -14.2016 -6.61609e-14)
(-7.92796 -14.252 -6.25614e-14)
(-8.06197 -14.2989 -6.20717e-14)
(-8.1955 -14.3421 -5.71063e-14)
(-8.32847 -14.3817 -5.63928e-14)
(-8.46084 -14.4176 -5.38319e-14)
(-8.59255 -14.4499 -5.3538e-14)
(-8.72354 -14.4786 -5.09173e-14)
(-8.85373 -14.5036 -5.10859e-14)
(-8.98304 -14.5251 -4.8264e-14)
(-9.11141 -14.543 -4.62891e-14)
(-9.2388 -14.5572 -4.33527e-14)
(-9.36513 -14.5679 -4.12936e-14)
(-9.49033 -14.575 -3.9888e-14)
(-9.61435 -14.5785 -4.02478e-14)
(-9.73712 -14.5785 -3.85834e-14)
(-9.85857 -14.5749 -3.86484e-14)
(-9.97862 -14.5678 -3.67249e-14)
(-10.0972 -14.5571 -3.48765e-14)
(-10.2143 -14.543 -3.40459e-14)
(-10.3298 -14.5253 -3.22958e-14)
(-10.4437 -14.5042 -3.3645e-14)
(-10.5558 -14.4796 -2.99828e-14)
(-10.6662 -14.4516 -2.91067e-14)
(-10.7747 -14.4202 -3.04751e-14)
(-10.8813 -14.3855 -2.95967e-14)
(-10.9859 -14.3473 -2.74657e-14)
(-11.0884 -14.3058 -2.91028e-14)
(-11.1889 -14.261 -2.7684e-14)
(-11.2872 -14.213 -2.56634e-14)
(-11.3832 -14.1617 -2.56819e-14)
(-11.477 -14.1073 -2.70309e-14)
(-11.5683 -14.0496 -2.50313e-14)
(-11.6573 -13.9888 -2.4795e-14)
(-11.7437 -13.9249 -2.2747e-14)
(-11.8276 -13.8579 -2.30611e-14)
(-11.9089 -13.7879 -2.00865e-14)
(-11.9874 -13.7149 -1.91413e-14)
(-12.0633 -13.6388 -2.00295e-14)
(-12.1363 -13.5599 -1.96531e-14)
(-12.2064 -13.478 -1.94785e-14)
(-12.2735 -13.3932 -2.02035e-14)
(-12.3377 -13.3055 -1.87797e-14)
(-12.3987 -13.215 -1.69243e-14)
(-12.4566 -13.1217 -1.74729e-14)
(-12.5112 -13.0256 -1.61976e-14)
(-12.5625 -12.9266 -1.52771e-14)
(-12.6104 -12.825 -1.4887e-14)
(-12.6548 -12.7206 -1.42118e-14)
(-12.6956 -12.6134 -1.48968e-14)
(-12.7328 -12.5036 -1.33729e-14)
(-12.7662 -12.391 -1.36785e-14)
(-12.7957 -12.2757 -1.19165e-14)
(-12.8213 -12.1577 -1.18894e-14)
(-12.8428 -12.037 -1.12984e-14)
(-12.86 -11.9137 -1.23942e-14)
(-12.873 -11.7877 -1.22451e-14)
(-12.8816 -11.659 -1.23476e-14)
(-12.8856 -11.5277 -1.27298e-14)
(-12.8849 -11.3938 -1.32003e-14)
(-12.8794 -11.2573 -1.30512e-14)
(-12.869 -11.1182 -1.27536e-14)
(-12.8535 -10.9765 -1.24729e-14)
(-12.8328 -10.8324 -1.14692e-14)
(-12.8068 -10.6857 -1.16394e-14)
(-0.412412 -0.169868 -1.69317e-15)
)
;
    }
    inlet
    {
        type            calculated;
        value           uniform (0 0 0);
    }
    rWedge
    {
        type            wedge;
    }
    lWedge
    {
        type            wedge;
    }
    outlet
    {
        type            calculated;
        value           nonuniform 0();
    }
    procBoundary3to2
    {
        type            processor;
        value           uniform (0 0 0);
    }
}


// ************************************************************************* //
