/*--------------------------------*- C++ -*----------------------------------*\
| =========                 |                                                 |
| \\      /  F ield         | OpenFOAM: The Open Source CFD Toolbox           |
|  \\    /   O peration     | Version:  v1706                                 |
|   \\  /    A nd           | Web:      www.OpenFOAM.com                      |
|    \\/     M anipulation  |                                                 |
\*---------------------------------------------------------------------------*/
FoamFile
{
    version     2.0;
    format      ascii;
    class       volVectorField;
    location    "1.4e-05";
    object      wallShearStress;
}
// * * * * * * * * * * * * * * * * * * * * * * * * * * * * * * * * * * * * * //

dimensions      [1 -1 -2 0 0 0 0];


internalField   uniform (0 0 0);

boundaryField
{
    cone
    {
        type            calculated;
        value           nonuniform List<vector> 
147
(
(4.21205 -5.20275 -2.19525e-12)
(4.32868 -7.9211 -3.33755e-12)
(4.2493 -11.0324 -5.32979e-12)
(4.1284 -14.0468 -6.44285e-12)
(3.9459 -17.1749 -7.51842e-12)
(3.73343 -20.2258 -8.4398e-12)
(3.4726 -23.3342 -9.33846e-12)
(3.18169 -26.3929 -1.00015e-11)
(2.84721 -29.4768 -1.07257e-11)
(2.48077 -32.5296 -1.10264e-11)
(2.07406 -35.5886 -1.15069e-11)
(1.6338 -38.6267 -1.17083e-11)
(1.15554 -41.6604 -1.19251e-11)
(0.642882 -44.6777 -1.19619e-11)
(0.0937611 -47.6851 -1.19578e-11)
(-0.490013 -50.6773 -1.18847e-11)
(-1.1092 -53.6562 -1.17933e-11)
(-1.76285 -56.6195 -1.16345e-11)
(-2.45109 -59.5674 -1.1433e-11)
(-3.17333 -62.4985 -1.12144e-11)
(-3.92943 -65.4121 -1.09688e-11)
(-4.72427 -68.3051 -1.07116e-11)
(-5.54966 -71.179 -1.0348e-11)
(-6.4061 -74.0345 -1.00823e-11)
(-7.29481 -76.8694 -9.70071e-12)
(-8.21555 -79.6828 -9.40264e-12)
(-9.1679 -82.4739 -9.03901e-12)
(-10.1514 -85.2418 -8.73944e-12)
(-11.1657 -87.9857 -8.42e-12)
(-12.2103 -90.7048 -8.08317e-12)
(-13.2847 -93.3984 -7.79324e-12)
(-14.3885 -96.0657 -7.45729e-12)
(-15.5212 -98.7059 -7.12888e-12)
(-16.6822 -101.318 -6.87295e-12)
(-17.871 -103.902 -6.55625e-12)
(-19.0872 -106.457 -6.30324e-12)
(-20.3301 -108.981 -6.05336e-12)
(-21.5993 -111.475 -5.76111e-12)
(-22.8945 -113.936 -5.50329e-12)
(-24.2145 -116.365 -5.24167e-12)
(-25.5589 -118.763 -5.0186e-12)
(-26.9272 -121.128 -4.86388e-12)
(-28.3188 -123.458 -4.66442e-12)
(-29.7331 -125.755 -4.41877e-12)
(-31.1694 -128.016 -4.21531e-12)
(-32.6271 -130.242 -4.05258e-12)
(-34.1056 -132.432 -3.89829e-12)
(-35.6042 -134.585 -3.72776e-12)
(-37.1222 -136.7 -3.55256e-12)
(-38.6591 -138.778 -3.36375e-12)
(-40.2141 -140.818 -3.23967e-12)
(-41.7864 -142.82 -3.11222e-12)
(-43.3755 -144.782 -2.98309e-12)
(-44.9807 -146.704 -2.84851e-12)
(-46.6012 -148.587 -2.73078e-12)
(-48.2363 -150.429 -2.60924e-12)
(-49.8853 -152.23 -2.5107e-12)
(-51.547 -153.99 -2.3789e-12)
(-53.2215 -155.708 -2.30111e-12)
(-54.9078 -157.385 -2.19268e-12)
(-56.6051 -159.02 -2.09145e-12)
(-58.3128 -160.612 -2.02137e-12)
(-60.03 -162.162 -1.96505e-12)
(-61.7559 -163.668 -1.89804e-12)
(-63.4899 -165.131 -1.80253e-12)
(-65.2312 -166.551 -1.71147e-12)
(-66.9791 -167.927 -1.6536e-12)
(-68.7327 -169.259 -1.56551e-12)
(-70.4913 -170.547 -1.51533e-12)
(-72.2543 -171.79 -1.42498e-12)
(-74.0206 -172.989 -1.4129e-12)
(-75.79 -174.144 -1.37567e-12)
(-77.5614 -175.254 -1.34032e-12)
(-79.3339 -176.319 -1.24283e-12)
(-81.107 -177.339 -1.21677e-12)
(-82.8799 -178.315 -1.1519e-12)
(-84.6517 -179.245 -1.10497e-12)
(-86.422 -180.131 -1.05662e-12)
(-88.1899 -180.971 -1.02083e-12)
(-89.9545 -181.767 -9.72076e-13)
(-91.7151 -182.517 -9.32897e-13)
(-93.4712 -183.223 -9.10178e-13)
(-95.2219 -183.884 -8.70593e-13)
(-96.9662 -184.499 -8.46222e-13)
(-98.7042 -185.071 -7.89344e-13)
(-100.435 -185.598 -7.64956e-13)
(-102.156 -186.08 -7.398e-13)
(-103.869 -186.517 -7.21054e-13)
(-105.573 -186.911 -6.8546e-13)
(-107.266 -187.261 -6.77148e-13)
(-108.949 -187.567 -6.45601e-13)
(-110.619 -187.83 -6.17366e-13)
(-112.278 -188.049 -5.87068e-13)
(-113.924 -188.226 -5.62914e-13)
(-115.555 -188.359 -5.369e-13)
(-117.172 -188.45 -5.34196e-13)
(-118.775 -188.499 -5.04906e-13)
(-120.363 -188.506 -5.01501e-13)
(-121.933 -188.472 -4.81319e-13)
(-123.487 -188.396 -4.56791e-13)
(-125.024 -188.278 -4.43588e-13)
(-126.544 -188.121 -4.17281e-13)
(-128.045 -187.923 -4.35581e-13)
(-129.524 -187.686 -3.92486e-13)
(-130.984 -187.408 -3.71693e-13)
(-132.427 -187.091 -3.76909e-13)
(-133.849 -186.737 -3.65579e-13)
(-135.248 -186.345 -3.389e-13)
(-136.626 -185.914 -3.54598e-13)
(-137.982 -185.445 -3.38747e-13)
(-139.316 -184.941 -3.13953e-13)
(-140.627 -184.4 -3.06136e-13)
(-141.913 -183.823 -3.15114e-13)
(-143.175 -183.213 -2.95094e-13)
(-144.411 -182.569 -2.95262e-13)
(-145.625 -181.889 -2.70597e-13)
(-146.813 -181.175 -2.74171e-13)
(-147.965 -180.439 -2.43303e-13)
(-149.1 -179.665 -2.2659e-13)
(-150.212 -178.853 -2.31251e-13)
(-151.299 -178.009 -2.2087e-13)
(-152.357 -177.134 -2.13713e-13)
(-153.389 -176.228 -2.16449e-13)
(-154.392 -175.293 -2.00397e-13)
(-155.368 -174.328 -1.83025e-13)
(-156.315 -173.335 -1.9098e-13)
(-157.234 -172.315 -1.78789e-13)
(-158.124 -171.266 -1.66086e-13)
(-158.986 -170.192 -1.56009e-13)
(-159.818 -169.091 -1.43153e-13)
(-160.62 -167.964 -1.50688e-13)
(-161.393 -166.813 -1.31786e-13)
(-162.136 -165.638 -1.33071e-13)
(-162.849 -164.439 -1.1778e-13)
(-163.532 -163.217 -1.18927e-13)
(-164.185 -161.972 -1.07631e-13)
(-164.807 -160.706 -1.13144e-13)
(-165.398 -159.419 -1.03432e-13)
(-165.959 -158.111 -9.92601e-14)
(-166.489 -156.784 -9.66634e-14)
(-166.99 -155.437 -9.77666e-14)
(-167.461 -154.074 -9.4627e-14)
(-167.905 -152.697 -9.16623e-14)
(-168.32 -151.306 -8.88573e-14)
(-168.701 -149.898 -7.82884e-14)
(-169.048 -148.47 -7.98269e-14)
(3.74994 -2.69475 -7.67334e-13)
)
;
    }
    inlet
    {
        type            calculated;
        value           uniform (0 0 0);
    }
    rWedge
    {
        type            wedge;
    }
    lWedge
    {
        type            wedge;
    }
    outlet
    {
        type            calculated;
        value           nonuniform 0();
    }
    procBoundary3to2
    {
        type            processor;
        value           uniform (0 0 0);
    }
}


// ************************************************************************* //
