/*--------------------------------*- C++ -*----------------------------------*\
| =========                 |                                                 |
| \\      /  F ield         | OpenFOAM: The Open Source CFD Toolbox           |
|  \\    /   O peration     | Version:  v1706                                 |
|   \\  /    A nd           | Web:      www.OpenFOAM.com                      |
|    \\/     M anipulation  |                                                 |
\*---------------------------------------------------------------------------*/
FoamFile
{
    version     2.0;
    format      ascii;
    class       volVectorField;
    location    "2e-05";
    object      wallShearStress;
}
// * * * * * * * * * * * * * * * * * * * * * * * * * * * * * * * * * * * * * //

dimensions      [1 -1 -2 0 0 0 0];


internalField   uniform (0 0 0);

boundaryField
{
    cone
    {
        type            calculated;
        value           nonuniform List<vector> 
181
(
(-53.1281 -25.9772 9.43478e-15)
(-52.5907 -25.7051 9.87758e-15)
(-52.0626 -25.4375 1.08262e-14)
(-51.5436 -25.1742 7.12428e-15)
(-51.0336 -24.9152 9.34982e-15)
(-50.5326 -24.6605 8.33061e-15)
(-50.0403 -24.41 7.5321e-15)
(-49.5567 -24.1637 4.33568e-15)
(-49.0816 -23.9216 2.65533e-15)
(-48.615 -23.6836 5.10554e-15)
(-48.1568 -23.4497 2.75175e-15)
(-47.7067 -23.2198 3.80359e-15)
(-47.2647 -22.9939 1.19269e-15)
(-46.8307 -22.772 1.03591e-15)
(-46.4046 -22.554 5.69697e-16)
(-45.9863 -22.3399 9.99608e-16)
(-45.5758 -22.1296 -7.18513e-16)
(-45.1728 -21.9231 -1.10768e-15)
(-44.7774 -21.7203 -3.59156e-15)
(-44.3894 -21.521 1.90429e-15)
(-44.0087 -21.3252 2.40525e-15)
(-43.6351 -21.1327 1.35487e-15)
(-43.2682 -20.9435 3.56596e-16)
(-42.9077 -20.7576 9.04817e-16)
(-42.5533 -20.5749 -7.37599e-16)
(-42.2045 -20.3958 -4.68312e-16)
(-41.8611 -20.2204 -2.92166e-15)
(-41.5228 -20.0491 -4.08253e-15)
(-41.1898 -19.8823 -7.09608e-15)
(-40.8624 -19.7205 -1.00042e-14)
(-40.5413 -19.5637 -7.87141e-15)
(-40.2276 -19.4122 -4.1029e-15)
(-39.9226 -19.2655 -7.1882e-15)
(-39.6276 -19.123 -1.07072e-14)
(-39.3438 -18.9835 -1.7524e-15)
(-39.0722 -18.8454 -5.88917e-15)
(-38.8128 -18.7068 3.10469e-16)
(-38.5649 -18.5656 -5.31267e-15)
(-38.3265 -18.4201 -8.39458e-15)
(-38.0947 -18.2688 -1.39515e-14)
(-37.8654 -18.1108 -6.8488e-15)
(-37.634 -17.9465 -6.64464e-15)
(-37.3954 -17.7769 -6.05267e-15)
(-37.145 -17.6044 -1.50417e-14)
(-36.8786 -17.4323 -1.76468e-14)
(-36.5937 -17.265 -1.23455e-14)
(-36.2893 -17.1071 -1.44344e-14)
(-35.9667 -16.9631 -8.146e-15)
(-35.6291 -16.837 -1.4543e-14)
(-35.2811 -16.7326 -1.0205e-14)
(-34.9289 -16.6527 -7.14291e-15)
(-34.5799 -16.5997 -8.4763e-15)
(-34.2417 -16.5746 -1.3075e-14)
(-33.924 -16.5769 -1.40896e-14)
(-33.6388 -16.6012 -1.91463e-14)
(-33.398 -16.6378 -1.9279e-14)
(-33.2071 -16.68 -1.19887e-14)
(-33.065 -16.7255 -1.23302e-14)
(-32.9678 -16.7745 -1.22316e-14)
(-32.9181 -16.8241 -1.36072e-14)
(-32.929 -16.8566 -1.58258e-14)
(-33.0002 -16.8675 -1.54343e-14)
(-33.1254 -16.8483 -1.53267e-14)
(-33.3006 -16.792 -1.41408e-14)
(-33.5193 -16.6896 -1.75659e-14)
(-33.7721 -16.533 -1.3936e-14)
(-34.0447 -16.3164 -1.50566e-14)
(-34.32 -16.0435 -2.19116e-14)
(-34.5636 -15.6873 -1.37074e-14)
(-34.8087 -15.2575 -1.54622e-14)
(-34.9926 -14.7505 -2.0468e-14)
(-35.0768 -14.1673 -1.73363e-14)
(-35.0451 -13.5195 -1.82668e-14)
(-34.8705 -12.8228 -1.60039e-14)
(-34.528 -12.0989 -1.57448e-14)
(-33.9981 -11.3762 -1.32282e-14)
(-33.27 -10.6883 -1.43316e-14)
(-32.3435 -10.0716 -1.38881e-14)
(-31.2304 -9.56098 -9.77165e-15)
(-29.9556 -9.18579 -1.90688e-14)
(-28.5549 -8.96642 -2.09681e-14)
(-27.0715 -8.91305 -1.60522e-14)
(-25.5517 -9.0264 -1.8695e-14)
(-24.04 -9.30076 -1.91828e-14)
(-22.5737 -9.7297 -1.81462e-14)
(-21.2169 -10.3142 -1.61921e-14)
(-19.965 -10.9921 -1.37506e-14)
(-18.8534 -11.764 -1.69971e-14)
(-17.9371 -12.6408 -1.79439e-14)
(-17.2179 -13.5843 -1.49989e-14)
(-16.7182 -14.5786 -1.95946e-14)
(-16.4628 -15.592 -1.89835e-14)
(-16.4739 -16.6156 -2.28715e-14)
(-16.7678 -17.6203 -2.164e-14)
(-17.3559 -18.5822 -2.33984e-14)
(-18.2439 -19.478 -2.38122e-14)
(-19.4301 -20.2842 -2.29082e-14)
(-20.9034 -20.9772 -2.67425e-14)
(-22.6417 -21.5341 -2.27751e-14)
(-24.6101 -21.9333 -2.1335e-14)
(-26.7604 -22.1566 -2.6043e-14)
(-29.0321 -22.19 -2.86347e-14)
(-31.3548 -22.0251 -2.55541e-14)
(-33.6524 -21.6607 -2.94789e-14)
(-35.8504 -21.1022 -2.32806e-14)
(-37.8825 -20.358 -2.98716e-14)
(-39.7166 -19.3881 -2.0811e-14)
(-41.2367 -18.2125 -2.40023e-14)
(-42.5705 -16.9064 -2.30126e-14)
(-43.5545 -15.3265 -2.48969e-14)
(-44.2219 -13.5396 -2.329e-14)
(-44.5571 -11.5353 -2.42053e-14)
(-44.5315 -9.33108 -1.99622e-14)
(-44.1334 -6.97135 -1.45084e-14)
(-43.3431 -4.51553 -1.34283e-14)
(-42.1558 -2.05045 -1.17786e-14)
(-40.5771 0.320192 -1.88718e-14)
(-38.6288 2.48337 -9.16806e-15)
(-36.351 4.32979 -1.99499e-14)
(-33.8022 5.76956 -1.75006e-14)
(-31.0557 6.74538 -1.70126e-14)
(-28.1945 7.24063 -1.79039e-14)
(-25.3031 7.27861 -1.36489e-14)
(-22.4602 6.91521 -1.50233e-14)
(-19.7323 6.22672 -1.19762e-14)
(-17.1702 5.29695 -1.73009e-14)
(-14.8077 4.20587 -7.89712e-15)
(-12.6625 3.02216 -1.50337e-14)
(-10.7387 1.79868 -9.26798e-15)
(-9.02861 0.570842 -1.7711e-14)
(-7.51605 -0.643443 -1.67341e-14)
(-6.20259 -1.83981 -1.21194e-14)
(-5.05748 -2.97235 -8.63932e-15)
(-4.06115 -4.04574 -1.30848e-14)
(-3.22822 -5.08401 -1.23676e-14)
(-2.53007 -6.06924 -1.23464e-14)
(-1.95881 -7.00557 -1.50353e-14)
(-1.50677 -7.8967 -1.56565e-14)
(-1.16937 -8.74244 -1.73511e-14)
(-0.940479 -9.54666 -1.09443e-14)
(-0.818603 -10.312 -7.28846e-15)
(-0.800912 -11.038 -1.58457e-14)
(-0.886522 -11.7247 -1.86222e-14)
(-1.07497 -12.3711 -1.92938e-14)
(-1.36605 -12.9759 -1.44749e-14)
(-1.75955 -13.5367 -1.40959e-14)
(-2.2548 -14.0508 -1.3394e-14)
(-2.85036 -14.5152 -1.54877e-14)
(-3.54352 -14.9266 -2.41878e-14)
(-4.32996 -15.2822 -2.06344e-14)
(-5.20342 -15.5799 -1.8981e-14)
(-6.15561 -15.8185 -1.56285e-14)
(-7.17621 -15.998 -1.28451e-14)
(-8.2532 -16.1195 -2.07608e-14)
(-9.3734 -16.1854 -1.88188e-14)
(-10.5231 -16.1986 -1.70992e-14)
(-11.6887 -16.1625 -1.99705e-14)
(-12.8573 -16.0801 -2.64018e-14)
(-14.0171 -15.9543 -2.887e-14)
(-15.1574 -15.7871 -2.55926e-14)
(-16.269 -15.5803 -2.64418e-14)
(-17.3436 -15.3345 -2.16817e-14)
(-18.3744 -15.0498 -3.0391e-14)
(-19.3557 -14.725 -3.38307e-14)
(-20.2825 -14.3581 -1.33215e-14)
(-21.1505 -13.9466 -7.32487e-15)
(-21.9551 -13.4887 -2.54857e-14)
(-22.693 -12.9812 -1.8787e-14)
(-23.3699 -12.404 -2.79565e-14)
(-23.9493 -11.7581 -2.28184e-14)
(-24.4827 -11.073 -2.24882e-14)
(-24.9162 -10.3031 -5.36253e-14)
(-25.2592 -9.46338 -1.55466e-13)
(-25.5077 -8.55603 -4.30284e-13)
(-25.6535 -7.58345 -1.1216e-12)
(-25.689 -6.55252 -2.67485e-12)
(-25.6089 -5.47566 -5.75483e-12)
(-25.4058 -4.36833 -1.11192e-11)
(-25.0751 -3.25202 -1.93906e-11)
(-24.6133 -2.1523 -3.07576e-11)
(-24.0197 -1.09828 -4.46354e-11)
)
;
    }
    inlet
    {
        type            calculated;
        value           uniform (0 0 0);
    }
    rWedge
    {
        type            wedge;
    }
    lWedge
    {
        type            wedge;
    }
    outlet
    {
        type            calculated;
        value           nonuniform 0();
    }
    procBoundary1to0
    {
        type            processor;
        value           uniform (0 0 0);
    }
    procBoundary1to2
    {
        type            processor;
        value           uniform (0 0 0);
    }
}


// ************************************************************************* //
