/*--------------------------------*- C++ -*----------------------------------*\
| =========                 |                                                 |
| \\      /  F ield         | OpenFOAM: The Open Source CFD Toolbox           |
|  \\    /   O peration     | Version:  v1706                                 |
|   \\  /    A nd           | Web:      www.OpenFOAM.com                      |
|    \\/     M anipulation  |                                                 |
\*---------------------------------------------------------------------------*/
FoamFile
{
    version     2.0;
    format      ascii;
    class       volVectorField;
    location    "3.6e-05";
    object      wallShearStress;
}
// * * * * * * * * * * * * * * * * * * * * * * * * * * * * * * * * * * * * * //

dimensions      [1 -1 -2 0 0 0 0];


internalField   uniform (0 0 0);

boundaryField
{
    cone
    {
        type            calculated;
        value           nonuniform List<vector> 
153
(
(-71.659 -61.4548 -9.14288e-14)
(-71.8688 -60.9223 -8.6152e-14)
(-72.0681 -60.3841 -8.46537e-14)
(-72.2567 -59.8403 -8.58293e-14)
(-72.4344 -59.2907 -8.05559e-14)
(-72.6011 -58.7354 -7.76401e-14)
(-72.7568 -58.1747 -7.95675e-14)
(-72.9015 -57.6088 -7.54616e-14)
(-73.0351 -57.0379 -7.38917e-14)
(-73.1577 -56.4622 -7.2137e-14)
(-73.2692 -55.882 -7.17012e-14)
(-73.3696 -55.2973 -6.99444e-14)
(-73.459 -54.7085 -7.07116e-14)
(-73.5374 -54.1158 -6.70182e-14)
(-73.6046 -53.5193 -6.37349e-14)
(-73.6608 -52.9193 -6.23572e-14)
(-73.7058 -52.3159 -6.39574e-14)
(-73.7397 -51.7093 -5.88881e-14)
(-73.7625 -51.0997 -5.8337e-14)
(-73.774 -50.4873 -5.83883e-14)
(-73.774 -49.8722 -5.63018e-14)
(-73.7625 -49.2547 -5.48293e-14)
(-73.7394 -48.6349 -5.08422e-14)
(-73.7044 -48.0129 -4.97187e-14)
(-73.6573 -47.3888 -4.92093e-14)
(-73.5979 -46.7627 -4.67808e-14)
(-73.5257 -46.1348 -4.93739e-14)
(-73.4403 -45.505 -4.85468e-14)
(-73.3412 -44.8735 -4.50381e-14)
(-73.2277 -44.2402 -4.44673e-14)
(-73.099 -43.6052 -4.59877e-14)
(-72.9541 -42.9684 -4.32151e-14)
(-72.7919 -42.3298 -4.40486e-14)
(-72.6109 -41.6893 -3.95533e-14)
(-72.4094 -41.0466 -3.90858e-14)
(-72.1854 -40.4017 -3.87672e-14)
(-71.9364 -39.7542 -3.82614e-14)
(-71.6595 -39.1038 -3.87207e-14)
(-71.3512 -38.4502 -3.91149e-14)
(-71.0075 -37.7928 -3.71245e-14)
(-70.6233 -37.1313 -3.52552e-14)
(-70.1925 -36.4646 -3.58033e-14)
(-69.7082 -35.7923 -3.33812e-14)
(-69.1609 -35.1152 -3.21732e-14)
(-68.5377 -34.431 -3.18233e-14)
(-67.821 -33.7397 -3.08563e-14)
(-66.9943 -33.0452 -3.05324e-14)
(-65.9908 -32.4075 -2.89157e-14)
(-64.9071 -31.6462 -2.78326e-14)
(-63.8911 -30.893 -2.63375e-14)
(-62.9536 -30.3139 -2.80543e-14)
(-62.0999 -29.8223 -2.80118e-14)
(-61.312 -29.3824 -2.68687e-14)
(-60.5767 -28.9815 -2.62643e-14)
(-59.8846 -28.6117 -2.56018e-14)
(-59.2292 -28.2673 -2.49742e-14)
(-58.6055 -27.944 -2.58085e-14)
(-58.0093 -27.6386 -2.53248e-14)
(-57.4373 -27.3488 -2.40267e-14)
(-56.8869 -27.0724 -2.49327e-14)
(-56.3555 -26.808 -2.29629e-14)
(-55.8414 -26.5541 -2.24799e-14)
(-55.3426 -26.3097 -2.27722e-14)
(-54.8578 -26.0737 -2.27584e-14)
(-54.3856 -25.8454 -2.28995e-14)
(-53.9249 -25.6239 -2.09833e-14)
(-53.4745 -25.4088 -2.01336e-14)
(-53.0336 -25.1993 -1.97194e-14)
(-52.6012 -24.995 -2.08847e-14)
(-52.1767 -24.7954 -2.06663e-14)
(-51.7593 -24.6001 -1.85903e-14)
(-51.3484 -24.4088 -1.79906e-14)
(-50.9433 -24.2211 -1.70604e-14)
(-50.5437 -24.0365 -1.66405e-14)
(-50.1493 -23.8547 -1.78616e-14)
(-49.7595 -23.6759 -1.78978e-14)
(-49.3736 -23.4998 -1.71618e-14)
(-48.9912 -23.3258 -1.65256e-14)
(-48.6121 -23.1538 -1.75911e-14)
(-48.2358 -22.9838 -1.79411e-14)
(-47.8619 -22.8164 -1.66399e-14)
(-47.4905 -22.6505 -1.64344e-14)
(-47.1222 -22.4847 -1.53845e-14)
(-46.7552 -22.3188 -1.47452e-14)
(-46.3898 -22.1558 -1.63614e-14)
(-46.0259 -21.9938 -1.49274e-14)
(-45.6633 -21.8326 -1.41902e-14)
(-45.3019 -21.6721 -1.49534e-14)
(-44.9415 -21.5122 -1.52919e-14)
(-44.5819 -21.3529 -1.44637e-14)
(-44.2231 -21.194 -1.47215e-14)
(-43.8649 -21.0355 -1.28743e-14)
(-43.5072 -20.8773 -1.15964e-14)
(-43.1499 -20.7194 -1.26155e-14)
(-42.793 -20.5617 -1.17263e-14)
(-42.4365 -20.4041 -1.22501e-14)
(-42.0801 -20.2466 -1.34223e-14)
(-41.724 -20.0892 -1.25564e-14)
(-41.3681 -19.9317 -1.18689e-14)
(-41.0123 -19.7743 -8.4478e-15)
(-40.6567 -19.6168 -1.04893e-14)
(-40.3012 -19.4593 -8.57702e-15)
(-39.9459 -19.3016 -9.60347e-15)
(-39.5907 -19.1439 -1.14611e-14)
(-39.2356 -18.986 -9.042e-15)
(-38.8807 -18.828 -1.01027e-14)
(-38.526 -18.6699 -1.07922e-14)
(-38.1716 -18.5117 -1.22879e-14)
(-37.8174 -18.3533 -9.17994e-15)
(-37.4636 -18.1948 -9.03561e-15)
(-37.11 -18.0362 -7.75534e-15)
(-36.7569 -17.8775 -1.06596e-14)
(-36.4043 -17.7188 -6.72408e-15)
(-36.0521 -17.5599 -6.98482e-15)
(-35.7006 -17.401 -7.08399e-15)
(-35.3496 -17.2421 -6.69493e-15)
(-34.9994 -17.0832 -7.78002e-15)
(-34.6499 -16.9243 -7.69053e-15)
(-34.3013 -16.7655 -6.45113e-15)
(-33.9536 -16.6067 -7.05253e-15)
(-33.6068 -16.4481 -7.41072e-15)
(-33.2611 -16.2896 -5.85817e-15)
(-32.9165 -16.1312 -7.77753e-15)
(-32.5732 -15.9731 -8.80847e-15)
(-32.2311 -15.8152 -6.72773e-15)
(-31.8903 -15.6576 -6.11221e-15)
(-31.551 -15.5003 -7.52175e-15)
(-31.2132 -15.3434 -5.45195e-15)
(-30.8771 -15.1868 -5.77026e-15)
(-30.5426 -15.0307 -6.20814e-15)
(-30.2098 -14.8751 -5.74722e-15)
(-29.8789 -14.72 -5.24744e-15)
(-29.5499 -14.5654 -2.98405e-15)
(-29.2229 -14.4115 -3.49275e-15)
(-28.898 -14.2582 -2.39272e-15)
(-28.5752 -14.1055 -8.67588e-16)
(-28.2547 -13.9536 -3.19649e-15)
(-27.9364 -13.8025 -1.80175e-15)
(-27.6205 -13.6522 -2.54106e-15)
(-27.307 -13.5027 -4.42678e-15)
(-26.9961 -13.3541 -6.25702e-15)
(-26.6876 -13.2064 -5.73233e-15)
(-26.3818 -13.0596 -3.41888e-15)
(-26.0786 -12.9139 -1.51161e-15)
(-25.7781 -12.7691 -2.25601e-15)
(-25.4804 -12.6255 -4.341e-15)
(-25.1855 -12.4829 -2.75069e-15)
(-24.8934 -12.3414 -1.95472e-15)
(-24.6043 -12.2011 -3.12178e-15)
(-24.318 -12.0619 -4.205e-15)
(-24.0347 -11.9239 -2.85144e-15)
(-23.7548 -11.787 -3.68777e-15)
(-23.4779 -11.6519 -6.65104e-16)
)
;
    }
    inlet
    {
        type            calculated;
        value           uniform (0 0 0);
    }
    rWedge
    {
        type            wedge;
    }
    lWedge
    {
        type            wedge;
    }
    outlet
    {
        type            calculated;
        value           nonuniform 0();
    }
    procBoundary2to0
    {
        type            processor;
        value           uniform (0 0 0);
    }
    procBoundary2to1
    {
        type            processor;
        value           uniform (0 0 0);
    }
    procBoundary2to3
    {
        type            processor;
        value           uniform (0 0 0);
    }
}


// ************************************************************************* //
