/*--------------------------------*- C++ -*----------------------------------*\
| =========                 |                                                 |
| \\      /  F ield         | OpenFOAM: The Open Source CFD Toolbox           |
|  \\    /   O peration     | Version:  v1706                                 |
|   \\  /    A nd           | Web:      www.OpenFOAM.com                      |
|    \\/     M anipulation  |                                                 |
\*---------------------------------------------------------------------------*/
FoamFile
{
    version     2.0;
    format      ascii;
    class       volVectorField;
    location    "1.9e-05";
    object      wallShearStress;
}
// * * * * * * * * * * * * * * * * * * * * * * * * * * * * * * * * * * * * * //

dimensions      [1 -1 -2 0 0 0 0];


internalField   uniform (0 0 0);

boundaryField
{
    cone
    {
        type            calculated;
        value           nonuniform List<vector> 
153
(
(-181.626 -156.96 -5.88418e-14)
(-182.044 -155.478 -4.72869e-14)
(-182.434 -153.984 -4.72166e-14)
(-182.797 -152.48 -5.30868e-14)
(-183.13 -150.962 -4.3937e-14)
(-183.434 -149.432 -3.76858e-14)
(-183.708 -147.89 -4.76838e-14)
(-183.953 -146.335 -3.74562e-14)
(-184.167 -144.77 -3.51121e-14)
(-184.352 -143.195 -3.35849e-14)
(-184.507 -141.609 -3.47277e-14)
(-184.632 -140.014 -3.13024e-14)
(-184.729 -138.411 -3.65112e-14)
(-184.795 -136.799 -3.12047e-14)
(-184.833 -135.18 -2.41177e-14)
(-184.842 -133.554 -2.37866e-14)
(-184.822 -131.922 -2.87483e-14)
(-184.773 -130.284 -1.95122e-14)
(-184.696 -128.641 -1.97627e-14)
(-184.59 -126.994 -2.13925e-14)
(-184.456 -125.342 -1.70522e-14)
(-184.294 -123.687 -1.69179e-14)
(-184.103 -122.029 -8.08486e-15)
(-183.884 -120.368 -6.85148e-15)
(-183.637 -118.705 -7.1584e-15)
(-183.362 -117.04 -2.70376e-15)
(-183.058 -115.374 -1.01308e-14)
(-182.725 -113.706 -9.71286e-15)
(-182.362 -112.038 -2.66869e-15)
(-181.969 -110.369 -2.23272e-15)
(-181.545 -108.701 -8.24892e-15)
(-181.089 -107.031 -1.63706e-15)
(-180.599 -105.362 -5.40917e-15)
(-180.073 -103.692 4.25338e-15)
(-179.509 -102.021 3.01327e-15)
(-178.903 -100.349 1.12591e-15)
(-178.251 -98.6755 2.19761e-15)
(-177.548 -96.9989 -5.88718e-16)
(-176.787 -95.3182 -1.37771e-15)
(-175.959 -93.6315 1.74251e-15)
(-175.054 -91.9356 5.66803e-15)
(-174.058 -90.2268 2.98674e-15)
(-172.949 -88.5061 8.47553e-15)
(-171.705 -86.7715 7.21185e-15)
(-170.287 -85.0124 6.58533e-15)
(-168.634 -83.2283 7.83904e-15)
(-166.692 -81.4055 5.76386e-15)
(-164.245 -79.5982 8.909e-15)
(-161.309 -77.6182 9.51128e-15)
(-158.53 -75.9433 1.15859e-14)
(-156.067 -74.6166 7.96408e-15)
(-153.831 -73.4616 6.85231e-15)
(-151.76 -72.416 8.05755e-15)
(-149.816 -71.4519 7.52524e-15)
(-147.974 -70.5487 8.37812e-15)
(-146.22 -69.6989 8.89079e-15)
(-144.534 -68.8937 6.32812e-15)
(-142.905 -68.1261 6.50822e-15)
(-141.325 -67.3906 9.1726e-15)
(-139.794 -66.6742 5.90333e-15)
(-138.3 -65.9741 8.16785e-15)
(-136.838 -65.3003 9.87131e-15)
(-135.407 -64.6443 7.50117e-15)
(-134.003 -64.0025 7.59519e-15)
(-132.622 -63.3734 5.36055e-15)
(-131.261 -62.7558 8.8109e-15)
(-129.919 -62.1483 1.04797e-14)
(-128.594 -61.5498 1.30374e-14)
(-127.283 -60.9593 8.75964e-15)
(-125.986 -60.3758 7.12396e-15)
(-124.701 -59.7986 1.18698e-14)
(-123.427 -59.227 1.22568e-14)
(-122.163 -58.6604 1.37267e-14)
(-120.908 -58.0981 1.48643e-14)
(-119.662 -57.5398 1.29108e-14)
(-118.424 -56.9851 1.16826e-14)
(-117.194 -56.4336 1.03529e-14)
(-115.97 -55.8849 1.1914e-14)
(-114.753 -55.3389 1.13841e-14)
(-113.543 -54.7954 9.3533e-15)
(-112.339 -54.254 1.06022e-14)
(-111.141 -53.7148 1.09377e-14)
(-109.95 -53.1775 1.15613e-14)
(-108.764 -52.6422 1.36031e-14)
(-107.584 -52.1087 9.99611e-15)
(-106.411 -51.577 1.13795e-14)
(-105.244 -51.0472 1.37493e-14)
(-104.083 -50.5191 1.30075e-14)
(-102.929 -49.993 1.11507e-14)
(-101.781 -49.4688 1.26666e-14)
(-100.64 -48.9465 1.06067e-14)
(-99.5066 -48.4263 1.27435e-14)
(-98.38 -47.9083 1.66262e-14)
(-97.2608 -47.3925 1.43466e-14)
(-96.1494 -46.879 1.5287e-14)
(-95.0459 -46.368 1.29296e-14)
(-93.9505 -45.8597 9.49967e-15)
(-92.8635 -45.354 1.25817e-14)
(-91.7851 -44.8511 1.44437e-14)
(-90.7156 -44.3513 2.15048e-14)
(-89.6552 -43.8545 1.47565e-14)
(-88.6041 -43.361 2.06257e-14)
(-87.5625 -42.8709 1.578e-14)
(-86.5307 -42.3842 1.19614e-14)
(-85.5088 -41.9012 1.78783e-14)
(-84.4971 -41.4219 1.2872e-14)
(-83.4957 -40.9464 1.00588e-14)
(-82.5048 -40.475 8.72535e-15)
(-81.5246 -40.0076 1.59448e-14)
(-80.5553 -39.5445 1.48695e-14)
(-79.5969 -39.0857 1.7144e-14)
(-78.6496 -38.6312 1.00637e-14)
(-77.7135 -38.1812 1.95683e-14)
(-76.7889 -37.7359 1.84359e-14)
(-75.8756 -37.2951 1.82372e-14)
(-74.9739 -36.8591 1.77937e-14)
(-74.0838 -36.4279 1.46384e-14)
(-73.2054 -36.0015 1.49831e-14)
(-72.3388 -35.58 1.71133e-14)
(-71.4839 -35.1635 1.41115e-14)
(-70.6409 -34.7519 1.30826e-14)
(-69.8098 -34.3454 1.73688e-14)
(-68.9906 -33.9439 1.26865e-14)
(-68.1832 -33.5475 1.0095e-14)
(-67.3877 -33.1563 1.47642e-14)
(-66.6041 -32.7701 1.56943e-14)
(-65.8324 -32.3891 9.78873e-15)
(-65.0724 -32.0133 1.32218e-14)
(-64.3243 -31.6426 1.1474e-14)
(-63.5879 -31.2771 9.11565e-15)
(-62.8632 -30.9167 9.82813e-15)
(-62.1501 -30.5615 1.03452e-14)
(-61.4485 -30.2114 1.4729e-14)
(-60.7584 -29.8665 1.16266e-14)
(-60.0797 -29.5267 1.46672e-14)
(-59.4122 -29.192 1.85981e-14)
(-58.756 -28.8624 1.15002e-14)
(-58.1108 -28.5379 1.43472e-14)
(-57.4767 -28.2184 1.32968e-14)
(-56.8533 -27.9039 8.53696e-15)
(-56.2407 -27.5945 4.08849e-15)
(-55.6388 -27.2899 3.71731e-15)
(-55.0473 -26.9903 6.75177e-15)
(-54.4662 -26.6956 9.88771e-15)
(-53.8953 -26.4057 8.20597e-15)
(-53.3345 -26.1206 3.6185e-15)
(-52.7837 -25.8403 7.34857e-15)
(-52.2428 -25.5648 8.82609e-15)
(-51.7115 -25.2939 5.25852e-15)
(-51.1898 -25.0276 1.7741e-15)
(-50.6775 -24.7659 3.11536e-15)
(-50.1746 -24.5088 -3.00344e-17)
(-49.6809 -24.2562 7.1852e-15)
)
;
    }
    inlet
    {
        type            calculated;
        value           uniform (0 0 0);
    }
    rWedge
    {
        type            wedge;
    }
    lWedge
    {
        type            wedge;
    }
    outlet
    {
        type            calculated;
        value           nonuniform 0();
    }
    procBoundary2to0
    {
        type            processor;
        value           uniform (0 0 0);
    }
    procBoundary2to1
    {
        type            processor;
        value           uniform (0 0 0);
    }
    procBoundary2to3
    {
        type            processor;
        value           uniform (0 0 0);
    }
}


// ************************************************************************* //
