/*--------------------------------*- C++ -*----------------------------------*\
| =========                 |                                                 |
| \\      /  F ield         | OpenFOAM: The Open Source CFD Toolbox           |
|  \\    /   O peration     | Version:  v1706                                 |
|   \\  /    A nd           | Web:      www.OpenFOAM.com                      |
|    \\/     M anipulation  |                                                 |
\*---------------------------------------------------------------------------*/
FoamFile
{
    version     2.0;
    format      ascii;
    class       volVectorField;
    location    "3.7e-05";
    object      wallShearStress;
}
// * * * * * * * * * * * * * * * * * * * * * * * * * * * * * * * * * * * * * //

dimensions      [1 -1 -2 0 0 0 0];


internalField   uniform (0 0 0);

boundaryField
{
    cone
    {
        type            calculated;
        value           nonuniform List<vector> 
119
(
(1.43149 -2.8992 -8.02913e-12)
(1.35569 -3.08238 -9.81895e-12)
(1.23773 -3.24176 -1.16853e-11)
(1.08068 -3.37724 -1.35321e-11)
(0.88817 -3.48906 -1.5245e-11)
(0.6645 -3.57786 -1.66923e-11)
(0.414546 -3.64473 -1.77684e-11)
(0.143697 -3.69123 -1.83796e-11)
(-0.14234 -3.71939 -1.84798e-11)
(-0.43778 -3.73154 -1.80652e-11)
(-0.737038 -3.73022 -1.71813e-11)
(-1.035 -3.71791 -1.59136e-11)
(-1.32725 -3.69696 -1.43643e-11)
(-1.61018 -3.66929 -1.26527e-11)
(-1.88109 -3.63648 -1.08844e-11)
(-2.1381 -3.59958 -9.15288e-12)
(-2.38017 -3.55921 -7.51369e-12)
(-2.60694 -3.51545 -6.03027e-12)
(-2.8186 -3.46796 -4.72152e-12)
(-3.01579 -3.41599 -3.60259e-12)
(-3.19933 -3.35853 -2.66378e-12)
(-3.37011 -3.29445 -1.88903e-12)
(-3.52893 -3.22262 -1.26996e-12)
(-3.67637 -3.14209 -7.7408e-13)
(-3.81279 -3.0522 -3.9553e-13)
(-3.93836 -2.95255 -1.12541e-13)
(-4.05333 -2.84282 9.65355e-14)
(-4.158 -2.72251 2.45124e-13)
(-4.25184 -2.58847 3.52548e-13)
(-4.3331 -2.44683 4.2642e-13)
(-4.40692 -2.29974 4.70975e-13)
(-4.46527 -2.14249 4.94427e-13)
(-4.51221 -1.97895 5.15586e-13)
(-4.54718 -1.81088 5.15845e-13)
(-4.57002 -1.63973 5.18858e-13)
(-4.58065 -1.46721 5.14063e-13)
(-4.57949 -1.29508 5.09756e-13)
(-4.56649 -1.12504 4.97244e-13)
(-4.54198 -0.958752 4.8845e-13)
(-4.50628 -0.797957 4.77814e-13)
(-4.45962 -0.644328 4.61289e-13)
(-4.40225 -0.499539 4.53689e-13)
(-4.33437 -0.365264 4.40564e-13)
(-4.2562 -0.243147 4.253e-13)
(-4.16803 -0.13477 4.13979e-13)
(-4.0703 -0.0415156 3.97045e-13)
(-3.96378 0.0355482 3.89718e-13)
(-3.84952 0.095831 3.82251e-13)
(-3.72894 0.13932 3.60225e-13)
(-3.60374 0.166569 3.45716e-13)
(-3.47586 0.178623 3.29014e-13)
(-3.34722 0.176899 3.11086e-13)
(-3.21964 0.163038 2.95364e-13)
(-3.09472 0.138769 2.79648e-13)
(-2.97389 0.105874 2.57965e-13)
(-2.85841 0.0661755 2.4733e-13)
(-2.74943 0.0215926 2.32406e-13)
(-2.64798 -0.0258228 2.11849e-13)
(-2.55498 -0.0738456 1.94911e-13)
(-2.47116 -0.120107 1.81344e-13)
(-2.39703 -0.162141 1.68139e-13)
(-2.33285 -0.197467 1.55493e-13)
(-2.27846 -0.223689 1.42426e-13)
(-2.2333 -0.238616 1.28166e-13)
(-2.19628 -0.240461 1.16431e-13)
(-2.16572 -0.228008 1.03053e-13)
(-2.13953 -0.2006 9.39025e-14)
(-2.11528 -0.158123 8.22768e-14)
(-2.09025 -0.101147 7.32747e-14)
(-2.06149 -0.0310432 6.48954e-14)
(-2.02588 0.0499818 5.83e-14)
(-1.98028 0.138898 5.05579e-14)
(-1.92167 0.231953 4.34455e-14)
(-1.84732 0.324809 4.05504e-14)
(-1.75494 0.41277 3.41567e-14)
(-1.64295 0.491051 3.1293e-14)
(-1.51072 0.555106 2.68696e-14)
(-1.35875 0.600945 2.16066e-14)
(-1.18893 0.625459 2.06323e-14)
(-1.00458 0.626696 1.41529e-14)
(-0.810331 0.60407 1.53714e-14)
(-0.611805 0.557997 1.30717e-14)
(-0.41245 0.485895 9.1656e-15)
(-0.228727 0.394637 8.26258e-15)
(-0.0479694 0.295419 7.40126e-15)
(0.106318 0.180789 9.51738e-15)
(0.234147 0.0607976 6.48424e-15)
(0.333939 -0.0612231 1.4433e-15)
(0.40409 -0.183639 2.47649e-15)
(0.441516 -0.300299 1.67295e-15)
(0.446379 -0.408413 1.05205e-15)
(0.415958 -0.503525 2.27213e-16)
(0.350118 -0.581625 -3.02885e-15)
(0.250604 -0.639004 -6.15731e-16)
(0.120057 -0.67278 -1.33605e-15)
(-0.0378419 -0.680775 -3.35247e-15)
(-0.218393 -0.662009 -7.43747e-15)
(-0.415851 -0.617161 5.97431e-16)
(-0.623561 -0.548745 -8.55023e-16)
(-0.834161 -0.461184 4.14942e-15)
(-1.03953 -0.361461 2.8821e-15)
(-1.23152 -0.259289 -1.72283e-15)
(-1.40418 -0.161089 2.50066e-17)
(-1.5477 -0.0824876 1.42975e-15)
(-1.64918 -0.0372377 -7.17696e-15)
(-1.72543 -0.0296825 -3.65917e-15)
(-1.76168 -0.0606926 -6.20623e-15)
(-1.76557 -0.130003 -5.81985e-15)
(-1.74293 -0.235392 -5.53956e-15)
(-1.70232 -0.365383 -3.61819e-15)
(-1.63939 -0.510275 -3.02131e-15)
(-1.5722 -0.671551 -4.58592e-15)
(-1.50929 -0.841842 8.46039e-16)
(-1.47052 -1.01966 -4.00069e-15)
(-1.4737 -1.20433 1.4268e-16)
(-1.52797 -1.39206 -3.9873e-15)
(-1.6744 -1.55824 -4.35998e-15)
(-1.77454 -1.7232 -8.55938e-16)
(-2.2519 -1.84198 -3.34032e-15)
)
;
    }
    inlet
    {
        type            calculated;
        value           uniform (0 0 0);
    }
    rWedge
    {
        type            wedge;
    }
    lWedge
    {
        type            wedge;
    }
    outlet
    {
        type            calculated;
        value           uniform (0 0 0);
    }
    procBoundary0to1
    {
        type            processor;
        value           uniform (0 0 0);
    }
    procBoundary0to2
    {
        type            processor;
        value           uniform (0 0 0);
    }
}


// ************************************************************************* //
