/*--------------------------------*- C++ -*----------------------------------*\
| =========                 |                                                 |
| \\      /  F ield         | OpenFOAM: The Open Source CFD Toolbox           |
|  \\    /   O peration     | Version:  v1706                                 |
|   \\  /    A nd           | Web:      www.OpenFOAM.com                      |
|    \\/     M anipulation  |                                                 |
\*---------------------------------------------------------------------------*/
FoamFile
{
    version     2.0;
    format      ascii;
    class       volVectorField;
    location    "1.6e-05";
    object      wallShearStress;
}
// * * * * * * * * * * * * * * * * * * * * * * * * * * * * * * * * * * * * * //

dimensions      [1 -1 -2 0 0 0 0];


internalField   uniform (0 0 0);

boundaryField
{
    cone
    {
        type            calculated;
        value           nonuniform List<vector> 
147
(
(4.25439 -5.31081 -2.60101e-12)
(4.37819 -8.08372 -3.5578e-12)
(4.29834 -11.2614 -5.68205e-12)
(4.17563 -14.3356 -6.93161e-12)
(3.98925 -17.5305 -8.06487e-12)
(3.77272 -20.6435 -9.10516e-12)
(3.50627 -23.8178 -1.00582e-11)
(3.20944 -26.9398 -1.07452e-11)
(2.86781 -30.0887 -1.14852e-11)
(2.49373 -33.2054 -1.18318e-11)
(2.07836 -36.329 -1.23273e-11)
(1.6288 -39.4312 -1.26158e-11)
(1.14034 -42.5293 -1.27714e-11)
(0.616768 -45.6109 -1.27588e-11)
(0.055902 -48.6825 -1.27261e-11)
(-0.540383 -51.7389 -1.25988e-11)
(-1.17288 -54.7819 -1.24644e-11)
(-1.84062 -57.8093 -1.22925e-11)
(-2.54373 -60.8211 -1.20807e-11)
(-3.28163 -63.816 -1.18383e-11)
(-4.05418 -66.7933 -1.14888e-11)
(-4.86493 -69.7505 -1.11935e-11)
(-5.70954 -72.6875 -1.08475e-11)
(-6.58474 -75.6059 -1.05454e-11)
(-7.49302 -78.504 -1.01458e-11)
(-8.43404 -81.3802 -9.80108e-12)
(-9.40746 -84.2339 -9.37944e-12)
(-10.4128 -87.0642 -9.08708e-12)
(-11.4497 -89.8703 -8.71882e-12)
(-12.5176 -92.6514 -8.37023e-12)
(-13.6161 -95.4067 -8.06173e-12)
(-14.7447 -98.1354 -7.70004e-12)
(-15.903 -100.837 -7.35679e-12)
(-17.0903 -103.51 -7.08937e-12)
(-18.3062 -106.154 -6.76052e-12)
(-19.5502 -108.769 -6.4851e-12)
(-20.8217 -111.354 -6.2143e-12)
(-22.1201 -113.908 -5.91173e-12)
(-23.4452 -116.428 -5.63038e-12)
(-24.796 -118.917 -5.35284e-12)
(-26.172 -121.373 -5.12051e-12)
(-27.5724 -123.796 -4.95971e-12)
(-28.997 -126.184 -4.74435e-12)
(-30.4448 -128.538 -4.48337e-12)
(-31.9154 -130.857 -4.26808e-12)
(-33.4081 -133.14 -4.09374e-12)
(-34.9223 -135.386 -3.94563e-12)
(-36.4573 -137.595 -3.76938e-12)
(-38.0125 -139.767 -3.59567e-12)
(-39.587 -141.9 -3.3988e-12)
(-41.1805 -143.995 -3.2744e-12)
(-42.792 -146.051 -3.13374e-12)
(-44.4209 -148.067 -3.00375e-12)
(-46.0665 -150.043 -2.85824e-12)
(-47.7281 -151.979 -2.7411e-12)
(-49.405 -153.874 -2.6117e-12)
(-51.0964 -155.728 -2.5106e-12)
(-52.8016 -157.54 -2.37329e-12)
(-54.5195 -159.309 -2.29957e-12)
(-56.2502 -161.037 -2.18106e-12)
(-57.9926 -162.722 -2.07981e-12)
(-59.7459 -164.364 -2.0052e-12)
(-61.5094 -165.963 -1.94669e-12)
(-63.2823 -167.519 -1.87534e-12)
(-65.0638 -169.03 -1.77837e-12)
(-66.8532 -170.498 -1.69066e-12)
(-68.6497 -171.921 -1.63012e-12)
(-70.4528 -173.3 -1.53997e-12)
(-72.2614 -174.635 -1.49315e-12)
(-74.0748 -175.924 -1.39912e-12)
(-75.8924 -177.169 -1.3881e-12)
(-77.7133 -178.368 -1.35183e-12)
(-79.5369 -179.522 -1.31735e-12)
(-81.3625 -180.631 -1.21876e-12)
(-83.189 -181.695 -1.19217e-12)
(-85.0157 -182.713 -1.12328e-12)
(-86.8422 -183.685 -1.07651e-12)
(-88.6674 -184.612 -1.02728e-12)
(-90.4907 -185.493 -9.92682e-13)
(-92.3116 -186.329 -9.449e-13)
(-94.1291 -187.119 -9.06772e-13)
(-95.9422 -187.864 -8.83767e-13)
(-97.7505 -188.563 -8.44323e-13)
(-99.5534 -189.217 -8.18899e-13)
(-101.35 -189.826 -7.61918e-13)
(-103.14 -190.389 -7.36504e-13)
(-104.921 -190.907 -7.11724e-13)
(-106.695 -191.38 -6.93866e-13)
(-108.459 -191.809 -6.56555e-13)
(-110.213 -192.193 -6.49646e-13)
(-111.957 -192.532 -6.18513e-13)
(-113.69 -192.828 -5.91665e-13)
(-115.411 -193.08 -5.60682e-13)
(-117.12 -193.288 -5.38212e-13)
(-118.814 -193.451 -5.11933e-13)
(-120.497 -193.572 -5.10214e-13)
(-122.164 -193.651 -4.81023e-13)
(-123.815 -193.687 -4.78447e-13)
(-125.451 -193.68 -4.58786e-13)
(-127.072 -193.632 -4.33895e-13)
(-128.675 -193.542 -4.21776e-13)
(-130.261 -193.411 -3.96567e-13)
(-131.828 -193.238 -4.14445e-13)
(-133.376 -193.024 -3.72216e-13)
(-134.904 -192.772 -3.51718e-13)
(-136.415 -192.479 -3.56739e-13)
(-137.904 -192.148 -3.46779e-13)
(-139.372 -191.776 -3.19964e-13)
(-140.82 -191.367 -3.35914e-13)
(-142.247 -190.92 -3.19247e-13)
(-143.65 -190.436 -2.95656e-13)
(-145.031 -189.914 -2.88294e-13)
(-146.386 -189.357 -2.98056e-13)
(-147.719 -188.766 -2.77462e-13)
(-149.029 -188.138 -2.78829e-13)
(-150.314 -187.474 -2.54542e-13)
(-151.565 -186.788 -2.58251e-13)
(-152.797 -186.06 -2.27318e-13)
(-154.009 -185.295 -2.1129e-13)
(-155.195 -184.496 -2.15902e-13)
(-156.354 -183.666 -2.0558e-13)
(-157.487 -182.803 -1.99398e-13)
(-158.593 -181.909 -2.01557e-13)
(-159.672 -180.985 -1.86271e-13)
(-160.723 -180.03 -1.69168e-13)
(-161.746 -179.047 -1.77725e-13)
(-162.741 -178.035 -1.64949e-13)
(-163.708 -176.996 -1.53812e-13)
(-164.646 -175.928 -1.4315e-13)
(-165.555 -174.834 -1.30746e-13)
(-166.436 -173.714 -1.39023e-13)
(-167.286 -172.568 -1.19991e-13)
(-168.108 -171.397 -1.21513e-13)
(-168.9 -170.202 -1.07095e-13)
(-169.661 -168.983 -1.08311e-13)
(-170.393 -167.741 -9.73107e-14)
(-171.095 -166.477 -1.02769e-13)
(-171.766 -165.19 -9.36039e-14)
(-172.406 -163.883 -8.93363e-14)
(-173.016 -162.554 -8.72951e-14)
(-173.597 -161.205 -8.88002e-14)
(-174.149 -159.839 -8.62585e-14)
(-174.677 -158.459 -8.403e-14)
(-175.179 -157.068 -8.10356e-14)
(-175.648 -155.661 -7.04901e-14)
(-176.082 -154.233 -7.15977e-14)
(3.78346 -2.74128 -3.60605e-13)
)
;
    }
    inlet
    {
        type            calculated;
        value           uniform (0 0 0);
    }
    rWedge
    {
        type            wedge;
    }
    lWedge
    {
        type            wedge;
    }
    outlet
    {
        type            calculated;
        value           nonuniform 0();
    }
    procBoundary3to2
    {
        type            processor;
        value           uniform (0 0 0);
    }
}


// ************************************************************************* //
