/*--------------------------------*- C++ -*----------------------------------*\
| =========                 |                                                 |
| \\      /  F ield         | OpenFOAM: The Open Source CFD Toolbox           |
|  \\    /   O peration     | Version:  v1706                                 |
|   \\  /    A nd           | Web:      www.OpenFOAM.com                      |
|    \\/     M anipulation  |                                                 |
\*---------------------------------------------------------------------------*/
FoamFile
{
    version     2.0;
    format      ascii;
    class       volVectorField;
    location    "3.6e-05";
    object      wallShearStress;
}
// * * * * * * * * * * * * * * * * * * * * * * * * * * * * * * * * * * * * * //

dimensions      [1 -1 -2 0 0 0 0];


internalField   uniform (0 0 0);

boundaryField
{
    cone
    {
        type            calculated;
        value           nonuniform List<vector> 
153
(
(-21.2292 -18.1909 -4.96198e-14)
(-21.2755 -18.0347 -4.7493e-14)
(-21.3169 -17.8758 -4.67366e-14)
(-21.3532 -17.7143 -4.63897e-14)
(-21.3841 -17.5501 -4.41902e-14)
(-21.4097 -17.3834 -4.27319e-14)
(-21.4297 -17.2141 -4.30024e-14)
(-21.4441 -17.0422 -4.08831e-14)
(-21.4526 -16.8679 -4.01124e-14)
(-21.4551 -16.6911 -3.89773e-14)
(-21.4515 -16.5119 -3.86981e-14)
(-21.4415 -16.3302 -3.79007e-14)
(-21.4251 -16.1461 -3.75819e-14)
(-21.402 -15.9597 -3.65664e-14)
(-21.3721 -15.771 -3.47789e-14)
(-21.3351 -15.5799 -3.38504e-14)
(-21.2909 -15.3866 -3.3787e-14)
(-21.2393 -15.1911 -3.17717e-14)
(-21.1801 -14.9933 -3.13301e-14)
(-21.113 -14.7932 -3.10904e-14)
(-21.0379 -14.5909 -2.95563e-14)
(-20.9545 -14.3865 -2.91957e-14)
(-20.8626 -14.18 -2.72427e-14)
(-20.762 -13.9714 -2.62659e-14)
(-20.6525 -13.7606 -2.58026e-14)
(-20.5338 -13.5478 -2.45809e-14)
(-20.4057 -13.3328 -2.54229e-14)
(-20.268 -13.1158 -2.45062e-14)
(-20.1205 -12.8968 -2.35142e-14)
(-19.963 -12.6757 -2.27359e-14)
(-19.7953 -12.4527 -2.3059e-14)
(-19.6172 -12.2276 -2.15271e-14)
(-19.4285 -12.0005 -2.14467e-14)
(-19.2291 -11.7716 -1.95767e-14)
(-19.0188 -11.5406 -1.90782e-14)
(-18.7976 -11.3078 -1.90278e-14)
(-18.5652 -11.0731 -1.82781e-14)
(-18.3217 -10.8365 -1.82838e-14)
(-18.067 -10.5982 -1.78041e-14)
(-17.8009 -10.3582 -1.6814e-14)
(-17.5235 -10.1166 -1.59455e-14)
(-17.2346 -9.87348 -1.59333e-14)
(-16.9341 -9.62906 -1.45236e-14)
(-16.6216 -9.38356 -1.41949e-14)
(-16.2967 -9.13737 -1.3863e-14)
(-15.9573 -8.89156 -1.33508e-14)
(-15.5972 -8.65336 -1.29439e-14)
(-15.2135 -8.44131 -1.21957e-14)
(-14.851 -8.17465 -1.1707e-14)
(-14.4947 -7.87568 -1.0908e-14)
(-14.1447 -7.63328 -1.14821e-14)
(-13.817 -7.4234 -1.14373e-14)
(-13.5089 -7.23329 -1.0671e-14)
(-13.2174 -7.05793 -1.02714e-14)
(-12.9404 -6.89444 -9.74587e-15)
(-12.6763 -6.74085 -9.51246e-15)
(-12.4238 -6.59573 -9.55827e-15)
(-12.1818 -6.45802 -9.09609e-15)
(-11.9496 -6.32685 -8.50159e-15)
(-11.7262 -6.20157 -8.60392e-15)
(-11.5112 -6.0816 -7.65253e-15)
(-11.3038 -5.96649 -7.04557e-15)
(-11.1037 -5.85582 -7.06636e-15)
(-10.9103 -5.74927 -7.06231e-15)
(-10.7233 -5.64653 -6.95267e-15)
(-10.5423 -5.54734 -5.87423e-15)
(-10.367 -5.45146 -5.34519e-15)
(-10.197 -5.3587 -4.83608e-15)
(-10.0323 -5.26886 -5.50573e-15)
(-9.87238 -5.18178 -5.20367e-15)
(-9.71717 -5.09731 -4.0418e-15)
(-9.56643 -5.01531 -3.6746e-15)
(-9.41997 -4.93565 -3.17277e-15)
(-9.27762 -4.85821 -3.02822e-15)
(-9.13921 -4.78289 -3.53843e-15)
(-9.00459 -4.7096 -3.53559e-15)
(-8.87363 -4.63823 -3.26126e-15)
(-8.74619 -4.56871 -3.0531e-15)
(-8.62215 -4.50094 -3.59007e-15)
(-8.50139 -4.43488 -3.61762e-15)
(-8.38379 -4.37043 -3.02925e-15)
(-8.26926 -4.30753 -2.84535e-15)
(-8.15769 -4.24614 -2.3532e-15)
(-8.04898 -4.18618 -2.13472e-15)
(-7.94304 -4.1276 -2.90203e-15)
(-7.83979 -4.07036 -2.48113e-15)
(-7.73913 -4.01441 -2.25831e-15)
(-7.64097 -3.9597 -2.69617e-15)
(-7.54523 -3.9062 -2.73505e-15)
(-7.45183 -3.85387 -2.31771e-15)
(-7.36069 -3.80266 -2.32218e-15)
(-7.27172 -3.75256 -1.53015e-15)
(-7.18485 -3.70353 -1.20435e-15)
(-7.09999 -3.65555 -1.93212e-15)
(-7.01706 -3.6086 -1.57524e-15)
(-6.936 -3.56266 -2.05683e-15)
(-6.85671 -3.51771 -2.96133e-15)
(-6.77913 -3.47374 -2.22182e-15)
(-6.70318 -3.43074 -1.76508e-15)
(-6.6288 -3.3887 -6.53736e-16)
(-6.55593 -3.34763 -2.00157e-15)
(-6.48449 -3.30752 -9.38294e-16)
(-6.41445 -3.26837 -1.86242e-15)
(-6.34575 -3.23018 -2.35963e-15)
(-6.27837 -3.19296 -1.23364e-15)
(-6.21226 -3.15671 -2.29468e-15)
(-6.14741 -3.12142 -2.77902e-15)
(-6.08383 -3.08711 -2.9307e-15)
(-6.02151 -3.05378 -1.94651e-15)
(-5.96047 -3.02141 -2.14754e-15)
(-5.90074 -2.99 -1.85385e-15)
(-5.84237 -2.95954 -2.97851e-15)
(-5.78541 -2.93001 -1.2309e-15)
(-5.72993 -2.90139 -1.56692e-15)
(-5.67599 -2.87363 -1.88278e-15)
(-5.62369 -2.84671 -2.00633e-15)
(-5.57309 -2.82056 -2.55488e-15)
(-5.52429 -2.79515 -2.55426e-15)
(-5.47737 -2.77039 -2.20302e-15)
(-5.43239 -2.74621 -2.61878e-15)
(-5.38941 -2.72255 -2.98852e-15)
(-5.34847 -2.6993 -2.35765e-15)
(-5.30959 -2.67638 -3.43187e-15)
(-5.27277 -2.6537 -4.07281e-15)
(-5.23796 -2.63115 -3.15638e-15)
(-5.20511 -2.60864 -2.83967e-15)
(-5.17409 -2.58603 -3.48755e-15)
(-5.14479 -2.56322 -2.58596e-15)
(-5.11697 -2.54027 -2.858e-15)
(-5.0898 -2.51742 -3.1127e-15)
(-5.06351 -2.49467 -2.94247e-15)
(-5.03826 -2.47113 -2.67953e-15)
(-5.0132 -2.44735 -1.72664e-15)
(-4.98791 -2.4235 -2.27243e-15)
(-4.96201 -2.39961 -1.9127e-15)
(-4.93511 -2.37577 -1.3415e-15)
(-4.90684 -2.35214 -2.54535e-15)
(-4.8768 -2.32891 -2.07514e-15)
(-4.8447 -2.30627 -2.60094e-15)
(-4.81024 -2.28448 -3.54345e-15)
(-4.77325 -2.26378 -4.39118e-15)
(-4.73362 -2.24446 -4.25046e-15)
(-4.69132 -2.2268 -3.26947e-15)
(-4.64647 -2.21109 -2.36445e-15)
(-4.59926 -2.1976 -2.62839e-15)
(-4.55001 -2.18663 -3.53403e-15)
(-4.49918 -2.17846 -2.98762e-15)
(-4.44726 -2.17331 -2.71894e-15)
(-4.39511 -2.17133 -3.24889e-15)
(-4.34407 -2.17335 -3.82033e-15)
(-4.29371 -2.17824 -3.32431e-15)
(-4.24544 -2.18526 -3.77919e-15)
(-4.20232 -2.19587 -2.57227e-15)
)
;
    }
    inlet
    {
        type            calculated;
        value           uniform (0 0 0);
    }
    rWedge
    {
        type            wedge;
    }
    lWedge
    {
        type            wedge;
    }
    outlet
    {
        type            calculated;
        value           nonuniform 0();
    }
    procBoundary2to0
    {
        type            processor;
        value           uniform (0 0 0);
    }
    procBoundary2to1
    {
        type            processor;
        value           uniform (0 0 0);
    }
    procBoundary2to3
    {
        type            processor;
        value           uniform (0 0 0);
    }
}


// ************************************************************************* //
