/*--------------------------------*- C++ -*----------------------------------*\
| =========                 |                                                 |
| \\      /  F ield         | OpenFOAM: The Open Source CFD Toolbox           |
|  \\    /   O peration     | Version:  v1706                                 |
|   \\  /    A nd           | Web:      www.OpenFOAM.com                      |
|    \\/     M anipulation  |                                                 |
\*---------------------------------------------------------------------------*/
FoamFile
{
    version     2.0;
    format      ascii;
    class       volVectorField;
    location    "4e-05";
    object      wallShearStress;
}
// * * * * * * * * * * * * * * * * * * * * * * * * * * * * * * * * * * * * * //

dimensions      [1 -1 -2 0 0 0 0];


internalField   uniform (0 0 0);

boundaryField
{
    cone
    {
        type            calculated;
        value           nonuniform List<vector> 
147
(
(-0.646397 -1.97751 -1.00496e-12)
(-0.666921 -3.02063 -1.39438e-12)
(-0.720759 -4.23503 -2.36322e-12)
(-0.772874 -5.39088 -2.8842e-12)
(-0.846241 -6.59566 -3.3589e-12)
(-0.929108 -7.77433 -3.83023e-12)
(-1.02838 -8.96854 -4.24835e-12)
(-1.13982 -10.1524 -4.62377e-12)
(-1.26593 -11.3387 -5.00744e-12)
(-1.40525 -12.5199 -5.22913e-12)
(-1.55851 -13.699 -5.46712e-12)
(-1.72527 -14.8741 -5.66825e-12)
(-1.90568 -16.0455 -5.82262e-12)
(-2.09956 -17.2127 -5.87003e-12)
(-2.30689 -18.3755 -5.89416e-12)
(-2.52758 -19.5335 -5.89695e-12)
(-2.76154 -20.6865 -5.88831e-12)
(-3.00869 -21.8343 -5.8874e-12)
(-3.26893 -22.9765 -5.78351e-12)
(-3.54215 -24.1128 -5.71599e-12)
(-3.82825 -25.2429 -5.62442e-12)
(-4.12711 -26.3666 -5.51234e-12)
(-4.43862 -27.4835 -5.37594e-12)
(-4.76264 -28.5932 -5.27572e-12)
(-5.09906 -29.6956 -5.11249e-12)
(-5.44772 -30.7902 -4.97889e-12)
(-5.80849 -31.8768 -4.82215e-12)
(-6.18121 -32.9551 -4.67451e-12)
(-6.56574 -34.0248 -4.5213e-12)
(-6.96197 -35.0855 -4.36834e-12)
(-7.37035 -36.1367 -4.21503e-12)
(-7.791 -37.1777 -4.07365e-12)
(-8.22149 -38.2096 -3.91222e-12)
(-8.66281 -39.2315 -3.77882e-12)
(-9.11494 -40.2432 -3.6343e-12)
(-9.57765 -41.2443 -3.51039e-12)
(-10.0508 -42.2345 -3.37535e-12)
(-10.5342 -43.2136 -3.23393e-12)
(-11.0276 -44.1813 -3.09221e-12)
(-11.5308 -45.1375 -2.95416e-12)
(-12.0437 -46.0817 -2.84503e-12)
(-12.566 -47.0139 -2.75364e-12)
(-13.0976 -47.9335 -2.64941e-12)
(-13.6385 -48.8401 -2.52933e-12)
(-14.188 -49.7344 -2.42735e-12)
(-14.7459 -50.6159 -2.33526e-12)
(-15.3121 -51.4842 -2.2496e-12)
(-15.8864 -52.3391 -2.15729e-12)
(-16.4685 -53.1804 -2.07234e-12)
(-17.0585 -54.0081 -1.9755e-12)
(-17.6559 -54.8219 -1.90495e-12)
(-18.2604 -55.6213 -1.83013e-12)
(-18.8721 -56.4066 -1.76278e-12)
(-19.4899 -57.1778 -1.68271e-12)
(-20.1131 -57.9347 -1.61437e-12)
(-20.7402 -58.6777 -1.55706e-12)
(-21.3699 -59.4078 -1.50541e-12)
(-22.0106 -60.1198 -1.43854e-12)
(-22.6585 -60.815 -1.39443e-12)
(-23.3114 -61.4947 -1.33505e-12)
(-23.9691 -62.159 -1.28081e-12)
(-24.6314 -62.8078 -1.23378e-12)
(-25.298 -63.441 -1.20264e-12)
(-25.9688 -64.0583 -1.16543e-12)
(-26.6434 -64.6598 -1.11345e-12)
(-27.3216 -65.2453 -1.06564e-12)
(-28.0032 -65.8148 -1.02871e-12)
(-28.6878 -66.3681 -9.8329e-13)
(-29.3752 -66.9051 -9.50727e-13)
(-30.0651 -67.4258 -9.08849e-13)
(-30.7574 -67.9301 -8.93409e-13)
(-31.4516 -68.418 -8.69814e-13)
(-32.1475 -68.8894 -8.44597e-13)
(-32.8449 -69.3441 -7.95418e-13)
(-33.5435 -69.7823 -7.76495e-13)
(-34.2431 -70.2039 -7.41552e-13)
(-34.9433 -70.6088 -7.1345e-13)
(-35.644 -70.9971 -6.86892e-13)
(-36.3448 -71.3686 -6.68327e-13)
(-37.0453 -71.7233 -6.42396e-13)
(-37.7455 -72.0612 -6.20161e-13)
(-38.445 -72.3824 -6.04932e-13)
(-39.1437 -72.687 -5.83354e-13)
(-39.8412 -72.9748 -5.68824e-13)
(-40.5372 -73.2459 -5.39437e-13)
(-41.2316 -73.5004 -5.28744e-13)
(-41.924 -73.7382 -5.09487e-13)
(-42.6142 -73.9594 -4.9899e-13)
(-43.302 -74.164 -4.81481e-13)
(-43.9871 -74.3521 -4.71544e-13)
(-44.669 -74.5236 -4.53999e-13)
(-45.348 -74.6786 -4.39986e-13)
(-46.0234 -74.8174 -4.21404e-13)
(-46.6952 -74.9401 -4.07688e-13)
(-47.363 -75.0465 -3.9201e-13)
(-48.0267 -75.1368 -3.86337e-13)
(-48.686 -75.2111 -3.70097e-13)
(-49.3408 -75.2693 -3.656e-13)
(-49.9904 -75.3115 -3.53764e-13)
(-50.6351 -75.3379 -3.40885e-13)
(-51.2744 -75.349 -3.31727e-13)
(-51.9081 -75.3445 -3.19121e-13)
(-52.5361 -75.3246 -3.19762e-13)
(-53.1581 -75.2894 -2.99926e-13)
(-53.774 -75.239 -2.88837e-13)
(-54.3834 -75.1734 -2.87824e-13)
(-54.9863 -75.093 -2.80938e-13)
(-55.5825 -74.9978 -2.6736e-13)
(-56.1715 -74.8876 -2.70192e-13)
(-56.7535 -74.763 -2.59602e-13)
(-57.3281 -74.6244 -2.46338e-13)
(-57.8951 -74.4717 -2.42305e-13)
(-58.4544 -74.305 -2.41587e-13)
(-59.0059 -74.1244 -2.3148e-13)
(-59.5493 -73.9301 -2.2718e-13)
(-60.0846 -73.7223 -2.1667e-13)
(-60.6115 -73.5012 -2.15895e-13)
(-61.1298 -73.2669 -2.01595e-13)
(-61.6395 -73.0197 -1.93105e-13)
(-62.1403 -72.7596 -1.92423e-13)
(-62.6322 -72.487 -1.85949e-13)
(-63.115 -72.202 -1.82336e-13)
(-63.5885 -71.9048 -1.82999e-13)
(-64.0527 -71.5956 -1.74434e-13)
(-64.5074 -71.2745 -1.66153e-13)
(-64.9525 -70.9419 -1.67371e-13)
(-65.3878 -70.598 -1.59848e-13)
(-65.8133 -70.2428 -1.53678e-13)
(-66.2289 -69.8767 -1.49067e-13)
(-66.6344 -69.4998 -1.42742e-13)
(-67.0298 -69.1124 -1.42593e-13)
(-67.4149 -68.7147 -1.34325e-13)
(-67.7898 -68.307 -1.33515e-13)
(-68.1542 -67.8893 -1.25361e-13)
(-68.5082 -67.462 -1.23961e-13)
(-68.8517 -67.0252 -1.18668e-13)
(-69.1846 -66.5793 -1.19347e-13)
(-69.5067 -66.1244 -1.14183e-13)
(-69.8183 -65.6607 -1.11045e-13)
(-70.1192 -65.1885 -1.08965e-13)
(-70.41 -64.7081 -1.08248e-13)
(-70.6905 -64.2202 -1.05878e-13)
(-70.9606 -63.7254 -1.04546e-13)
(-71.22 -63.2237 -1.0142e-13)
(-71.4671 -62.7147 -9.6075e-14)
(-71.7029 -62.1974 -9.47667e-14)
(-0.705392 -0.962973 -3.6522e-13)
)
;
    }
    inlet
    {
        type            calculated;
        value           uniform (0 0 0);
    }
    rWedge
    {
        type            wedge;
    }
    lWedge
    {
        type            wedge;
    }
    outlet
    {
        type            calculated;
        value           nonuniform 0();
    }
    procBoundary3to2
    {
        type            processor;
        value           uniform (0 0 0);
    }
}


// ************************************************************************* //
