/*--------------------------------*- C++ -*----------------------------------*\
| =========                 |                                                 |
| \\      /  F ield         | OpenFOAM: The Open Source CFD Toolbox           |
|  \\    /   O peration     | Version:  v1706                                 |
|   \\  /    A nd           | Web:      www.OpenFOAM.com                      |
|    \\/     M anipulation  |                                                 |
\*---------------------------------------------------------------------------*/
FoamFile
{
    version     2.0;
    format      ascii;
    class       volVectorField;
    location    "2e-05";
    object      wallShearStress;
}
// * * * * * * * * * * * * * * * * * * * * * * * * * * * * * * * * * * * * * //

dimensions      [1 -1 -2 0 0 0 0];


internalField   uniform (0 0 0);

boundaryField
{
    cone
    {
        type            calculated;
        value           nonuniform List<vector> 
181
(
(-4.93159 -2.66237 -7.0704e-15)
(-4.7213 -2.56876 -6.37851e-15)
(-4.46696 -2.49185 -6.13093e-15)
(-4.18404 -2.42887 -7.11006e-15)
(-3.88618 -2.37467 -6.98538e-15)
(-3.58856 -2.33083 -7.32518e-15)
(-3.2979 -2.29349 -7.61948e-15)
(-3.01946 -2.26014 -8.00168e-15)
(-2.75696 -2.22878 -7.93541e-15)
(-2.51201 -2.19833 -7.33568e-15)
(-2.28478 -2.1682 -7.7083e-15)
(-2.07447 -2.13819 -7.61871e-15)
(-1.87976 -2.10834 -7.8751e-15)
(-1.6991 -2.07879 -7.46143e-15)
(-1.5309 -2.04976 -7.26046e-15)
(-1.37368 -2.02147 -6.90658e-15)
(-1.22609 -1.99415 -7.22207e-15)
(-1.08697 -1.96798 -7.05468e-15)
(-0.955327 -1.94312 -7.24938e-15)
(-0.830324 -1.91972 -5.71119e-15)
(-0.711273 -1.89789 -5.44753e-15)
(-0.597607 -1.87773 -5.84022e-15)
(-0.488745 -1.85942 -6.38599e-15)
(-0.38449 -1.84252 -6.25051e-15)
(-0.284558 -1.8272 -6.46122e-15)
(-0.18859 -1.81362 -6.11004e-15)
(-0.0965461 -1.80208 -6.42758e-15)
(-0.00796699 -1.79354 -6.45029e-15)
(0.0780181 -1.78752 -6.94817e-15)
(0.163586 -1.78057 -7.19116e-15)
(0.244025 -1.77731 -6.64937e-15)
(0.320648 -1.77678 -5.85954e-15)
(0.394206 -1.77829 -6.29054e-15)
(0.464822 -1.78183 -6.63522e-15)
(0.532458 -1.78744 -4.76783e-15)
(0.597069 -1.7951 -5.06374e-15)
(0.65861 -1.80475 -4.15516e-15)
(0.717021 -1.81629 -5.53688e-15)
(0.772212 -1.8295 -5.94817e-15)
(0.824127 -1.84415 -6.47842e-15)
(0.872585 -1.86077 -5.0602e-15)
(0.917857 -1.87877 -4.99432e-15)
(0.959337 -1.89835 -4.98243e-15)
(0.997016 -1.91935 -6.72481e-15)
(1.03079 -1.94164 -7.13248e-15)
(1.06051 -1.96509 -5.93282e-15)
(1.08601 -1.98955 -6.0742e-15)
(1.10714 -2.01488 -4.88343e-15)
(1.12378 -2.04117 -5.98837e-15)
(1.13583 -2.06801 -4.97361e-15)
(1.143 -2.09501 -4.25133e-15)
(1.14527 -2.12251 -4.72859e-15)
(1.14245 -2.15018 -6.06154e-15)
(1.13441 -2.17783 -6.66443e-15)
(1.12102 -2.2053 -7.47251e-15)
(1.10218 -2.23247 -7.0654e-15)
(1.07779 -2.2592 -5.33234e-15)
(1.04775 -2.28541 -5.40284e-15)
(1.01191 -2.31109 -5.34123e-15)
(0.969128 -2.33497 -5.90638e-15)
(0.920058 -2.35635 -6.64653e-15)
(0.865577 -2.37641 -6.55676e-15)
(0.805486 -2.39498 -6.44955e-15)
(0.739625 -2.41209 -6.10316e-15)
(0.667682 -2.42795 -6.46506e-15)
(0.590031 -2.44251 -5.35506e-15)
(0.510642 -2.45755 -5.51446e-15)
(0.426783 -2.46872 -6.86286e-15)
(0.338744 -2.47654 -4.99026e-15)
(0.247254 -2.48167 -5.55879e-15)
(0.151799 -2.48248 -6.75653e-15)
(0.0538519 -2.48052 -5.87532e-15)
(-0.0463632 -2.47522 -5.95741e-15)
(-0.148218 -2.46662 -5.61994e-15)
(-0.251043 -2.45475 -5.44446e-15)
(-0.354132 -2.43973 -4.91234e-15)
(-0.456742 -2.4217 -5.18282e-15)
(-0.558112 -2.40087 -4.97334e-15)
(-0.657466 -2.37749 -4.36079e-15)
(-0.75404 -2.35189 -6.77043e-15)
(-0.84709 -2.32442 -7.06699e-15)
(-0.935913 -2.2955 -5.63325e-15)
(-1.01987 -2.26558 -6.0805e-15)
(-1.09839 -2.23512 -5.91283e-15)
(-1.17102 -2.20462 -5.71423e-15)
(-1.23741 -2.17455 -5.32568e-15)
(-1.29733 -2.14536 -5.1959e-15)
(-1.3507 -2.11749 -5.98001e-15)
(-1.39755 -2.0913 -6.08192e-15)
(-1.43807 -2.06711 -5.31324e-15)
(-1.47254 -2.04516 -6.78249e-15)
(-1.50137 -2.02562 -6.6635e-15)
(-1.52502 -2.00859 -7.34159e-15)
(-1.54405 -1.99411 -6.52155e-15)
(-1.55904 -1.98218 -7.04052e-15)
(-1.57057 -1.97271 -7.03644e-15)
(-1.57925 -1.9656 -6.43066e-15)
(-1.58565 -1.96073 -6.78256e-15)
(-1.59036 -1.95791 -5.32867e-15)
(-1.59389 -1.95694 -4.63247e-15)
(-1.59677 -1.95758 -5.82093e-15)
(-1.59942 -1.95962 -6.30782e-15)
(-1.60221 -1.96286 -5.41668e-15)
(-1.60547 -1.9671 -5.71425e-15)
(-1.60945 -1.97215 -4.07786e-15)
(-1.61439 -1.97783 -5.22679e-15)
(-1.62048 -1.98396 -3.44335e-15)
(-1.62787 -1.99037 -4.36512e-15)
(-1.63667 -1.99691 -4.32248e-15)
(-1.64699 -2.00342 -4.7694e-15)
(-1.65888 -2.00978 -4.13638e-15)
(-1.67238 -2.01586 -4.55416e-15)
(-1.68752 -2.02154 -3.67776e-15)
(-1.70428 -2.02673 -2.65014e-15)
(-1.72264 -2.03134 -2.78276e-15)
(-1.74256 -2.03531 -2.77453e-15)
(-1.76397 -2.03858 -4.81693e-15)
(-1.78679 -2.04113 -2.73883e-15)
(-1.81092 -2.04294 -6.28135e-15)
(-1.83626 -2.04403 -5.72916e-15)
(-1.86268 -2.04441 -5.49486e-15)
(-1.89006 -2.04413 -5.80657e-15)
(-1.91827 -2.04323 -4.49596e-15)
(-1.94717 -2.04178 -5.16575e-15)
(-1.97664 -2.03985 -4.19364e-15)
(-2.00656 -2.03752 -6.21152e-15)
(-2.0368 -2.03486 -2.7403e-15)
(-2.06727 -2.03196 -5.82761e-15)
(-2.09788 -2.02888 -3.25537e-15)
(-2.12855 -2.02571 -6.69395e-15)
(-2.15922 -2.02249 -6.18343e-15)
(-2.18985 -2.01929 -3.97916e-15)
(-2.2204 -2.01614 -2.42574e-15)
(-2.25086 -2.01308 -4.75094e-15)
(-2.28122 -2.01014 -4.47079e-15)
(-2.31148 -2.00732 -4.59598e-15)
(-2.34166 -2.00463 -5.87984e-15)
(-2.37177 -2.00207 -5.6949e-15)
(-2.40184 -1.99965 -6.12588e-15)
(-2.43189 -1.99734 -3.33927e-15)
(-2.46194 -1.99513 -2.08781e-15)
(-2.49204 -1.99302 -5.29733e-15)
(-2.52219 -1.99098 -5.69148e-15)
(-2.55242 -1.989 -5.33574e-15)
(-2.58277 -1.98707 -3.46911e-15)
(-2.61324 -1.98517 -3.43424e-15)
(-2.64387 -1.98328 -3.52789e-15)
(-2.67465 -1.9814 -4.07873e-15)
(-2.70562 -1.97951 -6.59704e-15)
(-2.73678 -1.9776 -5.26263e-15)
(-2.76815 -1.97566 -4.27063e-15)
(-2.79973 -1.97368 -2.79316e-15)
(-2.83155 -1.97165 -1.87086e-15)
(-2.8636 -1.96957 -3.76611e-15)
(-2.8959 -1.96743 -2.44975e-15)
(-2.92845 -1.96522 -6.78599e-16)
(-2.96126 -1.96294 5.15619e-16)
(-2.99435 -1.96058 3.49173e-15)
(-3.02772 -1.95813 1.18072e-14)
(-3.06137 -1.95559 2.92555e-14)
(-3.09532 -1.95295 5.87756e-14)
(-3.12958 -1.95021 1.09931e-13)
(-3.16415 -1.94735 1.89973e-13)
(-3.19905 -1.94438 3.15254e-13)
(-3.23428 -1.94128 4.88661e-13)
(-3.26986 -1.93805 6.55087e-13)
(-3.3058 -1.93468 6.43272e-13)
(-3.3421 -1.93117 7.07135e-15)
(-3.37879 -1.92751 -2.29013e-12)
(-3.41587 -1.9237 -8.2033e-12)
(-3.45335 -1.91973 -2.08967e-11)
(-3.49126 -1.91558 -4.44532e-11)
(-3.52959 -1.91126 -8.25609e-11)
(-3.56835 -1.90676 -1.36116e-10)
(-3.60757 -1.90206 -2.00682e-10)
(-3.64723 -1.89715 -2.6559e-10)
(-3.68738 -1.89205 -3.16275e-10)
(-3.72801 -1.88674 -3.3966e-10)
(-3.76914 -1.88121 -3.29832e-10)
(-3.81079 -1.87545 -2.90514e-10)
(-3.85297 -1.86946 -2.32872e-10)
)
;
    }
    inlet
    {
        type            calculated;
        value           uniform (0 0 0);
    }
    rWedge
    {
        type            wedge;
    }
    lWedge
    {
        type            wedge;
    }
    outlet
    {
        type            calculated;
        value           nonuniform 0();
    }
    procBoundary1to0
    {
        type            processor;
        value           uniform (0 0 0);
    }
    procBoundary1to2
    {
        type            processor;
        value           uniform (0 0 0);
    }
}


// ************************************************************************* //
