/*--------------------------------*- C++ -*----------------------------------*\
| =========                 |                                                 |
| \\      /  F ield         | OpenFOAM: The Open Source CFD Toolbox           |
|  \\    /   O peration     | Version:  v1706                                 |
|   \\  /    A nd           | Web:      www.OpenFOAM.com                      |
|    \\/     M anipulation  |                                                 |
\*---------------------------------------------------------------------------*/
FoamFile
{
    version     2.0;
    format      ascii;
    class       volVectorField;
    location    "4e-05";
    object      wallShearStress;
}
// * * * * * * * * * * * * * * * * * * * * * * * * * * * * * * * * * * * * * //

dimensions      [1 -1 -2 0 0 0 0];


internalField   uniform (0 0 0);

boundaryField
{
    cone
    {
        type            calculated;
        value           nonuniform List<vector> 
181
(
(-27.6464 -13.5798 -2.77339e-15)
(-27.3491 -13.4396 -2.42667e-15)
(-27.0538 -13.3 -1.20343e-15)
(-26.7603 -13.161 -2.58617e-15)
(-26.4686 -13.0227 -1.97509e-15)
(-26.1789 -12.8851 -2.19764e-15)
(-25.8912 -12.7481 -2.64253e-15)
(-25.6055 -12.6118 -3.59406e-15)
(-25.3219 -12.4763 -3.63378e-15)
(-25.0405 -12.3415 -2.35428e-15)
(-24.7614 -12.2076 -3.28775e-15)
(-24.4845 -12.0746 -3.02091e-15)
(-24.21 -11.9424 -3.8165e-15)
(-23.9379 -11.8112 -3.06205e-15)
(-23.6683 -11.6809 -2.73219e-15)
(-23.4013 -11.5516 -2.31656e-15)
(-23.1367 -11.4234 -3.07222e-15)
(-22.8748 -11.2962 -2.8899e-15)
(-22.6156 -11.1701 -3.35234e-15)
(-22.359 -11.0452 -2.688e-16)
(-22.1052 -10.9213 4.67596e-16)
(-21.8541 -10.7986 -2.22372e-17)
(-21.6058 -10.6771 -9.89237e-16)
(-21.3604 -10.5568 -5.39541e-16)
(-21.1178 -10.4378 -1.23206e-15)
(-20.8781 -10.3199 -4.11429e-16)
(-20.6413 -10.2034 -1.09317e-15)
(-20.4074 -10.0881 -1.18852e-15)
(-20.1765 -9.97412 -2.24962e-15)
(-19.9486 -9.86145 -3.16423e-15)
(-19.7236 -9.75011 -1.95949e-15)
(-19.5016 -9.6401 9.91949e-17)
(-19.2826 -9.53144 -9.93396e-16)
(-19.0667 -9.42413 -2.40035e-15)
(-18.8537 -9.31818 1.67301e-15)
(-18.6438 -9.2136 6.89324e-16)
(-18.4369 -9.11039 2.99757e-15)
(-18.2331 -9.00855 3.85194e-17)
(-18.0323 -8.90808 -8.89813e-16)
(-17.8345 -8.80899 -2.45577e-15)
(-17.6397 -8.71127 7.3568e-16)
(-17.448 -8.61491 8.89597e-16)
(-17.2593 -8.51992 1.25224e-15)
(-17.0736 -8.42629 -2.50168e-15)
(-16.8908 -8.33401 -3.22492e-15)
(-16.711 -8.24307 -8.03224e-16)
(-16.5342 -8.15348 -1.24015e-15)
(-16.3603 -8.06523 1.55239e-15)
(-16.1892 -7.9783 -9.3117e-16)
(-16.021 -7.8927 1.37478e-15)
(-15.8556 -7.80842 2.58771e-15)
(-15.693 -7.72546 1.89831e-15)
(-15.5332 -7.6438 -4.12695e-16)
(-15.3761 -7.56345 -1.24767e-15)
(-15.2217 -7.48441 -3.05096e-15)
(-15.0699 -7.40666 -2.66311e-15)
(-14.9208 -7.3302 8.491e-16)
(-14.7743 -7.25502 6.09387e-16)
(-14.6303 -7.18113 5.25987e-16)
(-14.4889 -7.1085 7.19149e-18)
(-14.3501 -7.03714 -1.25694e-15)
(-14.2137 -6.96703 -1.00222e-15)
(-14.0798 -6.89817 -9.54318e-16)
(-13.9483 -6.83055 -5.28956e-16)
(-13.8193 -6.76415 -1.64976e-15)
(-13.6926 -6.69897 7.21095e-17)
(-13.5684 -6.63499 -4.29059e-16)
(-13.4464 -6.5722 -3.67201e-15)
(-13.3268 -6.51058 1.68858e-16)
(-13.2095 -6.45013 -5.51079e-16)
(-13.0944 -6.39082 -3.10454e-15)
(-12.9815 -6.33264 -1.88745e-15)
(-12.8708 -6.27558 -2.3065e-15)
(-12.7623 -6.21962 -1.35595e-15)
(-12.6558 -6.16474 -1.35026e-15)
(-12.5515 -6.11092 -2.34423e-16)
(-12.4493 -6.05815 -6.39935e-16)
(-12.3491 -6.00641 -4.19467e-16)
(-12.2509 -5.95566 1.10842e-15)
(-12.1546 -5.90589 -3.58525e-15)
(-12.0603 -5.85707 -4.30072e-15)
(-11.9678 -5.80918 -1.88726e-15)
(-11.877 -5.76221 -3.08816e-15)
(-11.7879 -5.71616 -3.20411e-15)
(-11.7003 -5.67106 -2.74335e-15)
(-11.6141 -5.62695 -2.11098e-15)
(-11.5292 -5.58391 -1.40804e-15)
(-11.4454 -5.54203 -2.92812e-15)
(-11.3626 -5.50146 -3.10047e-15)
(-11.2811 -5.46233 -1.81968e-15)
(-11.2008 -5.42479 -4.20579e-15)
(-11.1221 -5.38896 -4.01195e-15)
(-11.0455 -5.35492 -5.65163e-15)
(-10.9715 -5.32265 -4.49401e-15)
(-10.9009 -5.29205 -5.59013e-15)
(-10.8347 -5.26282 -5.63514e-15)
(-10.7737 -5.23453 -4.8493e-15)
(-10.7188 -5.20651 -5.90927e-15)
(-10.6708 -5.17795 -3.60571e-15)
(-10.63 -5.14782 -2.76049e-15)
(-10.5966 -5.11504 -4.7433e-15)
(-10.5697 -5.07851 -5.43787e-15)
(-10.548 -5.0372 -4.21985e-15)
(-10.5296 -4.98992 -5.20074e-15)
(-10.5124 -4.93545 -2.73138e-15)
(-10.4935 -4.87317 -4.69691e-15)
(-10.4588 -4.80684 -1.33685e-15)
(-10.4157 -4.73855 -2.85177e-15)
(-10.3603 -4.66188 -2.66009e-15)
(-10.282 -4.58396 -3.31433e-15)
(-10.1777 -4.50762 -2.57466e-15)
(-10.0446 -4.43659 -3.09445e-15)
(-9.88057 -4.37558 -1.61496e-15)
(-9.68518 -4.33011 1.88268e-16)
(-9.46098 -4.30601 -7.02032e-17)
(-9.21371 -4.30936 1.29218e-16)
(-8.96492 -4.3387 -3.02395e-15)
(-8.71103 -4.3819 7.54412e-16)
(-8.47343 -4.45037 -4.99356e-15)
(-8.25652 -4.54583 -4.36916e-15)
(-8.06768 -4.66641 -4.33678e-15)
(-7.92279 -4.80962 -5.03959e-15)
(-7.83315 -4.97442 -3.01238e-15)
(-7.81821 -5.14318 -4.35553e-15)
(-7.89443 -5.31407 -2.9622e-15)
(-8.07095 -5.47232 -6.80805e-15)
(-8.35165 -5.606 -9.74874e-16)
(-8.73515 -5.70342 -6.52434e-15)
(-9.21367 -5.75308 -2.16118e-15)
(-9.77193 -5.74465 -8.38524e-15)
(-10.3888 -5.66952 -7.49006e-15)
(-11.0373 -5.5206 -3.83157e-15)
(-11.6736 -5.26632 -1.25718e-15)
(-12.2836 -4.93615 -5.05091e-15)
(-12.8321 -4.53787 -4.26077e-15)
(-13.2243 -4.04192 -4.59191e-15)
(-13.4571 -3.48856 -6.62302e-15)
(-13.5029 -2.90478 -6.82764e-15)
(-13.33 -2.30973 -7.80147e-15)
(-12.9373 -1.74036 -3.87779e-15)
(-12.3351 -1.23197 -1.80123e-15)
(-11.5445 -0.816744 -6.5253e-15)
(-10.5976 -0.520954 -7.15296e-15)
(-9.53604 -0.360543 -6.78151e-15)
(-8.40747 -0.338303 -4.09058e-15)
(-7.26073 -0.443985 -3.75818e-15)
(-6.14032 -0.657962 -3.6943e-15)
(-5.08011 -0.958353 -4.57496e-15)
(-4.09779 -1.32939 -8.03308e-15)
(-3.24158 -1.77365 -6.29709e-15)
(-2.45038 -2.22536 -5.31569e-15)
(-1.786 -2.70248 -3.53521e-15)
(-1.26122 -3.20422 -2.45382e-15)
(-0.858843 -3.71106 -5.71087e-15)
(-0.580172 -4.22323 -4.7881e-15)
(-0.436642 -4.71851 -3.78477e-15)
(-0.436404 -5.2047 -5.42985e-15)
(-0.584828 -5.66885 -7.6665e-15)
(-0.887808 -6.10083 -8.6253e-15)
(-1.34833 -6.4914 -7.06519e-15)
(-1.96578 -6.83079 -7.42715e-15)
(-2.7345 -7.10915 -5.61648e-15)
(-3.64248 -7.31699 -9.21939e-15)
(-4.67026 -7.44596 -1.03154e-14)
(-5.79051 -7.48959 -2.21759e-15)
(-6.96856 -7.44436 -8.76105e-17)
(-8.16379 -7.31102 -9.44239e-15)
(-9.33238 -7.09602 -9.3508e-15)
(-10.4341 -6.80976 -1.9164e-14)
(-11.4428 -6.45672 -2.76141e-14)
(-12.3111 -6.0147 -4.66196e-14)
(-13.0734 -5.54531 -8.8991e-14)
(-13.6928 -5.03705 -1.66194e-13)
(-14.1454 -4.46056 -2.88788e-13)
(-14.4641 -3.83258 -4.8018e-13)
(-14.6415 -3.16735 -7.68668e-13)
(-14.6745 -2.46111 -1.19043e-12)
(-14.5634 -1.73165 -1.7618e-12)
(-14.3073 -0.99591 -2.48796e-12)
(-13.9104 -0.275753 -3.37245e-12)
(-13.3798 0.404871 -4.38919e-12)
)
;
    }
    inlet
    {
        type            calculated;
        value           uniform (0 0 0);
    }
    rWedge
    {
        type            wedge;
    }
    lWedge
    {
        type            wedge;
    }
    outlet
    {
        type            calculated;
        value           nonuniform 0();
    }
    procBoundary1to0
    {
        type            processor;
        value           uniform (0 0 0);
    }
    procBoundary1to2
    {
        type            processor;
        value           uniform (0 0 0);
    }
}


// ************************************************************************* //
