/*--------------------------------*- C++ -*----------------------------------*\
| =========                 |                                                 |
| \\      /  F ield         | OpenFOAM: The Open Source CFD Toolbox           |
|  \\    /   O peration     | Version:  v1706                                 |
|   \\  /    A nd           | Web:      www.OpenFOAM.com                      |
|    \\/     M anipulation  |                                                 |
\*---------------------------------------------------------------------------*/
FoamFile
{
    version     2.0;
    format      ascii;
    class       volVectorField;
    location    "3.5e-05";
    object      wallShearStress;
}
// * * * * * * * * * * * * * * * * * * * * * * * * * * * * * * * * * * * * * //

dimensions      [1 -1 -2 0 0 0 0];


internalField   uniform (0 0 0);

boundaryField
{
    cone
    {
        type            calculated;
        value           nonuniform List<vector> 
153
(
(-71.5595 -61.3741 -9.16249e-14)
(-71.7685 -60.8421 -8.6466e-14)
(-71.9669 -60.3043 -8.49313e-14)
(-72.1547 -59.7608 -8.58327e-14)
(-72.3315 -59.2116 -8.0697e-14)
(-72.4974 -58.6567 -7.77301e-14)
(-72.6522 -58.0964 -7.97413e-14)
(-72.796 -57.531 -7.5871e-14)
(-72.9287 -56.9605 -7.37122e-14)
(-73.0504 -56.3852 -7.22094e-14)
(-73.161 -55.8054 -7.22816e-14)
(-73.2605 -55.2211 -6.99127e-14)
(-73.3489 -54.6328 -7.03577e-14)
(-73.4262 -54.0405 -6.75135e-14)
(-73.4925 -53.4444 -6.34907e-14)
(-73.5476 -52.8448 -6.2433e-14)
(-73.5915 -52.2418 -6.4039e-14)
(-73.6243 -51.6356 -5.88826e-14)
(-73.6459 -51.0264 -5.83877e-14)
(-73.6562 -50.4143 -5.8582e-14)
(-73.6549 -49.7996 -5.63337e-14)
(-73.6421 -49.1825 -5.5121e-14)
(-73.6175 -48.5631 -5.10792e-14)
(-73.581 -47.9414 -4.96252e-14)
(-73.5323 -47.3176 -4.93064e-14)
(-73.4712 -46.6918 -4.67504e-14)
(-73.3971 -46.0641 -4.89238e-14)
(-73.3098 -45.4346 -4.85886e-14)
(-73.2086 -44.8032 -4.51265e-14)
(-73.0929 -44.1701 -4.47101e-14)
(-72.9617 -43.5353 -4.66199e-14)
(-72.8142 -42.8986 -4.31335e-14)
(-72.6491 -42.26 -4.41111e-14)
(-72.4649 -41.6195 -3.95415e-14)
(-72.26 -40.9768 -3.9159e-14)
(-72.0323 -40.3317 -3.84624e-14)
(-71.7793 -39.684 -3.82934e-14)
(-71.4981 -39.0334 -3.85844e-14)
(-71.1852 -38.3794 -3.91756e-14)
(-70.8365 -37.7217 -3.67553e-14)
(-70.4468 -37.0596 -3.49272e-14)
(-70.0103 -36.392 -3.57669e-14)
(-69.52 -35.7196 -3.32582e-14)
(-68.9657 -35.0413 -3.20488e-14)
(-68.3355 -34.3558 -3.19499e-14)
(-67.6117 -33.6632 -3.06504e-14)
(-66.7778 -32.9671 -3.03926e-14)
(-65.767 -32.3266 -2.89029e-14)
(-64.6754 -31.5632 -2.84968e-14)
(-63.6504 -30.8084 -2.63953e-14)
(-62.704 -30.2269 -2.79859e-14)
(-61.8411 -29.7325 -2.77119e-14)
(-61.0437 -29.2896 -2.71385e-14)
(-60.2983 -28.8855 -2.64452e-14)
(-59.5958 -28.5124 -2.56234e-14)
(-58.9296 -28.1644 -2.50167e-14)
(-58.2947 -27.8374 -2.58569e-14)
(-57.687 -27.5281 -2.50806e-14)
(-57.1031 -27.2342 -2.38719e-14)
(-56.5404 -26.9536 -2.50385e-14)
(-55.9963 -26.6848 -2.31398e-14)
(-55.4691 -26.4263 -2.2297e-14)
(-54.957 -26.1771 -2.30164e-14)
(-54.4583 -25.9362 -2.31469e-14)
(-53.972 -25.7027 -2.29383e-14)
(-53.4967 -25.476 -2.07939e-14)
(-53.0314 -25.2554 -2.02861e-14)
(-52.5753 -25.0403 -1.91216e-14)
(-52.1273 -24.8302 -2.09151e-14)
(-51.6868 -24.6247 -2.04943e-14)
(-51.2532 -24.4231 -1.87096e-14)
(-50.8262 -24.225 -1.80373e-14)
(-50.4049 -24.0307 -1.69007e-14)
(-49.9886 -23.8397 -1.66292e-14)
(-49.5769 -23.6514 -1.75985e-14)
(-49.1693 -23.4657 -1.77545e-14)
(-48.7652 -23.2827 -1.71258e-14)
(-48.3643 -23.103 -1.64107e-14)
(-47.9674 -22.924 -1.75601e-14)
(-47.5734 -22.7447 -1.77059e-14)
(-47.1815 -22.5681 -1.65262e-14)
(-46.7919 -22.3937 -1.61708e-14)
(-46.4044 -22.2206 -1.51062e-14)
(-46.0187 -22.0484 -1.40618e-14)
(-45.6347 -21.8772 -1.58498e-14)
(-45.2522 -21.7069 -1.507e-14)
(-44.871 -21.5373 -1.41466e-14)
(-44.491 -21.3684 -1.48551e-14)
(-44.1121 -21.2001 -1.5347e-14)
(-43.734 -21.0324 -1.43784e-14)
(-43.3569 -20.865 -1.45014e-14)
(-42.9805 -20.698 -1.29632e-14)
(-42.6048 -20.5313 -1.15924e-14)
(-42.2298 -20.3649 -1.27063e-14)
(-41.8553 -20.1987 -1.17579e-14)
(-41.4815 -20.0326 -1.2157e-14)
(-41.1081 -19.8667 -1.35153e-14)
(-40.7353 -19.7008 -1.22246e-14)
(-40.363 -19.5351 -1.14498e-14)
(-39.9912 -19.3694 -8.37102e-15)
(-39.62 -19.2037 -1.08469e-14)
(-39.2493 -19.0381 -8.22587e-15)
(-38.8792 -18.8725 -9.93921e-15)
(-38.5096 -18.7069 -1.11691e-14)
(-38.1407 -18.5414 -8.52719e-15)
(-37.7725 -18.3759 -9.99445e-15)
(-37.405 -18.2104 -1.10763e-14)
(-37.0382 -18.0449 -1.16688e-14)
(-36.6723 -17.8796 -8.98821e-15)
(-36.3072 -17.7143 -8.96472e-15)
(-35.943 -17.5491 -7.68156e-15)
(-35.5799 -17.384 -1.04553e-14)
(-35.2178 -17.2191 -6.43711e-15)
(-34.8568 -17.0543 -6.64425e-15)
(-34.497 -16.8897 -6.67038e-15)
(-34.1385 -16.7254 -6.7505e-15)
(-33.7813 -16.5613 -7.56051e-15)
(-33.4255 -16.3975 -7.36072e-15)
(-33.0711 -16.2341 -6.16022e-15)
(-32.7183 -16.0709 -6.68186e-15)
(-32.3671 -15.9082 -7.05356e-15)
(-32.0176 -15.7459 -5.39746e-15)
(-31.6698 -15.584 -7.35935e-15)
(-31.3239 -15.4227 -8.51052e-15)
(-30.9799 -15.2618 -6.45685e-15)
(-30.6378 -15.1016 -5.76584e-15)
(-30.2978 -14.942 -7.21818e-15)
(-29.9599 -14.783 -4.9219e-15)
(-29.6242 -14.6247 -5.25964e-15)
(-29.2907 -14.4671 -5.68121e-15)
(-28.9596 -14.3103 -5.20108e-15)
(-28.6308 -14.1543 -4.54421e-15)
(-28.3046 -13.9992 -2.24528e-15)
(-27.9808 -13.845 -3.02028e-15)
(-27.6596 -13.6917 -1.91966e-15)
(-27.3411 -13.5393 -3.45027e-16)
(-27.0253 -13.388 -2.68728e-15)
(-26.7122 -13.2377 -1.20773e-15)
(-26.4019 -13.0884 -1.82484e-15)
(-26.0945 -12.9403 -3.79611e-15)
(-25.79 -12.7933 -5.70427e-15)
(-25.4884 -12.6475 -5.27777e-15)
(-25.1899 -12.503 -3.15551e-15)
(-24.8944 -12.3596 -1.14599e-15)
(-24.6019 -12.2175 -1.89667e-15)
(-24.3126 -12.0768 -3.92588e-15)
(-24.0264 -11.9373 -2.49302e-15)
(-23.7434 -11.7992 -1.56541e-15)
(-23.4635 -11.6624 -2.79125e-15)
(-23.187 -11.5271 -3.79014e-15)
(-22.9136 -11.3931 -2.42666e-15)
(-22.6439 -11.2604 -3.28323e-15)
(-22.3775 -11.1296 -9.23734e-17)
)
;
    }
    inlet
    {
        type            calculated;
        value           uniform (0 0 0);
    }
    rWedge
    {
        type            wedge;
    }
    lWedge
    {
        type            wedge;
    }
    outlet
    {
        type            calculated;
        value           nonuniform 0();
    }
    procBoundary2to0
    {
        type            processor;
        value           uniform (0 0 0);
    }
    procBoundary2to1
    {
        type            processor;
        value           uniform (0 0 0);
    }
    procBoundary2to3
    {
        type            processor;
        value           uniform (0 0 0);
    }
}


// ************************************************************************* //
