/*--------------------------------*- C++ -*----------------------------------*\
| =========                 |                                                 |
| \\      /  F ield         | OpenFOAM: The Open Source CFD Toolbox           |
|  \\    /   O peration     | Version:  v1706                                 |
|   \\  /    A nd           | Web:      www.OpenFOAM.com                      |
|    \\/     M anipulation  |                                                 |
\*---------------------------------------------------------------------------*/
FoamFile
{
    version     2.0;
    format      ascii;
    class       volVectorField;
    location    "3.1e-05";
    object      wallShearStress;
}
// * * * * * * * * * * * * * * * * * * * * * * * * * * * * * * * * * * * * * //

dimensions      [1 -1 -2 0 0 0 0];


internalField   uniform (0 0 0);

boundaryField
{
    cone
    {
        type            calculated;
        value           nonuniform List<vector> 
147
(
(-0.497697 -0.519706 -1.04865e-13)
(-0.508463 -0.821064 -1.21101e-13)
(-0.519595 -1.14094 -2.72042e-13)
(-0.536003 -1.45932 -3.57991e-13)
(-0.555835 -1.78035 -4.49964e-13)
(-0.579336 -2.10156 -5.19136e-13)
(-0.606426 -2.42298 -6.02154e-13)
(-0.637055 -2.74417 -6.72415e-13)
(-0.671586 -3.06524 -7.48681e-13)
(-0.708556 -3.38847 -7.90648e-13)
(-0.748784 -3.71258 -8.54344e-13)
(-0.793516 -4.03499 -9.07924e-13)
(-0.842584 -4.35514 -9.46114e-13)
(-0.89554 -4.67338 -9.73902e-13)
(-0.952172 -4.99005 -1.00023e-12)
(-1.01243 -5.30527 -1.02367e-12)
(-1.07629 -5.61904 -1.04639e-12)
(-1.14376 -5.93133 -1.05842e-12)
(-1.21478 -6.24209 -1.07329e-12)
(-1.28936 -6.55124 -1.09473e-12)
(-1.36744 -6.85873 -1.09999e-12)
(-1.44901 -7.16448 -1.10228e-12)
(-1.53403 -7.46843 -1.09849e-12)
(-1.62248 -7.77051 -1.09804e-12)
(-1.71431 -8.07063 -1.08863e-12)
(-1.80949 -8.36874 -1.07856e-12)
(-1.90799 -8.66475 -1.06669e-12)
(-2.00977 -8.9586 -1.06157e-12)
(-2.11479 -9.2502 -1.04684e-12)
(-2.22302 -9.5395 -1.03048e-12)
(-2.3344 -9.82641 -1.01693e-12)
(-2.44891 -10.1109 -9.98077e-13)
(-2.56649 -10.3928 -9.78329e-13)
(-2.6871 -10.6721 -9.63352e-13)
(-2.8107 -10.9488 -9.44404e-13)
(-2.93723 -11.2227 -9.28032e-13)
(-3.06666 -11.4938 -9.10331e-13)
(-3.19893 -11.7621 -8.87146e-13)
(-3.33398 -12.0274 -8.64627e-13)
(-3.47177 -12.2897 -8.42545e-13)
(-3.61225 -12.549 -8.24364e-13)
(-3.75536 -12.8051 -8.13438e-13)
(-3.90103 -13.0581 -7.93497e-13)
(-4.04923 -13.3078 -7.67458e-13)
(-4.19988 -13.5541 -7.49421e-13)
(-4.35294 -13.7971 -7.31103e-13)
(-4.50833 -14.0367 -7.16749e-13)
(-4.66599 -14.2728 -6.95583e-13)
(-4.82588 -14.5054 -6.76158e-13)
(-4.98792 -14.7343 -6.53619e-13)
(-5.15204 -14.9597 -6.37564e-13)
(-5.31819 -15.1813 -6.20481e-13)
(-5.48629 -15.3992 -6.04937e-13)
(-5.65629 -15.6133 -5.86164e-13)
(-5.82811 -15.8236 -5.70368e-13)
(-6.0017 -16.03 -5.55575e-13)
(-6.17697 -16.2325 -5.41699e-13)
(-6.35387 -16.431 -5.23587e-13)
(-6.53232 -16.6255 -5.11521e-13)
(-6.71226 -16.816 -4.95076e-13)
(-6.89362 -17.0024 -4.80344e-13)
(-7.07632 -17.1847 -4.69526e-13)
(-7.26031 -17.3629 -4.59796e-13)
(-7.4455 -17.5369 -4.48966e-13)
(-7.63183 -17.7066 -4.33698e-13)
(-7.81922 -17.8721 -4.20045e-13)
(-8.0076 -18.0334 -4.08403e-13)
(-8.19691 -18.1904 -3.93748e-13)
(-8.38708 -18.343 -3.84097e-13)
(-8.57801 -18.4913 -3.70215e-13)
(-8.76964 -18.6352 -3.66515e-13)
(-8.96191 -18.7747 -3.57329e-13)
(-9.15473 -18.9098 -3.48984e-13)
(-9.34804 -19.0405 -3.32792e-13)
(-9.54174 -19.1668 -3.25122e-13)
(-9.73579 -19.2885 -3.12728e-13)
(-9.93007 -19.4058 -3.02701e-13)
(-10.1245 -19.5186 -2.93261e-13)
(-10.3191 -19.6268 -2.85888e-13)
(-10.5137 -19.7306 -2.76105e-13)
(-10.7083 -19.8298 -2.69584e-13)
(-10.9027 -19.9245 -2.62817e-13)
(-11.0969 -20.0147 -2.54254e-13)
(-11.2908 -20.1003 -2.4856e-13)
(-11.4844 -20.1813 -2.37956e-13)
(-11.6775 -20.2578 -2.32333e-13)
(-11.8702 -20.3298 -2.25262e-13)
(-12.0622 -20.3972 -2.20784e-13)
(-12.2536 -20.4601 -2.13985e-13)
(-12.4442 -20.5184 -2.09058e-13)
(-12.6341 -20.5722 -2.02247e-13)
(-12.823 -20.6215 -1.95957e-13)
(-13.0109 -20.6662 -1.88985e-13)
(-13.1979 -20.7065 -1.82208e-13)
(-13.3837 -20.7422 -1.76039e-13)
(-13.5683 -20.7735 -1.72865e-13)
(-13.7516 -20.8003 -1.67887e-13)
(-13.9336 -20.8226 -1.6433e-13)
(-14.1142 -20.8405 -1.58971e-13)
(-14.2932 -20.8539 -1.53572e-13)
(-14.4707 -20.8629 -1.49776e-13)
(-14.6466 -20.8676 -1.44359e-13)
(-14.8207 -20.8678 -1.42585e-13)
(-14.9931 -20.8638 -1.35866e-13)
(-15.1636 -20.8553 -1.31286e-13)
(-15.3321 -20.8426 -1.2968e-13)
(-15.4986 -20.8255 -1.26111e-13)
(-15.663 -20.8042 -1.21193e-13)
(-15.8252 -20.7787 -1.2042e-13)
(-15.9852 -20.7489 -1.16367e-13)
(-16.1429 -20.7149 -1.11504e-13)
(-16.2981 -20.6768 -1.08612e-13)
(-16.4509 -20.6345 -1.0734e-13)
(-16.6011 -20.5881 -1.0291e-13)
(-16.7488 -20.5377 -1.00406e-13)
(-16.8937 -20.4832 -9.62808e-14)
(-17.0358 -20.4246 -9.40663e-14)
(-17.1751 -20.3621 -8.84855e-14)
(-17.3114 -20.2957 -8.46913e-14)
(-17.4448 -20.2253 -8.32448e-14)
(-17.5751 -20.151 -8.08723e-14)
(-17.7022 -20.0729 -7.8484e-14)
(-17.8261 -19.991 -7.7469e-14)
(-17.9467 -19.9054 -7.43612e-14)
(-18.0639 -19.816 -7.06768e-14)
(-18.1777 -19.7229 -6.97964e-14)
(-18.2879 -19.6261 -6.65769e-14)
(-18.3946 -19.5257 -6.3882e-14)
(-18.4975 -19.4218 -6.13636e-14)
(-18.5967 -19.3144 -5.873e-14)
(-18.692 -19.2034 -5.79073e-14)
(-18.7834 -19.089 -5.46238e-14)
(-18.8707 -18.9712 -5.36476e-14)
(-18.954 -18.8501 -5.03305e-14)
(-19.0332 -18.7256 -4.91566e-14)
(-19.108 -18.5978 -4.69065e-14)
(-19.1786 -18.4668 -4.65414e-14)
(-19.2447 -18.3327 -4.4643e-14)
(-19.3064 -18.1953 -4.34016e-14)
(-19.3635 -18.0549 -4.25432e-14)
(-19.416 -17.9115 -4.18341e-14)
(-19.4637 -17.7652 -4.05403e-14)
(-19.5064 -17.616 -3.92863e-14)
(-19.544 -17.4639 -3.79638e-14)
(-19.5764 -17.3088 -3.60187e-14)
(-19.6038 -17.1506 -3.48349e-14)
(-0.531287 -0.230004 -3.91785e-14)
)
;
    }
    inlet
    {
        type            calculated;
        value           uniform (0 0 0);
    }
    rWedge
    {
        type            wedge;
    }
    lWedge
    {
        type            wedge;
    }
    outlet
    {
        type            calculated;
        value           nonuniform 0();
    }
    procBoundary3to2
    {
        type            processor;
        value           uniform (0 0 0);
    }
}


// ************************************************************************* //
