/*--------------------------------*- C++ -*----------------------------------*\
| =========                 |                                                 |
| \\      /  F ield         | OpenFOAM: The Open Source CFD Toolbox           |
|  \\    /   O peration     | Version:  v1706                                 |
|   \\  /    A nd           | Web:      www.OpenFOAM.com                      |
|    \\/     M anipulation  |                                                 |
\*---------------------------------------------------------------------------*/
FoamFile
{
    version     2.0;
    format      ascii;
    class       volVectorField;
    location    "3.2e-05";
    object      wallShearStress;
}
// * * * * * * * * * * * * * * * * * * * * * * * * * * * * * * * * * * * * * //

dimensions      [1 -1 -2 0 0 0 0];


internalField   uniform (0 0 0);

boundaryField
{
    cone
    {
        type            calculated;
        value           nonuniform List<vector> 
181
(
(-6.49443 -1.93752 -3.10836e-15)
(-6.44127 -1.89838 -3.0156e-15)
(-6.37915 -1.86735 -2.77803e-15)
(-6.311 -1.8453 -3.72766e-15)
(-6.24012 -1.83285 -3.56839e-15)
(-6.17017 -1.8303 -3.60124e-15)
(-6.10521 -1.83738 -3.84918e-15)
(-6.05046 -1.8525 -4.15862e-15)
(-6.01299 -1.87536 -4.11147e-15)
(-5.99454 -1.90165 -3.75174e-15)
(-5.99533 -1.93159 -3.99254e-15)
(-6.0179 -1.96729 -3.80376e-15)
(-6.06981 -2.00241 -4.02004e-15)
(-6.15464 -2.03416 -3.9165e-15)
(-6.27406 -2.05974 -3.6657e-15)
(-6.42895 -2.07576 -3.46508e-15)
(-6.61938 -2.07841 -3.88819e-15)
(-6.84418 -2.06362 -3.80636e-15)
(-7.10049 -2.02719 -3.94502e-15)
(-7.38321 -1.96502 -2.5432e-15)
(-7.68457 -1.87339 -2.21751e-15)
(-7.99366 -1.74941 -2.44794e-15)
(-8.29627 -1.59165 -2.8453e-15)
(-8.5746 -1.4009 -2.55831e-15)
(-8.80743 -1.17986 -2.76707e-15)
(-8.98131 -0.919068 -2.62056e-15)
(-9.07536 -0.643282 -2.90762e-15)
(-9.0684 -0.36136 -2.98646e-15)
(-8.93232 -0.0909563 -3.41331e-15)
(-8.66161 0.159346 -3.70388e-15)
(-8.25906 0.380621 -3.33308e-15)
(-7.73568 0.564908 -2.66277e-15)
(-7.10978 0.704818 -3.05364e-15)
(-6.41773 0.809753 -3.36929e-15)
(-5.68545 0.872546 -2.08148e-15)
(-4.93877 0.895195 -2.06669e-15)
(-4.20209 0.8856 -1.43114e-15)
(-3.49447 0.851061 -2.12151e-15)
(-2.82933 0.798248 -2.36441e-15)
(-2.21473 0.732643 -2.79552e-15)
(-1.65462 0.658933 -1.98962e-15)
(-1.14977 0.58078 -1.92729e-15)
(-0.698802 0.50102 -1.91996e-15)
(-0.299167 0.421916 -2.93835e-15)
(0.0519775 0.344685 -3.18717e-15)
(0.358984 0.26858 -2.48617e-15)
(0.626742 0.19448 -2.58103e-15)
(0.858661 0.125411 -1.90364e-15)
(1.0541 0.0517334 -2.30486e-15)
(1.23122 -0.010282 -1.76224e-15)
(1.37864 -0.0686291 -1.40881e-15)
(1.49912 -0.126901 -1.69576e-15)
(1.59835 -0.182439 -2.32016e-15)
(1.67891 -0.234759 -2.59359e-15)
(1.74265 -0.283978 -2.97945e-15)
(1.79109 -0.331112 -2.85195e-15)
(1.82634 -0.375454 -1.98961e-15)
(1.85071 -0.418216 -2.02286e-15)
(1.86405 -0.457552 -2.05065e-15)
(1.8684 -0.495168 -2.42036e-15)
(1.86476 -0.530906 -2.71492e-15)
(1.85402 -0.564481 -2.61909e-15)
(1.83714 -0.595926 -2.60724e-15)
(1.81498 -0.625291 -2.43032e-15)
(1.78831 -0.652614 -2.68508e-15)
(1.75779 -0.677934 -2.30402e-15)
(1.724 -0.701284 -2.49644e-15)
(1.6874 -0.7227 -3.17277e-15)
(1.64838 -0.742217 -2.25891e-15)
(1.60725 -0.759873 -2.58235e-15)
(1.56422 -0.775703 -3.23367e-15)
(1.51949 -0.789746 -2.79991e-15)
(1.4732 -0.802038 -2.73826e-15)
(1.42544 -0.812618 -2.46202e-15)
(1.37633 -0.82152 -2.31946e-15)
(1.32596 -0.828778 -1.93644e-15)
(1.27444 -0.834422 -2.06045e-15)
(1.22189 -0.838479 -1.99238e-15)
(1.16845 -0.840972 -1.66656e-15)
(1.11428 -0.841912 -2.92729e-15)
(1.05958 -0.841305 -3.12207e-15)
(1.00456 -0.839142 -2.4877e-15)
(0.949425 -0.835401 -2.746e-15)
(0.894412 -0.83004 -2.7048e-15)
(0.839749 -0.822998 -2.56193e-15)
(0.785662 -0.814184 -2.39789e-15)
(0.732363 -0.80348 -2.22657e-15)
(0.680052 -0.79074 -2.74894e-15)
(0.628909 -0.77578 -2.90123e-15)
(0.579091 -0.758387 -2.48427e-15)
(0.530741 -0.738319 -3.32606e-15)
(0.48398 -0.715304 -3.32096e-15)
(0.438919 -0.689059 -3.6726e-15)
(0.395661 -0.659289 -3.30795e-15)
(0.354315 -0.625706 -3.62306e-15)
(0.314998 -0.588047 -3.49961e-15)
(0.27785 -0.546088 -3.18388e-15)
(0.24305 -0.499679 -3.32725e-15)
(0.210815 -0.448748 -2.48169e-15)
(0.181247 -0.392945 -2.07086e-15)
(0.154717 -0.333235 -2.72913e-15)
(0.132523 -0.269428 -2.89788e-15)
(0.113213 -0.201468 -2.30292e-15)
(0.0975683 -0.131629 -2.44752e-15)
(0.0881212 -0.0585891 -1.54393e-15)
(0.0836731 0.0157815 -2.2281e-15)
(0.0848528 0.0895614 -1.21494e-15)
(0.0924729 0.161966 -1.74895e-15)
(0.106806 0.231767 -1.75883e-15)
(0.128203 0.29755 -1.99599e-15)
(0.156897 0.357949 -1.80722e-15)
(0.19297 0.411676 -2.00056e-15)
(0.236332 0.457579 -1.4857e-15)
(0.28671 0.494702 -9.14178e-16)
(0.343646 0.52233 -1.00472e-15)
(0.406496 0.540019 -1.07938e-15)
(0.47453 0.547565 -2.38401e-15)
(0.546683 0.544929 -1.43408e-15)
(0.621593 0.531901 -3.49504e-15)
(0.698414 0.51055 -3.36987e-15)
(0.7772 0.483751 -3.28791e-15)
(0.854279 0.447566 -3.54791e-15)
(0.929581 0.405236 -2.95913e-15)
(1.00207 0.358396 -3.37625e-15)
(1.07061 0.308057 -2.87854e-15)
(1.13421 0.255295 -3.92027e-15)
(1.19205 0.201178 -2.1558e-15)
(1.24342 0.146681 -3.69754e-15)
(1.28776 0.0926863 -2.40985e-15)
(1.32456 0.0400869 -4.29728e-15)
(1.35342 -0.0114093 -4.09366e-15)
(1.37461 -0.0600513 -2.74631e-15)
(1.3878 -0.105933 -1.89727e-15)
(1.39277 -0.1492 -3.24027e-15)
(1.38972 -0.189502 -3.00601e-15)
(1.37875 -0.226632 -3.28441e-15)
(1.35997 -0.260521 -3.92843e-15)
(1.33357 -0.29115 -3.96186e-15)
(1.29977 -0.318528 -4.28058e-15)
(1.25886 -0.342685 -2.65612e-15)
(1.21115 -0.363663 -1.88759e-15)
(1.15699 -0.3815 -3.7146e-15)
(1.09674 -0.396233 -3.96427e-15)
(1.03084 -0.407892 -3.76588e-15)
(0.959753 -0.4165 -2.58192e-15)
(0.884005 -0.422081 -2.58009e-15)
(0.804183 -0.424663 -2.66531e-15)
(0.720947 -0.424289 -2.87872e-15)
(0.635038 -0.421029 -4.44495e-15)
(0.547285 -0.414991 -3.60906e-15)
(0.458613 -0.406338 -2.87639e-15)
(0.370038 -0.395292 -1.85428e-15)
(0.282672 -0.382142 -1.19863e-15)
(0.197713 -0.367242 -2.20087e-15)
(0.116423 -0.350994 -1.1908e-15)
(0.040085 -0.33385 -1.92416e-16)
(-0.0300429 -0.316367 1.8621e-16)
(-0.0927099 -0.299286 8.01687e-16)
(-0.146646 -0.283554 2.41585e-15)
(-0.190686 -0.270382 5.17608e-15)
(-0.224134 -0.260018 6.21967e-15)
(-0.248088 -0.253312 3.04257e-15)
(-0.261589 -0.25075 -1.22698e-14)
(-0.266046 -0.251845 -4.86415e-14)
(-0.263039 -0.256063 -1.26322e-13)
(-0.25168 -0.264737 -2.9595e-13)
(-0.233594 -0.277148 -6.24755e-13)
(-0.209926 -0.292608 -1.20022e-12)
(-0.182055 -0.310957 -2.16314e-12)
(-0.15102 -0.33135 -3.67978e-12)
(-0.118225 -0.353659 -5.9458e-12)
(-0.084748 -0.377117 -9.14835e-12)
(-0.051549 -0.401195 -1.34208e-11)
(-0.0194173 -0.425438 -1.87862e-11)
(0.0110331 -0.449459 -2.51043e-11)
(0.039362 -0.472956 -3.2032e-11)
(0.0652909 -0.495709 -3.90237e-11)
(0.0886869 -0.517573 -4.53797e-11)
(0.109538 -0.538465 -5.0352e-11)
(0.127921 -0.558374 -5.32998e-11)
(0.144031 -0.577319 -5.3803e-11)
)
;
    }
    inlet
    {
        type            calculated;
        value           uniform (0 0 0);
    }
    rWedge
    {
        type            wedge;
    }
    lWedge
    {
        type            wedge;
    }
    outlet
    {
        type            calculated;
        value           nonuniform 0();
    }
    procBoundary1to0
    {
        type            processor;
        value           uniform (0 0 0);
    }
    procBoundary1to2
    {
        type            processor;
        value           uniform (0 0 0);
    }
}


// ************************************************************************* //
