/*--------------------------------*- C++ -*----------------------------------*\
| =========                 |                                                 |
| \\      /  F ield         | OpenFOAM: The Open Source CFD Toolbox           |
|  \\    /   O peration     | Version:  v1706                                 |
|   \\  /    A nd           | Web:      www.OpenFOAM.com                      |
|    \\/     M anipulation  |                                                 |
\*---------------------------------------------------------------------------*/
FoamFile
{
    version     2.0;
    format      ascii;
    class       volVectorField;
    location    "1.6e-05";
    object      wallShearStress;
}
// * * * * * * * * * * * * * * * * * * * * * * * * * * * * * * * * * * * * * //

dimensions      [1 -1 -2 0 0 0 0];


internalField   uniform (0 0 0);

boundaryField
{
    cone
    {
        type            calculated;
        value           nonuniform List<vector> 
153
(
(-176.475 -152.781 -6.42293e-14)
(-176.835 -151.306 -5.3053e-14)
(-177.167 -149.82 -5.19773e-14)
(-177.471 -148.324 -5.85758e-14)
(-177.745 -146.815 -4.9153e-14)
(-177.989 -145.293 -4.30831e-14)
(-178.202 -143.759 -5.28371e-14)
(-178.386 -142.215 -4.32822e-14)
(-178.538 -140.659 -4.01797e-14)
(-178.661 -139.093 -3.98693e-14)
(-178.753 -137.518 -4.07959e-14)
(-178.815 -135.933 -3.73005e-14)
(-178.846 -134.341 -4.23581e-14)
(-178.848 -132.74 -3.65701e-14)
(-178.819 -131.132 -2.96042e-14)
(-178.76 -129.517 -2.80185e-14)
(-178.671 -127.896 -3.38129e-14)
(-178.552 -126.27 -2.45191e-14)
(-178.402 -124.638 -2.44791e-14)
(-178.223 -123.002 -2.54693e-14)
(-178.013 -121.362 -2.17643e-14)
(-177.773 -119.718 -2.15656e-14)
(-177.503 -118.071 -1.15025e-14)
(-177.201 -116.42 -1.04461e-14)
(-176.868 -114.768 -1.13113e-14)
(-176.503 -113.112 -6.36922e-15)
(-176.106 -111.455 -1.44082e-14)
(-175.675 -109.796 -1.23542e-14)
(-175.21 -108.135 -6.05388e-15)
(-174.71 -106.473 -5.71952e-15)
(-174.172 -104.808 -1.2414e-14)
(-173.595 -103.142 -4.95331e-15)
(-172.976 -101.474 -8.72588e-15)
(-172.314 -99.8048 1.05584e-15)
(-171.602 -98.1315 -4.74646e-16)
(-170.838 -96.4541 -1.79019e-15)
(-170.015 -94.7717 -6.86294e-16)
(-169.128 -93.0829 -3.68191e-15)
(-168.167 -91.3861 -4.77024e-15)
(-167.123 -89.6788 -7.26634e-16)
(-165.985 -87.9572 2.88342e-15)
(-164.737 -86.217 3.24178e-16)
(-163.355 -84.4585 6.56323e-15)
(-161.817 -82.6753 5.8776e-15)
(-160.09 -80.8606 4.577e-15)
(-158.114 -79.0118 5.6294e-15)
(-155.841 -77.1131 4.63859e-15)
(-153.066 -75.1996 7.85162e-15)
(-149.813 -73.0836 8.39328e-15)
(-146.694 -71.352 1.06586e-14)
(-143.882 -69.8875 5.91914e-15)
(-141.292 -68.5863 5.07639e-15)
(-138.864 -67.3945 6.54274e-15)
(-136.561 -66.2819 6.12664e-15)
(-134.357 -65.2296 7.31745e-15)
(-132.236 -64.2252 7.71332e-15)
(-130.186 -63.2604 5.36816e-15)
(-128.197 -62.3288 6.84209e-15)
(-126.261 -61.4256 8.04556e-15)
(-124.374 -60.5471 5.07092e-15)
(-122.53 -59.6902 9.02177e-15)
(-120.725 -58.8527 1.03361e-14)
(-118.957 -58.0326 8.49245e-15)
(-117.222 -57.2282 8.46798e-15)
(-115.52 -56.4382 7.05193e-15)
(-113.847 -55.6617 1.0611e-14)
(-112.202 -54.8977 1.36357e-14)
(-110.585 -54.1453 1.44419e-14)
(-108.994 -53.4042 9.92474e-15)
(-107.428 -52.6736 9.99627e-15)
(-105.886 -51.9533 1.44335e-14)
(-104.368 -51.2428 1.59241e-14)
(-102.874 -50.5418 1.78904e-14)
(-101.402 -49.8502 1.84054e-14)
(-99.9525 -49.1677 1.52922e-14)
(-98.5249 -48.4941 1.36066e-14)
(-97.119 -47.8293 1.44804e-14)
(-95.7344 -47.1733 1.4762e-14)
(-94.3709 -46.5258 1.16916e-14)
(-93.0283 -45.8869 1.04155e-14)
(-91.7064 -45.2564 1.29762e-14)
(-90.4049 -44.6344 1.37519e-14)
(-89.1237 -44.0207 1.3902e-14)
(-87.8627 -43.4154 1.52511e-14)
(-86.6217 -42.8183 1.09121e-14)
(-85.4005 -42.2295 1.34625e-14)
(-84.199 -41.649 1.41655e-14)
(-83.0171 -41.0767 1.19876e-14)
(-81.8547 -40.5125 1.01715e-14)
(-80.7116 -39.9566 1.18402e-14)
(-79.5878 -39.4088 9.69297e-15)
(-78.4831 -38.8691 1.29215e-14)
(-77.3974 -38.3375 1.65687e-14)
(-76.3306 -37.814 1.24037e-14)
(-75.2826 -37.2986 1.35073e-14)
(-74.2533 -36.7911 1.12041e-14)
(-73.2425 -36.2917 6.73417e-15)
(-72.2502 -35.8003 1.04406e-14)
(-71.2762 -35.3168 1.08504e-14)
(-70.3204 -34.8412 1.82164e-14)
(-69.3826 -34.3735 9.96947e-15)
(-68.4627 -33.9136 1.59263e-14)
(-67.5604 -33.4616 1.04665e-14)
(-66.6757 -33.0173 5.73029e-15)
(-65.8084 -32.5807 1.2328e-14)
(-64.9582 -32.1518 6.93321e-15)
(-64.125 -31.7305 3.20595e-15)
(-63.3084 -31.3168 9.29199e-16)
(-62.5085 -30.9107 8.7125e-15)
(-61.7248 -30.512 6.80685e-15)
(-60.9571 -30.1207 8.30451e-15)
(-60.2052 -29.7368 -4.40183e-16)
(-59.4689 -29.3602 9.52682e-15)
(-58.7479 -28.9908 7.07643e-15)
(-58.0419 -28.6285 6.81916e-15)
(-57.3507 -28.2733 6.27544e-15)
(-56.674 -27.925 1.85105e-15)
(-56.0116 -27.5836 1.23109e-15)
(-55.3631 -27.2489 2.97586e-15)
(-54.7282 -26.921 -6.42178e-16)
(-54.1067 -26.5996 -2.25208e-15)
(-53.4983 -26.2847 2.31433e-15)
(-52.9026 -25.9762 -3.41734e-15)
(-52.3193 -25.6741 -7.06246e-15)
(-51.7482 -25.3784 -2.68834e-15)
(-51.189 -25.089 -1.59605e-15)
(-50.6416 -24.8059 -8.00304e-15)
(-50.1059 -24.5293 -4.24939e-15)
(-49.5819 -24.2588 -6.25885e-15)
(-49.0695 -23.9946 -9.15007e-15)
(-48.5691 -23.7363 -8.47437e-15)
(-48.0806 -23.4837 -7.68402e-15)
(-47.6041 -23.2362 -3.20654e-15)
(-47.1396 -22.9934 -6.87773e-15)
(-46.6867 -22.7547 -4.28543e-15)
(-46.2447 -22.5194 -9.11987e-16)
(-45.8127 -22.2872 -8.30824e-15)
(-45.3891 -22.0578 -4.42591e-15)
(-44.9722 -21.8314 -5.676e-15)
(-44.5601 -21.6087 -1.11764e-14)
(-44.1509 -21.3909 -1.62739e-14)
(-43.7434 -21.1798 -1.66413e-14)
(-43.3368 -20.9775 -1.31315e-14)
(-42.9317 -20.7864 -9.27686e-15)
(-42.5299 -20.6088 -1.1635e-14)
(-42.135 -20.4465 -1.70985e-14)
(-41.7517 -20.3005 -1.39141e-14)
(-41.3861 -20.1707 -1.22556e-14)
(-41.0452 -20.0551 -1.62383e-14)
(-40.7359 -19.95 -2.01027e-14)
(-40.4645 -19.8496 -1.78901e-14)
(-40.2349 -19.7465 -2.03643e-14)
(-40.0477 -19.6328 -1.29972e-14)
)
;
    }
    inlet
    {
        type            calculated;
        value           uniform (0 0 0);
    }
    rWedge
    {
        type            wedge;
    }
    lWedge
    {
        type            wedge;
    }
    outlet
    {
        type            calculated;
        value           nonuniform 0();
    }
    procBoundary2to0
    {
        type            processor;
        value           uniform (0 0 0);
    }
    procBoundary2to1
    {
        type            processor;
        value           uniform (0 0 0);
    }
    procBoundary2to3
    {
        type            processor;
        value           uniform (0 0 0);
    }
}


// ************************************************************************* //
