/*--------------------------------*- C++ -*----------------------------------*\
| =========                 |                                                 |
| \\      /  F ield         | OpenFOAM: The Open Source CFD Toolbox           |
|  \\    /   O peration     | Version:  v1706                                 |
|   \\  /    A nd           | Web:      www.OpenFOAM.com                      |
|    \\/     M anipulation  |                                                 |
\*---------------------------------------------------------------------------*/
FoamFile
{
    version     2.0;
    format      ascii;
    class       volVectorField;
    location    "1.7e-05";
    object      wallShearStress;
}
// * * * * * * * * * * * * * * * * * * * * * * * * * * * * * * * * * * * * * //

dimensions      [1 -1 -2 0 0 0 0];


internalField   uniform (0 0 0);

boundaryField
{
    cone
    {
        type            calculated;
        value           nonuniform List<vector> 
181
(
(-42.5026 -20.5112 -8.69423e-15)
(-42.1482 -20.3129 -7.70161e-15)
(-41.7918 -20.1187 -6.60576e-15)
(-41.4318 -19.9311 -1.02716e-14)
(-41.0675 -19.7532 -8.85848e-15)
(-40.7 -19.588 -9.9197e-15)
(-40.3321 -19.4385 -1.12038e-14)
(-39.9683 -19.3069 -1.43699e-14)
(-39.6148 -19.1946 -1.527e-14)
(-39.2794 -19.1012 -1.30895e-14)
(-38.9703 -19.0246 -1.54193e-14)
(-38.6963 -18.9601 -1.50098e-14)
(-38.4646 -18.9007 -1.84153e-14)
(-38.2801 -18.8379 -1.84789e-14)
(-38.1431 -18.7628 -1.90159e-14)
(-38.0494 -18.6678 -1.86903e-14)
(-37.9914 -18.5455 -2.10675e-14)
(-37.9607 -18.3876 -2.13796e-14)
(-37.9458 -18.1856 -2.35584e-14)
(-37.9116 -17.9568 -1.7023e-14)
(-37.8498 -17.6928 -1.67374e-14)
(-37.7765 -17.3846 -1.82837e-14)
(-37.6424 -17.0495 -1.90606e-14)
(-37.4396 -16.6983 -1.78518e-14)
(-37.1621 -16.343 -1.98684e-14)
(-36.8063 -15.996 -1.88273e-14)
(-36.3733 -15.6701 -2.09288e-14)
(-35.8686 -15.3774 -2.17426e-14)
(-35.3013 -15.1282 -2.45804e-14)
(-34.6835 -14.9306 -2.77994e-14)
(-34.0288 -14.7905 -2.64781e-14)
(-33.3523 -14.7102 -2.28752e-14)
(-32.6698 -14.6883 -2.57684e-14)
(-31.9965 -14.7196 -2.88103e-14)
(-31.3447 -14.7976 -1.96944e-14)
(-30.726 -14.919 -2.35509e-14)
(-30.1407 -15.0732 -1.72266e-14)
(-29.5802 -15.2636 -2.21773e-14)
(-29.0628 -15.5035 -2.38356e-14)
(-28.5912 -15.7797 -3.10459e-14)
(-28.1731 -16.0906 -2.44538e-14)
(-27.8155 -16.4371 -2.39083e-14)
(-27.5287 -16.8218 -2.19443e-14)
(-27.3244 -17.2397 -2.96719e-14)
(-27.2218 -17.6867 -3.2193e-14)
(-27.238 -18.1592 -2.69071e-14)
(-27.3922 -18.6481 -3.01619e-14)
(-27.7035 -19.143 -2.19534e-14)
(-28.19 -19.6305 -2.91307e-14)
(-28.8673 -20.0938 -2.52324e-14)
(-29.7467 -20.5127 -2.22022e-14)
(-30.8328 -20.8641 -2.28416e-14)
(-32.1213 -21.1227 -2.73645e-14)
(-33.5969 -21.2618 -2.88588e-14)
(-35.2324 -21.2542 -3.38869e-14)
(-36.9874 -21.0738 -3.58039e-14)
(-38.8106 -20.6961 -2.79589e-14)
(-40.6437 -20.0947 -2.77373e-14)
(-42.4033 -19.2133 -2.70195e-14)
(-44.0131 -18.096 -2.90336e-14)
(-45.4647 -16.7517 -3.0497e-14)
(-46.6008 -15.0719 -3.02808e-14)
(-47.3998 -13.1404 -3.02659e-14)
(-47.8009 -10.9591 -2.7954e-14)
(-47.7498 -8.56524 -3.14143e-14)
(-47.2137 -6.03119 -2.72956e-14)
(-46.1638 -3.45055 -2.65645e-14)
(-44.5935 -0.948961 -3.25939e-14)
(-42.518 1.33328 -2.31484e-14)
(-39.9829 3.25838 -2.37188e-14)
(-37.0652 4.71398 -2.68796e-14)
(-33.869 5.63324 -2.31748e-14)
(-30.514 6.00483 -2.27487e-14)
(-27.1217 5.86941 -2.03139e-14)
(-23.8011 5.3055 -1.92479e-14)
(-20.6393 4.41055 -1.67093e-14)
(-17.6973 3.28358 -1.65993e-14)
(-15.0105 2.0123 -1.53132e-14)
(-12.5921 0.665848 -1.24638e-14)
(-10.4373 -0.708793 -1.88076e-14)
(-8.52511 -2.08966 -1.96098e-14)
(-6.87177 -3.46964 -1.59624e-14)
(-5.40372 -4.78169 -1.77413e-14)
(-4.13959 -6.05012 -1.77935e-14)
(-3.07511 -7.28739 -1.69648e-14)
(-2.17851 -8.47839 -1.57672e-14)
(-1.44115 -9.62791 -1.47462e-14)
(-0.855565 -10.7417 -1.71935e-14)
(-0.415793 -11.8168 -1.76787e-14)
(-0.121358 -12.8598 -1.59466e-14)
(0.0294095 -13.872 -2.00419e-14)
(0.0344478 -14.8517 -1.97169e-14)
(-0.110095 -15.7967 -2.29045e-14)
(-0.409356 -16.7036 -2.22109e-14)
(-0.869372 -17.5668 -2.39262e-14)
(-1.49659 -18.3786 -2.44936e-14)
(-2.29689 -19.1295 -2.33997e-14)
(-3.27464 -19.8083 -2.7084e-14)
(-4.43124 -20.4021 -2.35837e-14)
(-5.76368 -20.898 -2.21798e-14)
(-7.26283 -21.284 -2.70955e-14)
(-8.91212 -21.5505 -2.90477e-14)
(-10.6867 -21.6924 -2.68571e-14)
(-12.5536 -21.7109 -3.10262e-14)
(-14.4732 -21.6138 -2.55477e-14)
(-16.4018 -21.4164 -3.2348e-14)
(-18.2962 -21.1392 -2.43102e-14)
(-20.1173 -20.8061 -2.76944e-14)
(-21.8349 -20.4402 -2.73725e-14)
(-23.4297 -20.0604 -3.03387e-14)
(-24.8946 -19.6788 -2.88035e-14)
(-26.2326 -19.2988 -3.10249e-14)
(-27.4544 -18.9155 -2.70792e-14)
(-28.5741 -18.5175 -2.08639e-14)
(-29.6057 -18.09 -2.06841e-14)
(-30.5614 -17.6158 -1.86835e-14)
(-31.451 -17.0734 -2.88093e-14)
(-32.2814 -16.4276 -1.5778e-14)
(-33.0196 -15.6925 -3.3785e-14)
(-33.7152 -14.8783 -3.14026e-14)
(-34.3105 -13.9194 -3.06307e-14)
(-34.8128 -12.8387 -3.42804e-14)
(-35.2092 -11.6328 -2.88058e-14)
(-35.4858 -10.2997 -3.17874e-14)
(-35.6278 -8.84578 -2.70905e-14)
(-35.6201 -7.2837 -3.75953e-14)
(-35.4489 -5.63517 -2.1205e-14)
(-35.1005 -3.93053 -3.39447e-14)
(-34.5635 -2.20889 -2.20038e-14)
(-33.8315 -0.517719 -3.6321e-14)
(-32.9036 1.09112 -3.38183e-14)
(-31.7868 2.56552 -2.43409e-14)
(-30.4969 3.8587 -1.74339e-14)
(-29.0584 4.93484 -2.42492e-14)
(-27.5039 5.77351 -2.18891e-14)
(-25.8716 6.37153 -2.18871e-14)
(-24.2021 6.74226 -2.48011e-14)
(-22.5346 6.91205 -2.39486e-14)
(-20.9039 6.91538 -2.50525e-14)
(-19.3384 6.78973 -1.68985e-14)
(-17.8585 6.57117 -1.23501e-14)
(-16.4774 6.29146 -2.0306e-14)
(-15.2014 5.97658 -2.11668e-14)
(-14.0314 5.64633 -2.01239e-14)
(-12.9646 5.31484 -1.48865e-14)
(-11.9955 4.99155 -1.42763e-14)
(-11.1169 4.6822 -1.39236e-14)
(-10.3214 4.38981 -1.46384e-14)
(-9.60106 4.11552 -2.00832e-14)
(-8.9485 3.85915 -1.68329e-14)
(-8.35669 3.61966 -1.4773e-14)
(-7.8192 3.39549 -1.1637e-14)
(-7.33016 3.18476 -9.7551e-15)
(-6.88435 2.98547 -1.39925e-14)
(-6.47709 2.79559 -1.2247e-14)
(-6.10429 2.6132 -1.08702e-14)
(-5.76238 2.43651 -1.32385e-14)
(-5.4483 2.26398 -1.63018e-14)
(-5.15946 2.09433 -1.68185e-14)
(-4.8937 1.92654 -1.45301e-14)
(-4.6492 1.75987 -1.38287e-14)
(-4.4244 1.59364 -1.17633e-14)
(-4.2175 1.4264 -1.62545e-14)
(-4.02929 1.258 -1.65641e-14)
(-3.85819 1.09306 -6.12855e-15)
(-3.70152 0.929271 -4.08914e-15)
(-3.56127 0.762561 -1.32775e-14)
(-3.43582 0.596912 -1.02871e-14)
(-3.32474 0.432263 -1.55863e-14)
(-3.22759 0.268774 -1.50252e-14)
(-3.14386 0.106644 -2.81585e-14)
(-3.07322 -0.0534874 -1.01921e-13)
(-3.01519 -0.211364 -3.58682e-13)
(-2.96931 -0.366752 -1.11201e-12)
(-2.93515 -0.519274 -3.01203e-12)
(-2.91231 -0.668558 -7.11839e-12)
(-2.90038 -0.814245 -1.47264e-11)
(-2.89902 -0.955956 -2.68371e-11)
(-2.90789 -1.09328 -4.3456e-11)
(-2.92672 -1.22575 -6.3098e-11)
(-2.95526 -1.35284 -8.28828e-11)
)
;
    }
    inlet
    {
        type            calculated;
        value           uniform (0 0 0);
    }
    rWedge
    {
        type            wedge;
    }
    lWedge
    {
        type            wedge;
    }
    outlet
    {
        type            calculated;
        value           nonuniform 0();
    }
    procBoundary1to0
    {
        type            processor;
        value           uniform (0 0 0);
    }
    procBoundary1to2
    {
        type            processor;
        value           uniform (0 0 0);
    }
}


// ************************************************************************* //
