/*--------------------------------*- C++ -*----------------------------------*\
| =========                 |                                                 |
| \\      /  F ield         | OpenFOAM: The Open Source CFD Toolbox           |
|  \\    /   O peration     | Version:  v1706                                 |
|   \\  /    A nd           | Web:      www.OpenFOAM.com                      |
|    \\/     M anipulation  |                                                 |
\*---------------------------------------------------------------------------*/
FoamFile
{
    version     2.0;
    format      ascii;
    class       volVectorField;
    location    "1.4e-05";
    object      wallShearStress;
}
// * * * * * * * * * * * * * * * * * * * * * * * * * * * * * * * * * * * * * //

dimensions      [1 -1 -2 0 0 0 0];


internalField   uniform (0 0 0);

boundaryField
{
    cone
    {
        type            calculated;
        value           nonuniform List<vector> 
119
(
(0.0405464 -0.102301 1.2983e-13)
(0.0442628 -0.109507 9.75357e-14)
(0.0474331 -0.115658 7.03172e-14)
(0.0501315 -0.120901 4.86333e-14)
(0.0524242 -0.125364 3.219e-14)
(0.0543688 -0.129159 2.11308e-14)
(0.0560144 -0.132385 1.30795e-14)
(0.0574059 -0.135116 7.73518e-15)
(0.0585792 -0.137433 4.14193e-15)
(0.0595656 -0.139389 2.12888e-15)
(0.0603942 -0.141042 1.16958e-15)
(0.061088 -0.142437 7.07509e-16)
(0.0616672 -0.143611 1.25497e-15)
(0.0621493 -0.144599 1.25413e-15)
(0.0625491 -0.145428 1.2262e-15)
(0.0628792 -0.146124 4.84458e-16)
(0.0631504 -0.146706 8.42928e-16)
(0.0633718 -0.147192 5.93403e-16)
(0.0635512 -0.147597 4.17519e-16)
(0.0636951 -0.147933 -2.65516e-16)
(0.0638093 -0.148213 -7.48603e-16)
(0.0638984 -0.148444 -3.46512e-16)
(0.0639664 -0.148634 -3.02633e-16)
(0.0640167 -0.14879 6.98389e-16)
(0.0640522 -0.148917 1.17676e-15)
(0.0640753 -0.14902 9.05106e-16)
(0.0640881 -0.149103 5.16687e-16)
(0.0640921 -0.149168 1.17038e-16)
(0.064089 -0.14922 2.02931e-16)
(0.0640799 -0.14926 7.38818e-16)
(0.0640659 -0.14929 3.53737e-16)
(0.0640477 -0.149311 1.16524e-16)
(0.0640261 -0.149326 8.71891e-16)
(0.0640017 -0.149335 3.04157e-16)
(0.0639751 -0.149339 6.41034e-16)
(0.0639465 -0.149339 8.9497e-16)
(0.0639164 -0.149335 1.25189e-15)
(0.0638851 -0.149329 8.08686e-16)
(0.0638527 -0.14932 6.82999e-16)
(0.0638196 -0.14931 6.65275e-16)
(0.0637858 -0.149298 3.58721e-17)
(0.0637515 -0.149285 4.21346e-16)
(0.0637168 -0.14927 4.77919e-16)
(0.0636818 -0.149255 -2.76124e-17)
(0.0636466 -0.149238 -1.2382e-17)
(0.0636112 -0.149221 -3.43344e-16)
(0.0635757 -0.149204 6.06096e-16)
(0.0635402 -0.149186 1.42484e-15)
(0.0635046 -0.149168 5.89903e-16)
(0.0634691 -0.149149 6.46974e-16)
(0.0634337 -0.149131 6.89167e-16)
(0.0633983 -0.149112 6.43259e-16)
(0.063363 -0.149093 5.99634e-16)
(0.0633277 -0.149073 5.91409e-16)
(0.0632926 -0.149054 -1.34035e-16)
(0.0632576 -0.149034 6.85194e-16)
(0.0632227 -0.149015 6.94283e-16)
(0.0631879 -0.148995 9.00149e-17)
(0.0631533 -0.148975 -1.039e-16)
(0.0631188 -0.148955 9.65007e-17)
(0.0630845 -0.148936 5.89368e-16)
(0.0630502 -0.148916 4.55754e-16)
(0.0630162 -0.148896 1.57986e-16)
(0.0629822 -0.148876 -4.95096e-17)
(0.0629484 -0.148856 7.41e-17)
(0.0629148 -0.148836 -6.5022e-17)
(0.0628813 -0.148816 1.76607e-16)
(0.062848 -0.148796 -1.71517e-16)
(0.0628148 -0.148776 -1.88214e-16)
(0.0627817 -0.148756 -1.70511e-16)
(0.0627488 -0.148736 1.09315e-17)
(0.0627161 -0.148715 1.0281e-16)
(0.0626834 -0.148695 1.88435e-16)
(0.062651 -0.148675 4.57436e-16)
(0.0626187 -0.148655 2.64166e-16)
(0.0625866 -0.148635 5.73964e-16)
(0.0625545 -0.148615 4.72234e-16)
(0.0625226 -0.148595 2.53341e-16)
(0.0624908 -0.148575 4.65794e-16)
(0.0624591 -0.148555 -1.03364e-16)
(0.0624274 -0.148535 6.50461e-16)
(0.0623956 -0.148515 4.97789e-16)
(0.0623633 -0.148495 3.34314e-16)
(0.06233 -0.148476 5.2949e-16)
(0.0622949 -0.148458 5.57096e-16)
(0.0622563 -0.148442 1.00087e-15)
(0.0622113 -0.14843 6.61495e-16)
(0.0621553 -0.148423 -1.28413e-16)
(0.062081 -0.148428 1.79733e-17)
(0.0619764 -0.148451 -5.22226e-17)
(0.0618169 -0.148499 5.7958e-17)
(0.0615611 -0.148592 9.3804e-17)
(0.0611883 -0.148755 -3.26662e-16)
(0.0606785 -0.149032 7.32451e-17)
(0.0599291 -0.149463 3.6937e-16)
(0.0588694 -0.150111 -8.23607e-17)
(0.0574364 -0.151024 -5.78736e-16)
(0.0555592 -0.152261 6.16539e-16)
(0.0531869 -0.15387 8.3224e-16)
(0.0502968 -0.155874 1.35307e-15)
(0.0469028 -0.158258 1.03477e-15)
(0.0430591 -0.16096 2.49765e-16)
(0.0388564 -0.163876 4.4607e-16)
(0.0344105 -0.166862 4.19658e-16)
(0.029845 -0.169758 -7.36363e-16)
(0.0252717 -0.172402 -2.3371e-16)
(0.020772 -0.17466 -6.35062e-16)
(0.0163817 -0.176433 -8.26747e-16)
(0.0120808 -0.177671 -2.15032e-16)
(0.00779073 -0.17837 -6.51329e-17)
(0.00336488 -0.178542 6.71623e-17)
(-0.00144107 -0.178153 -2.42414e-16)
(-0.00697068 -0.177244 4.6219e-16)
(-0.0134857 -0.176555 -4.68907e-16)
(-0.0213568 -0.176975 5.02449e-16)
(-0.0305601 -0.176468 -6.81305e-17)
(-0.0444748 -0.172322 2.9935e-16)
(-0.0708653 -0.177789 6.00107e-16)
(-0.062167 -0.199617 2.80048e-16)
)
;
    }
    inlet
    {
        type            calculated;
        value           uniform (0 0 0);
    }
    rWedge
    {
        type            wedge;
    }
    lWedge
    {
        type            wedge;
    }
    outlet
    {
        type            calculated;
        value           uniform (0 0 0);
    }
    procBoundary0to1
    {
        type            processor;
        value           uniform (0 0 0);
    }
    procBoundary0to2
    {
        type            processor;
        value           uniform (0 0 0);
    }
}


// ************************************************************************* //
