/*--------------------------------*- C++ -*----------------------------------*\
| =========                 |                                                 |
| \\      /  F ield         | OpenFOAM: The Open Source CFD Toolbox           |
|  \\    /   O peration     | Version:  v1706                                 |
|   \\  /    A nd           | Web:      www.OpenFOAM.com                      |
|    \\/     M anipulation  |                                                 |
\*---------------------------------------------------------------------------*/
FoamFile
{
    version     2.0;
    format      ascii;
    class       volVectorField;
    location    "3.4e-05";
    object      wallShearStress;
}
// * * * * * * * * * * * * * * * * * * * * * * * * * * * * * * * * * * * * * //

dimensions      [1 -1 -2 0 0 0 0];


internalField   uniform (0 0 0);

boundaryField
{
    cone
    {
        type            calculated;
        value           nonuniform List<vector> 
153
(
(-20.708 -17.8048 -4.53179e-14)
(-20.7437 -17.646 -4.28236e-14)
(-20.7742 -17.4847 -4.19071e-14)
(-20.7994 -17.3206 -4.15908e-14)
(-20.819 -17.1538 -3.95573e-14)
(-20.8331 -16.9844 -3.79428e-14)
(-20.8414 -16.8125 -3.82901e-14)
(-20.8438 -16.638 -3.62013e-14)
(-20.8402 -16.461 -3.53437e-14)
(-20.8305 -16.2815 -3.41346e-14)
(-20.8144 -16.0996 -3.3977e-14)
(-20.7918 -15.9153 -3.30482e-14)
(-20.7626 -15.7286 -3.28264e-14)
(-20.7265 -15.5395 -3.18486e-14)
(-20.6836 -15.3481 -3.01567e-14)
(-20.6335 -15.1545 -2.93296e-14)
(-20.5762 -14.9586 -2.94623e-14)
(-20.5113 -14.7604 -2.74661e-14)
(-20.4388 -14.5601 -2.70064e-14)
(-20.3585 -14.3576 -2.67889e-14)
(-20.2701 -14.153 -2.57155e-14)
(-20.1735 -13.9462 -2.51894e-14)
(-20.0686 -13.7373 -2.32015e-14)
(-19.9551 -13.5264 -2.20226e-14)
(-19.8329 -13.3134 -2.14892e-14)
(-19.7017 -13.0984 -2.04919e-14)
(-19.5615 -12.8814 -2.12249e-14)
(-19.4121 -12.6625 -2.04854e-14)
(-19.2532 -12.4416 -1.92634e-14)
(-19.0849 -12.2188 -1.8749e-14)
(-18.9069 -11.9942 -1.90253e-14)
(-18.7192 -11.7677 -1.75378e-14)
(-18.5217 -11.5395 -1.75155e-14)
(-18.3142 -11.3094 -1.59207e-14)
(-18.0968 -11.0777 -1.54381e-14)
(-17.8693 -10.8443 -1.5221e-14)
(-17.6319 -10.6094 -1.46422e-14)
(-17.3844 -10.3729 -1.45974e-14)
(-17.1268 -10.1349 -1.41429e-14)
(-16.8593 -9.89565 -1.32228e-14)
(-16.5818 -9.65516 -1.23551e-14)
(-16.2943 -9.4136 -1.23889e-14)
(-15.9967 -9.17118 -1.09107e-14)
(-15.6887 -8.92817 -1.06681e-14)
(-15.3699 -8.68498 -1.04382e-14)
(-15.0385 -8.44258 -9.99322e-15)
(-14.6889 -8.20718 -9.78131e-15)
(-14.3192 -7.99417 -8.9271e-15)
(-13.9699 -7.73698 -8.55983e-15)
(-13.6215 -7.44863 -7.95131e-15)
(-13.2843 -7.2131 -8.75191e-15)
(-12.9698 -7.00969 -8.57646e-15)
(-12.6747 -6.8257 -7.89294e-15)
(-12.3961 -6.65607 -7.31174e-15)
(-12.132 -6.49795 -6.96803e-15)
(-11.8808 -6.34949 -6.55536e-15)
(-11.6411 -6.20932 -6.86278e-15)
(-11.412 -6.07641 -6.26514e-15)
(-11.1927 -5.94994 -5.80894e-15)
(-10.9822 -5.82926 -6.03561e-15)
(-10.78 -5.71382 -5.10147e-15)
(-10.5856 -5.60315 -4.63278e-15)
(-10.3983 -5.49688 -4.9327e-15)
(-10.2178 -5.39466 -4.98483e-15)
(-10.0436 -5.29621 -4.77275e-15)
(-9.87545 -5.20126 -3.85037e-15)
(-9.71291 -5.1096 -3.49562e-15)
(-9.5557 -5.02101 -3.17057e-15)
(-9.40355 -4.93533 -3.88451e-15)
(-9.25621 -4.85238 -3.56981e-15)
(-9.11342 -4.77204 -2.58241e-15)
(-8.97497 -4.69416 -2.33671e-15)
(-8.84065 -4.61863 -1.98568e-15)
(-8.71026 -4.54534 -1.93957e-15)
(-8.58363 -4.4742 -2.53975e-15)
(-8.46057 -4.40511 -2.74888e-15)
(-8.34093 -4.33801 -2.58896e-15)
(-8.22456 -4.27282 -2.37671e-15)
(-8.11131 -4.20947 -2.95473e-15)
(-8.00106 -4.1479 -3.07132e-15)
(-7.89369 -4.08807 -2.65465e-15)
(-7.78907 -4.02992 -2.49998e-15)
(-7.68711 -3.9734 -2.15441e-15)
(-7.58771 -3.91848 -1.95458e-15)
(-7.49079 -3.86513 -2.79647e-15)
(-7.39627 -3.81329 -2.50632e-15)
(-7.30409 -3.76294 -2.34909e-15)
(-7.21419 -3.71405 -2.85084e-15)
(-7.12654 -3.66659 -2.93797e-15)
(-7.0411 -3.62051 -2.54892e-15)
(-6.95785 -3.57579 -2.64324e-15)
(-6.87678 -3.53238 -1.88937e-15)
(-6.79788 -3.49026 -1.57001e-15)
(-6.72116 -3.44937 -2.37259e-15)
(-6.64664 -3.40968 -2.19386e-15)
(-6.57433 -3.37112 -2.59522e-15)
(-6.50426 -3.33365 -3.48692e-15)
(-6.43645 -3.29721 -2.81285e-15)
(-6.37093 -3.26172 -2.377e-15)
(-6.30773 -3.22711 -1.2292e-15)
(-6.24685 -3.19332 -2.67727e-15)
(-6.18832 -3.16025 -1.5503e-15)
(-6.13213 -3.12783 -2.37061e-15)
(-6.07826 -3.09597 -2.87532e-15)
(-6.02667 -3.06456 -1.82643e-15)
(-5.97732 -3.03353 -2.91091e-15)
(-5.93013 -3.00277 -3.43696e-15)
(-5.88501 -2.97218 -3.65616e-15)
(-5.84183 -2.94162 -2.58986e-15)
(-5.80043 -2.91101 -2.81014e-15)
(-5.76045 -2.88064 -2.4676e-15)
(-5.72129 -2.85047 -3.63181e-15)
(-5.68341 -2.82033 -1.75711e-15)
(-5.64655 -2.78955 -2.15497e-15)
(-5.61004 -2.75878 -2.48411e-15)
(-5.57357 -2.72803 -2.65299e-15)
(-5.53682 -2.6973 -3.19969e-15)
(-5.49943 -2.66668 -3.15022e-15)
(-5.46106 -2.63628 -2.76749e-15)
(-5.42137 -2.60625 -3.16253e-15)
(-5.38005 -2.57674 -3.50719e-15)
(-5.33685 -2.54797 -2.89398e-15)
(-5.29153 -2.52013 -4.01123e-15)
(-5.24397 -2.49347 -4.63417e-15)
(-5.19407 -2.46824 -3.63866e-15)
(-5.14186 -2.44467 -3.30519e-15)
(-5.08746 -2.42303 -3.894e-15)
(-5.03106 -2.40358 -2.98891e-15)
(-4.97298 -2.38653 -3.2704e-15)
(-4.91364 -2.37213 -3.50174e-15)
(-4.85356 -2.36058 -3.31804e-15)
(-4.79331 -2.35214 -3.04919e-15)
(-4.73352 -2.347 -2.10306e-15)
(-4.67602 -2.34603 -2.65966e-15)
(-4.619 -2.34695 -2.24551e-15)
(-4.56553 -2.35104 -1.76021e-15)
(-4.51725 -2.35902 -2.93687e-15)
(-4.47517 -2.36958 -2.48795e-15)
(-4.4406 -2.38209 -3.00542e-15)
(-4.41425 -2.39654 -3.98505e-15)
(-4.39616 -2.41402 -4.72794e-15)
(-4.38445 -2.4343 -4.40682e-15)
(-4.3823 -2.45459 -3.42725e-15)
(-4.39071 -2.47615 -2.59028e-15)
(-4.41047 -2.49814 -3.14227e-15)
(-4.44166 -2.51992 -4.14042e-15)
(-4.48417 -2.54091 -3.45322e-15)
(-4.53784 -2.56056 -3.12445e-15)
(-4.60229 -2.57829 -3.80855e-15)
(-4.67692 -2.59356 -4.36692e-15)
(-4.76087 -2.6059 -3.75887e-15)
(-4.85302 -2.61483 -4.12763e-15)
(-4.95217 -2.61983 -2.70617e-15)
)
;
    }
    inlet
    {
        type            calculated;
        value           uniform (0 0 0);
    }
    rWedge
    {
        type            wedge;
    }
    lWedge
    {
        type            wedge;
    }
    outlet
    {
        type            calculated;
        value           nonuniform 0();
    }
    procBoundary2to0
    {
        type            processor;
        value           uniform (0 0 0);
    }
    procBoundary2to1
    {
        type            processor;
        value           uniform (0 0 0);
    }
    procBoundary2to3
    {
        type            processor;
        value           uniform (0 0 0);
    }
}


// ************************************************************************* //
