/*--------------------------------*- C++ -*----------------------------------*\
| =========                 |                                                 |
| \\      /  F ield         | OpenFOAM: The Open Source CFD Toolbox           |
|  \\    /   O peration     | Version:  v1706                                 |
|   \\  /    A nd           | Web:      www.OpenFOAM.com                      |
|    \\/     M anipulation  |                                                 |
\*---------------------------------------------------------------------------*/
FoamFile
{
    version     2.0;
    format      ascii;
    class       volVectorField;
    location    "3.7e-05";
    object      wallShearStress;
}
// * * * * * * * * * * * * * * * * * * * * * * * * * * * * * * * * * * * * * //

dimensions      [1 -1 -2 0 0 0 0];


internalField   uniform (0 0 0);

boundaryField
{
    cone
    {
        type            calculated;
        value           nonuniform List<vector> 
153
(
(-21.4442 -18.3529 -5.12059e-14)
(-21.4949 -18.1978 -4.89455e-14)
(-21.5409 -18.04 -4.81712e-14)
(-21.5818 -17.8796 -4.77052e-14)
(-21.6175 -17.7166 -4.59934e-14)
(-21.648 -17.551 -4.41633e-14)
(-21.673 -17.3829 -4.46754e-14)
(-21.6925 -17.2122 -4.2582e-14)
(-21.7062 -17.0391 -4.15095e-14)
(-21.7141 -16.8635 -4.06497e-14)
(-21.7159 -16.6855 -4.00754e-14)
(-21.7116 -16.505 -3.93471e-14)
(-21.7008 -16.3222 -3.91475e-14)
(-21.6835 -16.1371 -3.79598e-14)
(-21.6595 -15.9497 -3.66055e-14)
(-21.6285 -15.7599 -3.55034e-14)
(-21.5904 -15.5679 -3.54923e-14)
(-21.545 -15.3736 -3.36253e-14)
(-21.492 -15.1771 -3.31626e-14)
(-21.4312 -14.9784 -3.26224e-14)
(-21.3624 -14.7775 -3.16037e-14)
(-21.2854 -14.5744 -3.08354e-14)
(-21.1999 -14.3691 -2.88082e-14)
(-21.1057 -14.1617 -2.81242e-14)
(-21.0026 -13.9523 -2.74483e-14)
(-20.8902 -13.7407 -2.61836e-14)
(-20.7685 -13.527 -2.70261e-14)
(-20.637 -13.3112 -2.65305e-14)
(-20.4956 -13.0934 -2.51671e-14)
(-20.344 -12.8735 -2.4276e-14)
(-20.1821 -12.6516 -2.45418e-14)
(-20.0095 -12.4276 -2.31896e-14)
(-19.8261 -12.2015 -2.30438e-14)
(-19.6317 -11.9735 -2.13137e-14)
(-19.4261 -11.7434 -2.05704e-14)
(-19.2092 -11.5113 -2.06273e-14)
(-18.9808 -11.2773 -1.99429e-14)
(-18.7407 -11.0413 -1.99076e-14)
(-18.4889 -10.8034 -1.94886e-14)
(-18.2252 -10.5637 -1.84448e-14)
(-17.9495 -10.3222 -1.75856e-14)
(-17.6618 -10.079 -1.76497e-14)
(-17.3617 -9.83431 -1.64225e-14)
(-17.0489 -9.58832 -1.57846e-14)
(-16.7228 -9.34142 -1.54565e-14)
(-16.3815 -9.09478 -1.47502e-14)
(-16.0181 -8.85599 -1.45867e-14)
(-15.6295 -8.64497 -1.36637e-14)
(-15.2621 -8.37375 -1.31455e-14)
(-14.9052 -8.07068 -1.24226e-14)
(-14.5513 -7.82623 -1.28572e-14)
(-14.2193 -7.61414 -1.27358e-14)
(-13.9069 -7.42176 -1.2166e-14)
(-13.6111 -7.24422 -1.16154e-14)
(-13.3298 -7.07864 -1.1113e-14)
(-13.0614 -6.92304 -1.06891e-14)
(-12.8045 -6.77596 -1.09712e-14)
(-12.5582 -6.6363 -1.05923e-14)
(-12.3215 -6.50321 -9.95512e-15)
(-12.0937 -6.37601 -1.00786e-14)
(-11.8742 -6.25413 -8.93102e-15)
(-11.6622 -6.1371 -8.42403e-15)
(-11.4575 -6.02452 -8.46509e-15)
(-11.2594 -5.91605 -8.2891e-15)
(-11.0677 -5.81139 -8.08598e-15)
(-10.8819 -5.71027 -7.18317e-15)
(-10.7017 -5.61247 -6.53662e-15)
(-10.5269 -5.51778 -6.08555e-15)
(-10.3572 -5.42601 -6.54463e-15)
(-10.1923 -5.33701 -6.28439e-15)
(-10.032 -5.25061 -5.13165e-15)
(-9.87608 -5.16669 -4.74612e-15)
(-9.7244 -5.08512 -4.20815e-15)
(-9.57676 -5.00578 -3.80104e-15)
(-9.433 -4.92858 -4.20142e-15)
(-9.29297 -4.85341 -4.38206e-15)
(-9.15654 -4.78019 -4.08919e-15)
(-9.02357 -4.70883 -3.72386e-15)
(-8.89395 -4.63926 -4.13599e-15)
(-8.76755 -4.5714 -4.22098e-15)
(-8.6443 -4.50519 -3.58697e-15)
(-8.52407 -4.44056 -3.35935e-15)
(-8.40678 -4.37746 -2.77403e-15)
(-8.29235 -4.31583 -2.5892e-15)
(-8.18068 -4.25562 -3.26365e-15)
(-8.07172 -4.19677 -2.81629e-15)
(-7.96538 -4.13924 -2.54607e-15)
(-7.86159 -4.08299 -2.87648e-15)
(-7.7603 -4.02797 -2.92144e-15)
(-7.66143 -3.97414 -2.51689e-15)
(-7.56492 -3.92147 -2.47269e-15)
(-7.47073 -3.8699 -1.65624e-15)
(-7.37878 -3.81942 -1.22103e-15)
(-7.28903 -3.76998 -1.87774e-15)
(-7.20141 -3.72156 -1.54152e-15)
(-7.11587 -3.67412 -1.89893e-15)
(-7.03235 -3.62763 -2.76805e-15)
(-6.9508 -3.58206 -2.12065e-15)
(-6.87116 -3.53739 -1.60375e-15)
(-6.79336 -3.4936 -4.8698e-16)
(-6.71735 -3.45067 -1.67295e-15)
(-6.64307 -3.40857 -6.92534e-16)
(-6.57044 -3.36729 -1.47703e-15)
(-6.49941 -3.32681 -2.09955e-15)
(-6.42991 -3.28713 -9.8808e-16)
(-6.36187 -3.24824 -1.92889e-15)
(-6.29522 -3.21013 -2.46744e-15)
(-6.22991 -3.17279 -2.65625e-15)
(-6.16586 -3.13623 -1.6157e-15)
(-6.10301 -3.10046 -1.81953e-15)
(-6.04132 -3.06547 -1.5192e-15)
(-5.98073 -3.03128 -2.75397e-15)
(-5.9212 -2.9979 -9.97706e-16)
(-5.86269 -2.96533 -1.20853e-15)
(-5.80519 -2.93359 -1.5849e-15)
(-5.74867 -2.90269 -1.66851e-15)
(-5.69315 -2.87263 -2.24253e-15)
(-5.63864 -2.84344 -2.22195e-15)
(-5.58517 -2.8151 -1.85561e-15)
(-5.53279 -2.78763 -2.30667e-15)
(-5.48155 -2.76101 -2.6204e-15)
(-5.43153 -2.73523 -1.98375e-15)
(-5.38281 -2.71028 -3.03668e-15)
(-5.3355 -2.68612 -3.70539e-15)
(-5.28969 -2.66272 -2.79897e-15)
(-5.24549 -2.64004 -2.53851e-15)
(-5.20301 -2.61802 -3.2507e-15)
(-5.16234 -2.59659 -2.34221e-15)
(-5.12357 -2.57568 -2.64432e-15)
(-5.08679 -2.55522 -2.87478e-15)
(-5.05203 -2.53511 -2.79072e-15)
(-5.01932 -2.51526 -2.50043e-15)
(-4.98865 -2.49557 -1.58138e-15)
(-4.95998 -2.47595 -2.05548e-15)
(-4.93323 -2.45627 -1.68259e-15)
(-4.90829 -2.43641 -1.05851e-15)
(-4.88494 -2.41626 -2.30357e-15)
(-4.86261 -2.39633 -1.88174e-15)
(-4.84085 -2.37629 -2.29635e-15)
(-4.82026 -2.35584 -3.33111e-15)
(-4.80014 -2.33486 -4.14214e-15)
(-4.77982 -2.31379 -3.98252e-15)
(-4.75893 -2.29263 -3.01614e-15)
(-4.73705 -2.27148 -2.19416e-15)
(-4.71377 -2.25048 -2.49078e-15)
(-4.68867 -2.22981 -3.44123e-15)
(-4.66142 -2.20968 -2.93041e-15)
(-4.63169 -2.19034 -2.56312e-15)
(-4.59927 -2.17203 -3.08359e-15)
(-4.56402 -2.15505 -3.67284e-15)
(-4.5259 -2.13968 -3.21906e-15)
(-4.485 -2.12621 -3.78465e-15)
(-4.4415 -2.11497 -2.44082e-15)
)
;
    }
    inlet
    {
        type            calculated;
        value           uniform (0 0 0);
    }
    rWedge
    {
        type            wedge;
    }
    lWedge
    {
        type            wedge;
    }
    outlet
    {
        type            calculated;
        value           nonuniform 0();
    }
    procBoundary2to0
    {
        type            processor;
        value           uniform (0 0 0);
    }
    procBoundary2to1
    {
        type            processor;
        value           uniform (0 0 0);
    }
    procBoundary2to3
    {
        type            processor;
        value           uniform (0 0 0);
    }
}


// ************************************************************************* //
