/*--------------------------------*- C++ -*----------------------------------*\
| =========                 |                                                 |
| \\      /  F ield         | OpenFOAM: The Open Source CFD Toolbox           |
|  \\    /   O peration     | Version:  v1706                                 |
|   \\  /    A nd           | Web:      www.OpenFOAM.com                      |
|    \\/     M anipulation  |                                                 |
\*---------------------------------------------------------------------------*/
FoamFile
{
    version     2.0;
    format      ascii;
    class       volVectorField;
    location    "3.4e-05";
    object      wallShearStress;
}
// * * * * * * * * * * * * * * * * * * * * * * * * * * * * * * * * * * * * * //

dimensions      [1 -1 -2 0 0 0 0];


internalField   uniform (0 0 0);

boundaryField
{
    cone
    {
        type            calculated;
        value           nonuniform List<vector> 
119
(
(-0.348474 -0.0976665 -4.47967e-11)
(-0.305787 -0.117953 -4.19141e-11)
(-0.263712 -0.139606 -3.75544e-11)
(-0.223201 -0.162093 -3.22173e-11)
(-0.185877 -0.184858 -2.64494e-11)
(-0.150858 -0.206398 -2.08109e-11)
(-0.119453 -0.227018 -1.56514e-11)
(-0.0918065 -0.247073 -1.12727e-11)
(-0.0675322 -0.265868 -7.76791e-12)
(-0.0464683 -0.283395 -5.11616e-12)
(-0.0283202 -0.299746 -3.21678e-12)
(-0.0127126 -0.315035 -1.92728e-12)
(0.000760738 -0.329414 -1.09497e-12)
(0.0125109 -0.343053 -5.87695e-13)
(0.0229311 -0.356126 -2.95236e-13)
(0.0323822 -0.368802 -1.38142e-13)
(0.0411832 -0.381231 -5.56359e-14)
(0.049607 -0.393548 -1.87198e-14)
(0.0578814 -0.405868 -3.51864e-15)
(0.0661896 -0.418285 -4.29223e-16)
(0.0746768 -0.43088 -9.29728e-16)
(0.083454 -0.443717 -5.9662e-16)
(0.0926035 -0.456851 -1.80759e-15)
(0.102185 -0.470331 4.68235e-16)
(0.112236 -0.484198 6.80436e-16)
(0.122782 -0.498493 -5.51414e-16)
(0.133829 -0.513253 -1.43599e-15)
(0.145372 -0.52851 -2.48506e-15)
(0.157393 -0.544295 -2.11327e-15)
(0.169858 -0.560632 -9.02564e-16)
(0.182722 -0.577537 -1.61976e-15)
(0.195927 -0.59502 -2.92069e-15)
(0.209398 -0.613076 7.948e-17)
(0.22305 -0.631692 -1.55239e-15)
(0.236788 -0.650839 2.51472e-16)
(0.250502 -0.670477 4.49933e-16)
(0.264079 -0.690554 1.69222e-15)
(0.277396 -0.711001 1.64173e-16)
(0.290329 -0.731744 2.42126e-16)
(0.30276 -0.752684 -2.17664e-16)
(0.314545 -0.773768 -2.82448e-15)
(0.325577 -0.794843 -1.46743e-15)
(0.335828 -0.815866 -1.88313e-15)
(0.345102 -0.836689 -3.18818e-15)
(0.353361 -0.857234 -2.58235e-15)
(0.360553 -0.877428 -4.00573e-15)
(0.366637 -0.897193 -4.98771e-16)
(0.371593 -0.916467 2.78386e-15)
(0.375417 -0.935202 -5.36871e-16)
(0.378126 -0.953366 -2.05338e-16)
(0.379751 -0.970941 -5.85899e-16)
(0.380335 -0.987923 -1.38127e-15)
(0.379933 -1.00432 -1.06166e-15)
(0.378605 -1.02016 -5.72115e-16)
(0.376413 -1.03547 -3.07405e-15)
(0.373423 -1.05029 -4.5149e-18)
(0.369693 -1.06467 5.44842e-16)
(0.365275 -1.07864 -1.95531e-15)
(0.360209 -1.09225 -2.73325e-15)
(0.354529 -1.10555 -2.01442e-15)
(0.348256 -1.11857 -1.21398e-15)
(0.341396 -1.13134 -4.97313e-16)
(0.333947 -1.14389 -4.24558e-16)
(0.325898 -1.15624 -1.37742e-15)
(0.31723 -1.1684 -1.36287e-15)
(0.307924 -1.18038 -2.57984e-15)
(0.297955 -1.19217 -1.84248e-15)
(0.287303 -1.20377 -2.82423e-15)
(0.275956 -1.21518 -2.76842e-15)
(0.263907 -1.22636 -2.77062e-15)
(0.251158 -1.2373 -2.18058e-15)
(0.237727 -1.24797 -2.43923e-15)
(0.223644 -1.25833 -2.61244e-15)
(0.208956 -1.26833 -9.59933e-16)
(0.193725 -1.27792 -1.53173e-15)
(0.178031 -1.28704 -5.05233e-16)
(0.161966 -1.29563 -7.03718e-16)
(0.145645 -1.30361 -1.62637e-15)
(0.129184 -1.31092 -2.33347e-16)
(0.112715 -1.31749 -2.45211e-15)
(0.0963599 -1.32327 9.87945e-17)
(0.0802367 -1.32822 -9.18014e-17)
(0.0644359 -1.33236 -1.5043e-15)
(0.0490229 -1.33572 -1.05245e-15)
(0.0340249 -1.33838 -7.1025e-16)
(0.0194318 -1.34045 1.43428e-15)
(0.00517284 -1.34196 2.81423e-17)
(-0.00899992 -1.34215 -2.67013e-15)
(-0.0231471 -1.34106 -1.48443e-15)
(-0.0377532 -1.33987 -1.41546e-15)
(-0.0533549 -1.33911 -1.53824e-15)
(-0.0707811 -1.33943 -1.87102e-15)
(-0.0911883 -1.34171 -3.50873e-15)
(-0.115945 -1.34685 -1.65911e-15)
(-0.146308 -1.35553 -1.58913e-15)
(-0.18295 -1.36776 -2.60882e-15)
(-0.225555 -1.38269 -4.77977e-15)
(-0.272692 -1.39869 3.13175e-16)
(-0.322106 -1.41375 -2.05555e-16)
(-0.371316 -1.42606 2.88522e-15)
(-0.418283 -1.43459 2.02889e-15)
(-0.46194 -1.43933 -9.28851e-16)
(-0.502419 -1.4416 6.32266e-17)
(-0.542198 -1.44127 7.85567e-16)
(-0.581727 -1.44111 -4.52954e-15)
(-0.619939 -1.44362 -2.36944e-15)
(-0.660043 -1.44746 -3.94202e-15)
(-0.703197 -1.45354 -3.68784e-15)
(-0.749937 -1.46195 -3.17175e-15)
(-0.800457 -1.4727 -1.89576e-15)
(-0.854502 -1.48569 -1.33568e-15)
(-0.911411 -1.50057 -2.44739e-15)
(-0.97014 -1.51692 8.88147e-16)
(-1.02971 -1.53414 -2.39494e-15)
(-1.0903 -1.55133 3.64699e-16)
(-1.15286 -1.56858 -2.27704e-15)
(-1.21763 -1.58182 -2.35714e-15)
(-1.26688 -1.5977 1.29184e-16)
(-1.37558 -1.63352 -1.46855e-15)
)
;
    }
    inlet
    {
        type            calculated;
        value           uniform (0 0 0);
    }
    rWedge
    {
        type            wedge;
    }
    lWedge
    {
        type            wedge;
    }
    outlet
    {
        type            calculated;
        value           uniform (0 0 0);
    }
    procBoundary0to1
    {
        type            processor;
        value           uniform (0 0 0);
    }
    procBoundary0to2
    {
        type            processor;
        value           uniform (0 0 0);
    }
}


// ************************************************************************* //
