/*--------------------------------*- C++ -*----------------------------------*\
| =========                 |                                                 |
| \\      /  F ield         | OpenFOAM: The Open Source CFD Toolbox           |
|  \\    /   O peration     | Version:  v1706                                 |
|   \\  /    A nd           | Web:      www.OpenFOAM.com                      |
|    \\/     M anipulation  |                                                 |
\*---------------------------------------------------------------------------*/
FoamFile
{
    version     2.0;
    format      ascii;
    class       volVectorField;
    location    "1.1e-05";
    object      wallShearStress;
}
// * * * * * * * * * * * * * * * * * * * * * * * * * * * * * * * * * * * * * //

dimensions      [1 -1 -2 0 0 0 0];


internalField   uniform (0 0 0);

boundaryField
{
    cone
    {
        type            calculated;
        value           nonuniform List<vector> 
147
(
(4.19086 -4.87092 -1.70232e-12)
(4.27947 -7.41646 -2.31134e-12)
(4.19891 -10.3132 -4.0134e-12)
(4.08246 -13.1448 -4.99372e-12)
(3.91214 -16.0566 -5.92794e-12)
(3.71151 -18.9167 -6.61286e-12)
(3.46876 -21.8134 -7.36446e-12)
(3.19573 -24.6756 -8.0402e-12)
(2.8841 -27.5516 -8.70295e-12)
(2.5412 -30.4043 -8.93058e-12)
(2.16196 -33.2577 -9.38102e-12)
(1.75065 -36.0939 -9.64546e-12)
(1.30459 -38.9233 -9.89077e-12)
(0.826112 -41.738 -9.96883e-12)
(0.314021 -44.5418 -9.95652e-12)
(-0.230466 -47.3312 -9.89348e-12)
(-0.807721 -50.1072 -9.87057e-12)
(-1.41705 -52.868 -9.8618e-12)
(-2.05843 -55.6136 -9.71743e-12)
(-2.73138 -58.3427 -9.59713e-12)
(-3.43804 -61.0538 -9.4353e-12)
(-4.17826 -63.7452 -9.23771e-12)
(-4.94527 -66.4194 -8.99626e-12)
(-5.74251 -69.0751 -8.81667e-12)
(-6.56966 -71.7105 -8.53548e-12)
(-7.42642 -74.325 -8.31172e-12)
(-8.31238 -76.9177 -8.06032e-12)
(-9.22713 -79.488 -7.84346e-12)
(-10.1702 -82.035 -7.59142e-12)
(-11.1412 -84.5579 -7.31009e-12)
(-12.1396 -87.0559 -7.07573e-12)
(-13.1651 -89.5285 -6.81397e-12)
(-14.217 -91.9748 -6.55585e-12)
(-15.2949 -94.3941 -6.33772e-12)
(-16.3983 -96.7857 -6.0788e-12)
(-17.5267 -99.1488 -5.89247e-12)
(-18.6794 -101.483 -5.67454e-12)
(-19.8564 -103.785 -5.41188e-12)
(-21.0565 -106.058 -5.19495e-12)
(-22.2793 -108.301 -4.96974e-12)
(-23.5243 -110.512 -4.76273e-12)
(-24.7909 -112.691 -4.64026e-12)
(-26.0785 -114.838 -4.46226e-12)
(-27.3865 -116.951 -4.2457e-12)
(-28.7143 -119.03 -4.06375e-12)
(-30.0612 -121.074 -3.91262e-12)
(-31.4267 -123.083 -3.7734e-12)
(-32.81 -125.057 -3.6327e-12)
(-34.2105 -126.995 -3.48106e-12)
(-35.6276 -128.896 -3.30953e-12)
(-37.0607 -130.761 -3.18771e-12)
(-38.509 -132.588 -3.06967e-12)
(-39.9717 -134.377 -2.95018e-12)
(-41.4484 -136.128 -2.81774e-12)
(-42.9383 -137.84 -2.70472e-12)
(-44.4403 -139.512 -2.59339e-12)
(-45.954 -141.145 -2.51111e-12)
(-47.4792 -142.738 -2.37982e-12)
(-49.0147 -144.291 -2.30856e-12)
(-50.5597 -145.804 -2.20849e-12)
(-52.1138 -147.276 -2.11601e-12)
(-53.676 -148.707 -2.03929e-12)
(-55.2458 -150.097 -1.99373e-12)
(-56.8221 -151.446 -1.92675e-12)
(-58.4045 -152.752 -1.82633e-12)
(-59.9922 -154.016 -1.74471e-12)
(-61.5845 -155.238 -1.68139e-12)
(-63.1805 -156.418 -1.5919e-12)
(-64.7795 -157.555 -1.54395e-12)
(-66.3808 -158.649 -1.45426e-12)
(-67.9837 -159.701 -1.44075e-12)
(-69.5875 -160.709 -1.40459e-12)
(-71.1914 -161.675 -1.36882e-12)
(-72.7947 -162.597 -1.26335e-12)
(-74.3965 -163.476 -1.23362e-12)
(-75.9962 -164.311 -1.16562e-12)
(-77.5931 -165.104 -1.11812e-12)
(-79.1864 -165.853 -1.07266e-12)
(-80.7756 -166.559 -1.03605e-12)
(-82.3597 -167.221 -9.87283e-13)
(-83.938 -167.841 -9.45407e-13)
(-85.5098 -168.417 -9.22897e-13)
(-87.0746 -168.95 -8.81629e-13)
(-88.6315 -169.44 -8.57135e-13)
(-90.18 -169.888 -7.96922e-13)
(-91.7194 -170.293 -7.71607e-13)
(-93.2482 -170.654 -7.44677e-13)
(-94.7668 -170.974 -7.2613e-13)
(-96.2741 -171.251 -6.90749e-13)
(-97.7698 -171.487 -6.81109e-13)
(-99.2529 -171.681 -6.48369e-13)
(-100.723 -171.833 -6.19105e-13)
(-102.179 -171.944 -5.86645e-13)
(-103.619 -172.013 -5.58948e-13)
(-105.046 -172.042 -5.30198e-13)
(-106.456 -172.031 -5.27365e-13)
(-107.85 -171.979 -4.95497e-13)
(-109.227 -171.888 -4.91904e-13)
(-110.586 -171.757 -4.70705e-13)
(-111.927 -171.587 -4.42773e-13)
(-113.249 -171.377 -4.29928e-13)
(-114.551 -171.13 -4.02005e-13)
(-115.833 -170.845 -4.19676e-13)
(-117.096 -170.521 -3.74841e-13)
(-118.337 -170.16 -3.52826e-13)
(-119.559 -169.762 -3.57807e-13)
(-120.757 -169.328 -3.44734e-13)
(-121.933 -168.859 -3.1574e-13)
(-123.086 -168.353 -3.31815e-13)
(-124.217 -167.812 -3.14618e-13)
(-125.324 -167.237 -2.87912e-13)
(-126.406 -166.629 -2.82606e-13)
(-127.463 -165.986 -2.93135e-13)
(-128.496 -165.311 -2.7106e-13)
(-129.503 -164.605 -2.72072e-13)
(-130.485 -163.866 -2.48252e-13)
(-131.44 -163.096 -2.50101e-13)
(-132.367 -162.297 -2.18056e-13)
(-133.269 -161.467 -2.01649e-13)
(-134.143 -160.607 -2.06294e-13)
(-134.982 -159.727 -1.95677e-13)
(-135.799 -158.813 -1.88477e-13)
(-136.592 -157.866 -1.92386e-13)
(-137.356 -156.892 -1.74981e-13)
(-138.092 -155.891 -1.56468e-13)
(-138.798 -154.864 -1.65954e-13)
(-139.476 -153.812 -1.53535e-13)
(-140.124 -152.735 -1.40449e-13)
(-140.743 -151.634 -1.30024e-13)
(-141.331 -150.509 -1.1825e-13)
(-141.891 -149.362 -1.26432e-13)
(-142.42 -148.192 -1.06156e-13)
(-142.918 -147.001 -1.09057e-13)
(-143.387 -145.789 -9.16058e-14)
(-143.825 -144.556 -9.35294e-14)
(-144.233 -143.304 -8.34995e-14)
(-144.609 -142.033 -8.8314e-14)
(-144.955 -140.744 -7.90246e-14)
(-145.271 -139.436 -7.60468e-14)
(-145.555 -138.112 -7.52283e-14)
(-145.809 -136.772 -7.67985e-14)
(-146.032 -135.417 -7.3678e-14)
(-146.227 -134.047 -7.17775e-14)
(-146.392 -132.665 -6.95702e-14)
(-146.525 -131.268 -5.87357e-14)
(-146.627 -129.858 -6.04583e-14)
(3.76403 -2.55363 -1.34524e-13)
)
;
    }
    inlet
    {
        type            calculated;
        value           uniform (0 0 0);
    }
    rWedge
    {
        type            wedge;
    }
    lWedge
    {
        type            wedge;
    }
    outlet
    {
        type            calculated;
        value           nonuniform 0();
    }
    procBoundary3to2
    {
        type            processor;
        value           uniform (0 0 0);
    }
}


// ************************************************************************* //
