/*--------------------------------*- C++ -*----------------------------------*\
| =========                 |                                                 |
| \\      /  F ield         | OpenFOAM: The Open Source CFD Toolbox           |
|  \\    /   O peration     | Version:  v1706                                 |
|   \\  /    A nd           | Web:      www.OpenFOAM.com                      |
|    \\/     M anipulation  |                                                 |
\*---------------------------------------------------------------------------*/
FoamFile
{
    version     2.0;
    format      ascii;
    class       volVectorField;
    location    "1.4e-05";
    object      wallShearStress;
}
// * * * * * * * * * * * * * * * * * * * * * * * * * * * * * * * * * * * * * //

dimensions      [1 -1 -2 0 0 0 0];


internalField   uniform (0 0 0);

boundaryField
{
    cone
    {
        type            calculated;
        value           nonuniform List<vector> 
153
(
(-9.92689 -10.3737 -2.30115e-14)
(-9.80631 -10.2974 -2.15137e-14)
(-9.68442 -10.2251 -2.16662e-14)
(-9.5617 -10.1566 -2.28728e-14)
(-9.43864 -10.0923 -2.07817e-14)
(-9.31573 -10.0319 -2.04832e-14)
(-9.19346 -9.97558 -2.21933e-14)
(-9.07232 -9.92325 -2.07045e-14)
(-8.95278 -9.87486 -2.06575e-14)
(-8.83528 -9.83032 -2.11146e-14)
(-8.72027 -9.7895 -2.19446e-14)
(-8.60816 -9.75225 -2.18322e-14)
(-8.49931 -9.71841 -2.28681e-14)
(-8.39406 -9.68777 -2.19428e-14)
(-8.29272 -9.6601 -2.06378e-14)
(-8.19552 -9.63517 -2.08715e-14)
(-8.10265 -9.61272 -2.20555e-14)
(-8.01422 -9.59246 -1.99125e-14)
(-7.93023 -9.57405 -2.05134e-14)
(-7.85072 -9.55714 -2.10812e-14)
(-7.77559 -9.54139 -2.02673e-14)
(-7.70476 -9.52641 -2.00487e-14)
(-7.6381 -9.5118 -1.83942e-14)
(-7.57547 -9.49716 -1.84652e-14)
(-7.51684 -9.48201 -1.87661e-14)
(-7.46249 -9.46584 -1.78499e-14)
(-7.41253 -9.44801 -2.00391e-14)
(-7.37031 -9.42804 -2.00601e-14)
(-7.3366 -9.40752 -1.85975e-14)
(-7.29219 -9.38515 -1.90345e-14)
(-7.25223 -9.36011 -2.0455e-14)
(-7.21561 -9.33357 -1.89621e-14)
(-7.18307 -9.30423 -1.97066e-14)
(-7.1549 -9.27286 -1.76496e-14)
(-7.12992 -9.23924 -1.80294e-14)
(-7.10789 -9.20316 -1.85423e-14)
(-7.08882 -9.16464 -1.83445e-14)
(-7.07278 -9.12378 -1.91848e-14)
(-7.05986 -9.08067 -1.94866e-14)
(-7.05016 -9.03543 -1.87605e-14)
(-7.04375 -8.98819 -1.79331e-14)
(-7.04069 -8.9391 -1.89834e-14)
(-7.04091 -8.88834 -1.70454e-14)
(-7.0442 -8.83609 -1.75721e-14)
(-7.05007 -8.78272 -1.82469e-14)
(-7.05731 -8.72814 -1.81702e-14)
(-7.06559 -8.67488 -1.85243e-14)
(-7.06472 -8.62703 -1.74069e-14)
(-7.07611 -8.54938 -1.76998e-14)
(-7.11522 -8.49935 -1.71506e-14)
(-7.18757 -8.47852 -1.90804e-14)
(-7.29085 -8.47685 -1.92846e-14)
(-7.42171 -8.48775 -1.8822e-14)
(-7.57722 -8.50782 -1.87128e-14)
(-7.75515 -8.53514 -1.84368e-14)
(-7.95364 -8.5684 -1.80619e-14)
(-8.17103 -8.60653 -1.96192e-14)
(-8.40576 -8.64863 -1.91451e-14)
(-8.65625 -8.69388 -1.90243e-14)
(-8.92094 -8.74154 -2.05235e-14)
(-9.19823 -8.79088 -1.90325e-14)
(-9.48644 -8.84121 -1.85733e-14)
(-9.78389 -8.89182 -1.92364e-14)
(-10.0888 -8.94203 -1.95375e-14)
(-10.3994 -8.99115 -2.02559e-14)
(-10.7139 -9.0385 -1.80032e-14)
(-11.0306 -9.08342 -1.73843e-14)
(-11.3476 -9.12524 -1.73491e-14)
(-11.6632 -9.16335 -1.96521e-14)
(-11.9759 -9.19713 -1.93787e-14)
(-12.284 -9.22602 -1.70087e-14)
(-12.586 -9.24952 -1.72387e-14)
(-12.8804 -9.26721 -1.63086e-14)
(-13.1657 -9.27878 -1.60862e-14)
(-13.4404 -9.28404 -1.78795e-14)
(-13.7032 -9.28282 -1.82265e-14)
(-13.9531 -9.27488 -1.75201e-14)
(-14.1894 -9.25978 -1.69894e-14)
(-14.4119 -9.2369 -1.884e-14)
(-14.6203 -9.20547 -1.95175e-14)
(-14.8158 -9.16385 -1.84424e-14)
(-14.9938 -9.11403 -1.83569e-14)
(-15.1642 -9.06338 -1.75181e-14)
(-15.3189 -8.99804 -1.68999e-14)
(-15.4608 -8.92175 -1.90304e-14)
(-15.5907 -8.83553 -1.7879e-14)
(-15.7076 -8.73836 -1.71834e-14)
(-15.8109 -8.6293 -1.86875e-14)
(-15.8997 -8.50652 -1.91518e-14)
(-15.9726 -8.37023 -1.82259e-14)
(-16.0268 -8.2216 -1.87548e-14)
(-16.0598 -8.05761 -1.65397e-14)
(-16.0681 -7.87887 -1.54606e-14)
(-16.048 -7.68587 -1.7255e-14)
(-15.9958 -7.47932 -1.62389e-14)
(-15.9076 -7.26034 -1.71456e-14)
(-15.7803 -7.0305 -1.94179e-14)
(-15.6117 -6.79174 -1.76289e-14)
(-15.4007 -6.54622 -1.65438e-14)
(-15.1477 -6.29642 -1.33812e-14)
(-14.8543 -6.04332 -1.71286e-14)
(-14.5245 -5.7901 -1.47637e-14)
(-14.1616 -5.53741 -1.67041e-14)
(-13.7706 -5.28672 -1.72413e-14)
(-13.356 -5.03923 -1.47808e-14)
(-12.9224 -4.7959 -1.6739e-14)
(-12.4741 -4.55763 -1.78598e-14)
(-12.0147 -4.32529 -1.8282e-14)
(-11.5476 -4.09977 -1.50866e-14)
(-11.0759 -3.88194 -1.53471e-14)
(-10.6025 -3.67264 -1.43704e-14)
(-10.1299 -3.4727 -1.66842e-14)
(-9.66067 -3.28287 -1.26074e-14)
(-9.19706 -3.10381 -1.33035e-14)
(-8.74126 -2.93605 -1.40093e-14)
(-8.29526 -2.78003 -1.38862e-14)
(-7.86085 -2.63604 -1.45723e-14)
(-7.4396 -2.50425 -1.42621e-14)
(-7.03285 -2.38467 -1.3283e-14)
(-6.64172 -2.27723 -1.39319e-14)
(-6.26712 -2.18171 -1.40946e-14)
(-5.90972 -2.09781 -1.27556e-14)
(-5.56999 -2.02513 -1.46848e-14)
(-5.24825 -1.96323 -1.54316e-14)
(-4.94464 -1.91159 -1.35237e-14)
(-4.65918 -1.86966 -1.28277e-14)
(-4.39178 -1.83688 -1.40535e-14)
(-4.14228 -1.81264 -1.25314e-14)
(-3.91045 -1.79636 -1.2897e-14)
(-3.69606 -1.78741 -1.33575e-14)
(-3.49883 -1.78518 -1.28532e-14)
(-3.31851 -1.78904 -1.23619e-14)
(-3.15479 -1.79839 -1.07313e-14)
(-3.00726 -1.8127 -1.1746e-14)
(-2.87564 -1.83147 -1.08397e-14)
(-2.76071 -1.85395 -9.71814e-15)
(-2.66443 -1.87626 -1.17687e-14)
(-2.5864 -1.9048 -1.08312e-14)
(-2.51086 -1.93109 -1.18424e-14)
(-2.45214 -1.96139 -1.34369e-14)
(-2.40801 -1.99352 -1.46158e-14)
(-2.37681 -2.02658 -1.37924e-14)
(-2.35717 -2.06106 -1.20922e-14)
(-2.34974 -2.09447 -1.08439e-14)
(-2.35426 -2.12827 -1.16258e-14)
(-2.37057 -2.16166 -1.34596e-14)
(-2.39806 -2.19423 -1.20406e-14)
(-2.43626 -2.22574 -1.14131e-14)
(-2.48475 -2.25591 -1.27774e-14)
(-2.54312 -2.28448 -1.37026e-14)
(-2.61096 -2.31119 -1.26961e-14)
(-2.6878 -2.33578 -1.30938e-14)
(-2.77315 -2.35803 -1.02513e-14)
)
;
    }
    inlet
    {
        type            calculated;
        value           uniform (0 0 0);
    }
    rWedge
    {
        type            wedge;
    }
    lWedge
    {
        type            wedge;
    }
    outlet
    {
        type            calculated;
        value           nonuniform 0();
    }
    procBoundary2to0
    {
        type            processor;
        value           uniform (0 0 0);
    }
    procBoundary2to1
    {
        type            processor;
        value           uniform (0 0 0);
    }
    procBoundary2to3
    {
        type            processor;
        value           uniform (0 0 0);
    }
}


// ************************************************************************* //
