/*--------------------------------*- C++ -*----------------------------------*\
| =========                 |                                                 |
| \\      /  F ield         | OpenFOAM: The Open Source CFD Toolbox           |
|  \\    /   O peration     | Version:  v1706                                 |
|   \\  /    A nd           | Web:      www.OpenFOAM.com                      |
|    \\/     M anipulation  |                                                 |
\*---------------------------------------------------------------------------*/
FoamFile
{
    version     2.0;
    format      ascii;
    class       volVectorField;
    location    "3.5e-05";
    object      wallShearStress;
}
// * * * * * * * * * * * * * * * * * * * * * * * * * * * * * * * * * * * * * //

dimensions      [1 -1 -2 0 0 0 0];


internalField   uniform (0 0 0);

boundaryField
{
    cone
    {
        type            calculated;
        value           nonuniform List<vector> 
153
(
(-20.9904 -18.0116 -4.74112e-14)
(-21.0317 -17.8541 -4.55355e-14)
(-21.0678 -17.694 -4.48256e-14)
(-21.0987 -17.5311 -4.42799e-14)
(-21.1242 -17.3656 -4.23312e-14)
(-21.1442 -17.1975 -4.08283e-14)
(-21.1586 -17.0268 -4.0869e-14)
(-21.1671 -16.8536 -3.88128e-14)
(-21.1697 -16.6779 -3.79881e-14)
(-21.1661 -16.4996 -3.68003e-14)
(-21.1564 -16.319 -3.66308e-14)
(-21.1402 -16.1359 -3.55974e-14)
(-21.1174 -15.9505 -3.54843e-14)
(-21.0879 -15.7627 -3.44877e-14)
(-21.0515 -15.5725 -3.27046e-14)
(-21.0079 -15.3801 -3.16441e-14)
(-20.957 -15.1853 -3.17394e-14)
(-20.8987 -14.9883 -2.98765e-14)
(-20.8328 -14.7891 -2.94934e-14)
(-20.7589 -14.5877 -2.92597e-14)
(-20.677 -14.3842 -2.81094e-14)
(-20.5869 -14.1785 -2.73609e-14)
(-20.4882 -13.9706 -2.54998e-14)
(-20.3809 -13.7607 -2.44313e-14)
(-20.2647 -13.5487 -2.37901e-14)
(-20.1395 -13.3346 -2.27875e-14)
(-20.0049 -13.1185 -2.33386e-14)
(-19.861 -12.9004 -2.26291e-14)
(-19.7073 -12.6803 -2.14527e-14)
(-19.5439 -12.4582 -2.08957e-14)
(-19.3706 -12.2342 -2.11472e-14)
(-19.1871 -12.0082 -1.96259e-14)
(-18.9933 -11.7804 -1.95544e-14)
(-18.7893 -11.5507 -1.77873e-14)
(-18.5747 -11.3191 -1.75333e-14)
(-18.3497 -11.0858 -1.70618e-14)
(-18.114 -10.8508 -1.65103e-14)
(-17.8678 -10.614 -1.65354e-14)
(-17.6108 -10.3757 -1.61009e-14)
(-17.3432 -10.1358 -1.51777e-14)
(-17.0649 -9.89453 -1.42156e-14)
(-16.7758 -9.65196 -1.42187e-14)
(-16.4758 -9.4083 -1.29876e-14)
(-16.1646 -9.16381 -1.25676e-14)
(-15.8417 -8.91887 -1.21381e-14)
(-15.5053 -8.67448 -1.16599e-14)
(-15.1496 -8.43733 -1.15431e-14)
(-14.7722 -8.22438 -1.0514e-14)
(-14.4162 -7.96244 -1.00678e-14)
(-14.0626 -7.6687 -9.45012e-15)
(-13.7181 -7.42947 -1.00674e-14)
(-13.3962 -7.22259 -1.00239e-14)
(-13.0939 -7.03536 -9.20656e-15)
(-12.8082 -6.86272 -8.71658e-15)
(-12.5369 -6.70178 -8.07684e-15)
(-12.2786 -6.55064 -8.03122e-15)
(-12.0318 -6.40789 -8.13204e-15)
(-11.7957 -6.27248 -7.70482e-15)
(-11.5693 -6.14358 -6.98284e-15)
(-11.3519 -6.02051 -7.18963e-15)
(-11.1428 -5.90273 -6.25512e-15)
(-10.9414 -5.78977 -5.84471e-15)
(-10.7473 -5.68124 -5.89134e-15)
(-10.56 -5.57678 -5.9061e-15)
(-10.3791 -5.47611 -5.81861e-15)
(-10.2042 -5.37896 -4.75566e-15)
(-10.0351 -5.2851 -4.19071e-15)
(-9.87135 -5.19433 -3.87374e-15)
(-9.7128 -5.10645 -4.56395e-15)
(-9.55916 -5.02131 -4.28097e-15)
(-9.4102 -4.93874 -3.2358e-15)
(-9.26571 -4.85862 -2.86087e-15)
(-9.12549 -4.78082 -2.42965e-15)
(-8.98936 -4.70521 -2.31025e-15)
(-8.85715 -4.63171 -2.85361e-15)
(-8.72869 -4.5602 -2.94255e-15)
(-8.60383 -4.49061 -2.75287e-15)
(-8.48242 -4.42284 -2.5462e-15)
(-8.36432 -4.35683 -3.02697e-15)
(-8.2494 -4.2925 -3.2287e-15)
(-8.13753 -4.22979 -2.69956e-15)
(-8.02858 -4.16865 -2.56484e-15)
(-7.92244 -4.10902 -2.1048e-15)
(-7.819 -4.05085 -1.97385e-15)
(-7.71815 -3.99411 -2.76678e-15)
(-7.61977 -3.93874 -2.36746e-15)
(-7.52377 -3.88471 -2.19212e-15)
(-7.43005 -3.83201 -2.67707e-15)
(-7.33852 -3.78058 -2.7711e-15)
(-7.2491 -3.73043 -2.36146e-15)
(-7.16169 -3.68151 -2.48622e-15)
(-7.07623 -3.63382 -1.69091e-15)
(-6.99265 -3.58735 -1.31128e-15)
(-6.91088 -3.54207 -2.13249e-15)
(-6.83087 -3.49798 -1.89993e-15)
(-6.75258 -3.45506 -2.31398e-15)
(-6.67597 -3.41331 -3.18379e-15)
(-6.60103 -3.37271 -2.55933e-15)
(-6.52772 -3.33326 -1.97102e-15)
(-6.45606 -3.29493 -9.11294e-16)
(-6.38605 -3.25772 -2.32378e-15)
(-6.3177 -3.2216 -1.2361e-15)
(-6.25105 -3.18655 -2.15301e-15)
(-6.18613 -3.15254 -2.58892e-15)
(-6.12298 -3.11953 -1.57177e-15)
(-6.06166 -3.08749 -2.63963e-15)
(-6.00223 -3.05635 -3.11913e-15)
(-5.94473 -3.02607 -3.35918e-15)
(-5.88924 -2.99659 -2.29396e-15)
(-5.83579 -2.96784 -2.45226e-15)
(-5.78443 -2.93973 -2.18913e-15)
(-5.73521 -2.91219 -3.31547e-15)
(-5.68812 -2.88513 -1.5044e-15)
(-5.64318 -2.85846 -1.83399e-15)
(-5.60035 -2.83209 -2.15435e-15)
(-5.55959 -2.80593 -2.38891e-15)
(-5.52081 -2.77985 -2.90108e-15)
(-5.48392 -2.75376 -2.88863e-15)
(-5.4488 -2.72753 -2.49288e-15)
(-5.41521 -2.70119 -2.92284e-15)
(-5.38239 -2.67505 -3.23628e-15)
(-5.35052 -2.64906 -2.6762e-15)
(-5.31978 -2.62234 -3.81302e-15)
(-5.2894 -2.59539 -4.45232e-15)
(-5.25897 -2.56839 -3.41939e-15)
(-5.22815 -2.54135 -3.07945e-15)
(-5.19658 -2.51434 -3.72036e-15)
(-5.16387 -2.48751 -2.80983e-15)
(-5.12967 -2.461 -3.07384e-15)
(-5.09367 -2.43502 -3.31598e-15)
(-5.05558 -2.40976 -3.11678e-15)
(-5.01519 -2.38547 -2.88033e-15)
(-4.97236 -2.3624 -1.93503e-15)
(-4.92702 -2.34083 -2.47486e-15)
(-4.87923 -2.32101 -2.09274e-15)
(-4.82911 -2.30323 -1.51496e-15)
(-4.77693 -2.28776 -2.70392e-15)
(-4.72304 -2.27485 -2.30494e-15)
(-4.66792 -2.26475 -2.79225e-15)
(-4.61209 -2.25773 -3.75261e-15)
(-4.55628 -2.25393 -4.55879e-15)
(-4.50208 -2.2543 -4.29831e-15)
(-4.44829 -2.25711 -3.29965e-15)
(-4.39724 -2.26256 -2.5043e-15)
(-4.35128 -2.27185 -2.85396e-15)
(-4.31127 -2.28374 -3.87337e-15)
(-4.27819 -2.29766 -3.23526e-15)
(-4.2524 -2.31448 -2.98273e-15)
(-4.2333 -2.33365 -3.57403e-15)
(-4.22125 -2.35576 -4.05426e-15)
(-4.21838 -2.37806 -3.57316e-15)
(-4.22554 -2.40179 -3.93763e-15)
(-4.2435 -2.42595 -2.70776e-15)
)
;
    }
    inlet
    {
        type            calculated;
        value           uniform (0 0 0);
    }
    rWedge
    {
        type            wedge;
    }
    lWedge
    {
        type            wedge;
    }
    outlet
    {
        type            calculated;
        value           nonuniform 0();
    }
    procBoundary2to0
    {
        type            processor;
        value           uniform (0 0 0);
    }
    procBoundary2to1
    {
        type            processor;
        value           uniform (0 0 0);
    }
    procBoundary2to3
    {
        type            processor;
        value           uniform (0 0 0);
    }
}


// ************************************************************************* //
