/*--------------------------------*- C++ -*----------------------------------*\
| =========                 |                                                 |
| \\      /  F ield         | OpenFOAM: The Open Source CFD Toolbox           |
|  \\    /   O peration     | Version:  v1706                                 |
|   \\  /    A nd           | Web:      www.OpenFOAM.com                      |
|    \\/     M anipulation  |                                                 |
\*---------------------------------------------------------------------------*/
FoamFile
{
    version     2.0;
    format      ascii;
    class       volScalarField;
    location    "2e-05";
    object      frictionCoefficient;
}
// * * * * * * * * * * * * * * * * * * * * * * * * * * * * * * * * * * * * * //

dimensions      [0 0 0 0 0 0 0];


internalField   uniform 0;

boundaryField
{
    cone
    {
        type            calculated;
        value           nonuniform List<scalar> 
600
(
0.00158357
0.00251199
0.00348342
0.00445835
0.0054379
0.00642414
0.00741613
0.00840766
0.00939588
0.0103808
0.011363
0.0123425
0.0133195
0.0142937
0.0152652
0.0162337
0.0171992
0.0181615
0.0191205
0.020076
0.0210278
0.0219758
0.0229199
0.0238598
0.0247954
0.0257265
0.026653
0.0275746
0.0284913
0.0294028
0.0303089
0.0312095
0.0321045
0.0329936
0.0338768
0.0347538
0.0356245
0.0364887
0.0373463
0.0381972
0.0390412
0.0398781
0.0407078
0.0415302
0.0423452
0.0431526
0.043952
0.044744
0.0455278
0.0463035
0.047071
0.04783
0.0485806
0.0493223
0.0500555
0.05078
0.0514956
0.052202
0.0528988
0.0535868
0.0542653
0.0549341
0.0555934
0.0562427
0.0568825
0.0575122
0.0581319
0.0587411
0.0593404
0.0599291
0.0605078
0.0610756
0.0616328
0.062179
0.0627147
0.0632393
0.0637531
0.0642558
0.0647469
0.0652271
0.0656961
0.0661536
0.0665994
0.067034
0.0674567
0.0678677
0.0682667
0.0686539
0.0690292
0.0693922
0.0697435
0.0700826
0.0704091
0.0707236
0.0710257
0.0713152
0.0715924
0.0718568
0.0721087
0.0723475
0.0725739
0.072787
0.0729875
0.0731746
0.073349
0.0735101
0.0736583
0.0737928
0.0739138
0.0740218
0.0741166
0.0741975
0.0742655
0.0743191
0.0743597
0.0743862
0.0743991
0.0743984
0.0743835
0.0743547
0.074312
0.0742549
0.0741834
0.0740976
0.0739972
0.0738823
0.0737524
0.0736072
0.0734472
0.0732715
0.0730799
0.0728729
0.0726492
0.072409
0.072152
0.0718778
0.071586
0.0712765
0.0709487
0.0706022
0.0702368
0.0698519
0.0694474
0.0690225
0.0685773
0.068111
0.0676238
0.0671142
0.0665832
0.0660302
0.0654546
0.0648563
0.0642354
0.0635915
0.0629245
0.0622344
0.0615216
0.060786
0.0600275
0.0592463
0.0584434
0.0576181
0.0567716
0.055904
0.0550156
0.0541074
0.0531802
0.052234
0.0512702
0.0502892
0.0492887
0.0482575
0.0472243
0.0461887
0.045144
0.0440894
0.0430261
0.0419554
0.040879
0.0397988
0.0387167
0.0376348
0.0365554
0.035481
0.0344145
0.0333587
0.0323171
0.0312927
0.0302885
0.0293089
0.0283527
0.0274355
0.0265023
0.0256254
0.0247812
0.0240116
0.0233675
0.0228414
0.0224259
0.0221204
0.0219251
0.0218282
0.021825
0.0219059
0.0220793
0.0223448
0.0226989
0.0231378
0.0236578
0.0242553
0.0249266
0.0256566
0.0264352
0.0272558
0.0281089
0.0289832
0.0298653
0.0307428
0.031599
0.0323948
0.0331673
0.0338923
0.0344948
0.034986
0.0353563
0.0355868
0.0356508
0.0355852
0.0353599
0.0349548
0.034372
0.0336193
0.0327078
0.0316494
0.0304588
0.0291528
0.0277507
0.0262725
0.0247387
0.0231692
0.0215833
0.0199985
0.0184309
0.0168944
0.0154011
0.0139608
0.0125817
0.0112701
0.0100306
0.00886638
0.00777841
0.00677098
0.0058408
0.00500327
0.00418759
0.00347817
0.00284767
0.00228659
0.00179443
0.00137042
0.00101927
0.000726643
0.000501271
0.000341711
0.000246601
0.000214208
0.000242543
0.000333328
0.000487678
0.000705877
0.0009885
0.00133618
0.00174842
0.00222223
0.00276371
0.00337672
0.00406343
0.00482592
0.00566644
0.00658748
0.00759348
0.00868265
0.00984882
0.0110894
0.0124001
0.0137748
0.0151938
0.0166191
0.0180268
0.0193876
0.0206554
0.0217743
0.0227352
0.0235853
0.0241177
0.0243643
0.0243559
0.0241033
0.0235999
0.022852
0.021912
0.0208376
0.0196815
0.0184852
0.0173076
0.0161671
0.0150787
0.0140527
0.0130933
0.0122
0.0113696
0.0105972
0.00987735
0.00920453
0.00857363
0.00798007
0.00741985
0.00688957
0.00638639
0.00590796
0.00545234
0.00501771
0.00460256
0.00420614
0.00382741
0.00346672
0.00312403
0.0027953
0.00246651
0.00216307
0.00187847
0.00160874
0.0013534
0.00111267
0.000886674
0.000675478
0.000479132
0.000297587
0.000130657
2.00752e-05
0.000156631
0.000276421
0.000379688
0.000466273
0.000535846
0.000588054
0.00062258
0.000638827
0.000637131
0.000617091
0.000578048
0.000519866
0.000442392
0.000345422
0.000228791
9.23715e-05
6.40687e-05
0.000241069
0.000440664
0.000659227
0.000895545
0.00115006
0.00142342
0.00171715
0.00202976
0.00234963
0.00267938
0.00301882
0.0033664
0.00372121
0.00408046
0.00444235
0.00480461
0.00516482
0.00552058
0.00586936
0.00620873
0.00653623
0.00684962
0.00714672
0.00742568
0.00768489
0.00792304
0.00813932
0.00833324
0.00850472
0.00865423
0.00878249
0.00889077
0.00898052
0.00905355
0.00911172
0.0091572
0.00919211
0.00921846
0.00923833
0.00925362
0.00926619
0.00927759
0.00928936
0.00930269
0.00931861
0.00933799
0.00936144
0.00938953
0.00942265
0.00946107
0.00950494
0.00955438
0.00960937
0.00966985
0.0097357
0.0098067
0.00988263
0.00996323
0.0100481
0.010137
0.0102295
0.0103252
0.0104237
0.0105245
0.0106274
0.0107319
0.0108377
0.0109445
0.0110518
0.0111596
0.0112677
0.0113757
0.0114837
0.0115916
0.0116993
0.0118068
0.0119141
0.0120213
0.0121284
0.0122354
0.0123426
0.0124499
0.0125573
0.0126651
0.0127732
0.0128817
0.0129907
0.0131003
0.0132104
0.0133211
0.0134325
0.0135446
0.0136574
0.0137709
0.0138852
0.0140003
0.0141162
0.0142329
0.0143504
0.0144689
0.0145882
0.0147084
0.0148295
0.0149516
0.0150747
0.0151988
0.0153239
0.01545
0.0155773
0.0157056
0.0158351
0.0159658
0.0160977
0.0162309
0.0163654
0.0165011
0.0166382
0.0167766
0.0169164
0.0170577
0.0172004
0.0173447
0.0174905
0.017638
0.017787
0.0179378
0.0180899
0.0182444
0.0184003
0.018558
0.0187177
0.0188794
0.0190431
0.0192089
0.0193768
0.019547
0.0197195
0.0198944
0.0200718
0.0202517
0.0204342
0.0206194
0.0208074
0.0209982
0.0211918
0.0213884
0.021588
0.0217907
0.0219966
0.0222058
0.0224185
0.0226348
0.0228548
0.0230789
0.0233073
0.0235402
0.0237778
0.0240206
0.0242688
0.0245227
0.0247827
0.0250492
0.0253226
0.0256032
0.0258916
0.0261882
0.0264935
0.0268081
0.0271326
0.0274676
0.0278137
0.0281718
0.0285426
0.0289269
0.0293255
0.0297392
0.0301689
0.0306154
0.0310793
0.0315612
0.0320614
0.0325797
0.0331156
0.0336678
0.0342338
0.0348098
0.0353906
0.0359679
0.0365305
0.0370648
0.037551
0.037966
0.0382813
0.0384647
0.0384821
0.0382977
0.0378842
0.0372304
0.036369
0.0353074
0.0339219
0.032204
0.0301847
0.0279192
0.0255726
0.0231991
0.0208539
0.0185891
0.0164446
0.0144477
0.0126143
0.0109496
0.00944874
0.00811476
0.00695257
0.0059497
0.00509307
0.0043602
0.00372939
0.00318827
0.00272512
0.00232984
0.0019934
0.00170778
0.0014661
0.00126227
0.00109103
0.000947979
0.000829101
0.000731154
0.000651288
0.00058717
0.000536819
0.00049874
0.000471867
0.000455392
0.000448185
0.000448788
0.000459151
0.000476548
0.000540313
0.000538488
0.00069875
)
;
    }
    inlet
    {
        type            calculated;
        value           uniform 0;
    }
    rWedge
    {
        type            wedge;
    }
    lWedge
    {
        type            wedge;
    }
    outlet
    {
        type            calculated;
        value           uniform 0;
    }
}


// ************************************************************************* //
