/*--------------------------------*- C++ -*----------------------------------*\
| =========                 |                                                 |
| \\      /  F ield         | OpenFOAM: The Open Source CFD Toolbox           |
|  \\    /   O peration     | Version:  v1706                                 |
|   \\  /    A nd           | Web:      www.OpenFOAM.com                      |
|    \\/     M anipulation  |                                                 |
\*---------------------------------------------------------------------------*/
FoamFile
{
    version     2.0;
    format      ascii;
    class       volScalarField;
    location    "2e-05";
    object      pressureCoefficient;
}
// * * * * * * * * * * * * * * * * * * * * * * * * * * * * * * * * * * * * * //

dimensions      [0 0 0 0 0 0 0];


internalField   uniform 0;

boundaryField
{
    cone
    {
        type            calculated;
        value           nonuniform List<scalar> 
600
(
1.75519
1.75493
1.75451
1.754
1.7534
1.75271
1.75191
1.75099
1.74996
1.74881
1.74754
1.74617
1.74468
1.74308
1.74137
1.73955
1.73761
1.73557
1.73342
1.73116
1.72879
1.72631
1.72372
1.72103
1.71823
1.71533
1.71232
1.70921
1.70599
1.70267
1.69925
1.69573
1.69211
1.68839
1.68457
1.68065
1.67664
1.67253
1.66833
1.66403
1.65964
1.65515
1.65058
1.64592
1.64116
1.63632
1.6314
1.62638
1.62128
1.6161
1.61084
1.60549
1.60007
1.59456
1.58898
1.58332
1.57759
1.57177
1.56589
1.55994
1.55391
1.54781
1.54164
1.53541
1.52911
1.52274
1.51632
1.50983
1.50327
1.49666
1.48998
1.48325
1.47646
1.46961
1.46271
1.45576
1.44875
1.44169
1.43459
1.42743
1.42022
1.41297
1.40568
1.39834
1.39096
1.38353
1.37607
1.36857
1.36103
1.35344
1.34583
1.33818
1.33051
1.32279
1.31505
1.30728
1.29947
1.29165
1.28379
1.27591
1.26801
1.26009
1.25214
1.24417
1.23618
1.22818
1.22016
1.21212
1.20407
1.19601
1.18794
1.17986
1.17176
1.16366
1.15555
1.14744
1.13932
1.1312
1.12309
1.11497
1.10685
1.09874
1.09063
1.08253
1.07444
1.06636
1.05829
1.05024
1.0422
1.03418
1.02618
1.01821
1.01025
1.00233
0.99443
0.986563
0.978732
0.970935
0.963178
0.955458
0.947787
0.940157
0.93258
0.925052
0.917577
0.91016
0.902803
0.895504
0.88827
0.881105
0.874006
0.866981
0.860033
0.853158
0.846362
0.83965
0.833025
0.826482
0.820032
0.813676
0.807415
0.801251
0.795193
0.789238
0.783393
0.777662
0.77205
0.766556
0.761189
0.755948
0.750822
0.745802
0.740994
0.736374
0.731922
0.727642
0.723545
0.719632
0.715919
0.712418
0.709138
0.706087
0.703273
0.700712
0.698404
0.696365
0.694601
0.693118
0.691925
0.691027
0.690426
0.6901
0.690071
0.690369
0.691141
0.692395
0.693972
0.695871
0.698085
0.700609
0.703432
0.706524
0.709869
0.713427
0.717197
0.721151
0.725252
0.729451
0.733715
0.737992
0.742248
0.746406
0.750397
0.754151
0.757606
0.760694
0.763345
0.76549
0.767054
0.76801
0.768304
0.767818
0.766495
0.764346
0.761348
0.757492
0.752754
0.74726
0.741031
0.734067
0.726441
0.718235
0.709579
0.700581
0.691354
0.682012
0.67267
0.663435
0.654412
0.645691
0.637355
0.62948
0.622115
0.615318
0.609122
0.603558
0.59864
0.59438
0.590782
0.587849
0.58557
0.583936
0.582927
0.582494
0.582665
0.583462
0.584826
0.58673
0.58916
0.592105
0.59554
0.599453
0.603828
0.608648
0.613897
0.619562
0.625615
0.632049
0.63885
0.645998
0.653477
0.661262
0.669321
0.677617
0.686138
0.694858
0.703746
0.712769
0.721874
0.731015
0.740136
0.749163
0.758007
0.76658
0.774782
0.782502
0.789642
0.795982
0.801382
0.805707
0.808828
0.810678
0.811262
0.810421
0.808084
0.804437
0.799662
0.793935
0.787383
0.780248
0.772797
0.765273
0.757864
0.750707
0.743976
0.73769
0.731877
0.726543
0.721662
0.717213
0.713166
0.709485
0.706136
0.703097
0.700336
0.69784
0.695589
0.693567
0.691762
0.690169
0.688776
0.687575
0.686566
0.685745
0.685108
0.684651
0.684373
0.684259
0.684328
0.684598
0.685055
0.685696
0.686521
0.68753
0.688727
0.690116
0.691693
0.693461
0.695418
0.69757
0.699915
0.702456
0.705192
0.708125
0.711254
0.714579
0.718092
0.7218
0.725693
0.729774
0.73403
0.738466
0.743073
0.747844
0.75277
0.757843
0.763055
0.768402
0.773863
0.779427
0.78508
0.79081
0.796598
0.802439
0.808329
0.814224
0.820093
0.825926
0.831698
0.837388
0.842979
0.848449
0.853775
0.858942
0.863921
0.868709
0.873275
0.877621
0.881726
0.885586
0.889197
0.892563
0.895679
0.898559
0.901206
0.903636
0.905867
0.907917
0.909804
0.911552
0.913178
0.91471
0.916164
0.917565
0.918933
0.920281
0.921625
0.922981
0.924366
0.925779
0.927237
0.928745
0.930305
0.931918
0.933589
0.935317
0.937102
0.93894
0.940835
0.942779
0.944769
0.946803
0.948874
0.950977
0.953109
0.955266
0.957439
0.95962
0.96181
0.964003
0.966188
0.96837
0.970535
0.972687
0.974823
0.976935
0.979022
0.981089
0.983127
0.985141
0.987126
0.989083
0.991019
0.992922
0.994805
0.99666
0.998494
1.0003
1.00208
1.00385
1.00559
1.00731
1.009
1.01068
1.01233
1.01397
1.01558
1.01717
1.01874
1.02028
1.0218
1.02331
1.02479
1.02624
1.02767
1.02908
1.03047
1.03183
1.03316
1.03447
1.03575
1.03701
1.03824
1.03945
1.04062
1.04177
1.04288
1.04397
1.04503
1.04606
1.04705
1.04801
1.04894
1.04984
1.0507
1.05153
1.05233
1.05308
1.0538
1.05448
1.05512
1.05573
1.05629
1.05681
1.05729
1.05772
1.05811
1.05846
1.05876
1.05901
1.05922
1.05938
1.05949
1.05954
1.05955
1.0595
1.05939
1.05924
1.05902
1.05874
1.05841
1.05802
1.05755
1.05703
1.05644
1.05579
1.05506
1.05427
1.05341
1.05247
1.05147
1.05039
1.04924
1.04801
1.0467
1.04532
1.04387
1.04233
1.0407
1.039
1.03721
1.03533
1.03337
1.03131
1.02915
1.02689
1.02453
1.02205
1.01946
1.01674
1.01388
1.01087
1.0077
1.00434
1.00077
0.996962
0.992873
0.988458
0.983658
0.978393
0.972581
0.966103
0.958824
0.950577
0.941162
0.930346
0.917859
0.903404
0.88664
0.867242
0.844879
0.81928
0.790259
0.757766
0.72196
0.683307
0.642603
0.600144
0.556757
0.513349
0.470873
0.430116
0.391679
0.356006
0.323362
0.293855
0.267458
0.244048
0.223435
0.205389
0.189661
0.176024
0.164235
0.154083
0.145377
0.137929
0.131569
0.12615
0.121543
0.117636
0.114329
0.111538
0.109188
0.107213
0.105558
0.104173
0.103017
0.102054
0.101252
0.100583
0.100027
0.0995614
0.0991717
0.0988421
0.0985619
0.0983209
0.0981159
0.0979774
0.0976539
1.7558
)
;
    }
    inlet
    {
        type            calculated;
        value           uniform 0;
    }
    rWedge
    {
        type            wedge;
    }
    lWedge
    {
        type            wedge;
    }
    outlet
    {
        type            calculated;
        value           uniform 0;
    }
}


// ************************************************************************* //
