/*--------------------------------*- C++ -*----------------------------------*\
| =========                 |                                                 |
| \\      /  F ield         | OpenFOAM: The Open Source CFD Toolbox           |
|  \\    /   O peration     | Version:  v1706                                 |
|   \\  /    A nd           | Web:      www.OpenFOAM.com                      |
|    \\/     M anipulation  |                                                 |
\*---------------------------------------------------------------------------*/
FoamFile
{
    version     2.0;
    format      ascii;
    class       volScalarField;
    location    "2e-05";
    object      StantonNo;
}
// * * * * * * * * * * * * * * * * * * * * * * * * * * * * * * * * * * * * * //

dimensions      [0 0 0 0 0 0 0];


internalField   uniform 0;

boundaryField
{
    cone
    {
        type            calculated;
        value           nonuniform List<scalar> 
600
(
0.0513479
0.0513366
0.0513153
0.0512898
0.0512565
0.051216
0.0511705
0.0511225
0.0510711
0.0510152
0.0509543
0.0508883
0.0508173
0.0507414
0.0506596
0.0505727
0.0504809
0.0503837
0.0502814
0.0501737
0.0500614
0.0499437
0.0498206
0.0496933
0.0495605
0.0494228
0.0492805
0.0491331
0.0489812
0.0488247
0.0486635
0.0484974
0.0483271
0.0481522
0.0479727
0.0477891
0.0476008
0.0474088
0.0472122
0.0470114
0.0468069
0.0465982
0.0463853
0.0461687
0.0459483
0.0457242
0.0454963
0.045265
0.04503
0.0447913
0.0445496
0.0443042
0.0440558
0.0438041
0.0435491
0.0432911
0.0430302
0.0427664
0.0424997
0.0422301
0.0419575
0.0416824
0.0414047
0.0411245
0.0408417
0.0405564
0.0402688
0.0399788
0.0396865
0.039392
0.0390954
0.0387965
0.0384957
0.0381928
0.0378879
0.0375812
0.0372725
0.036962
0.0366497
0.0363356
0.0360198
0.0357024
0.0353833
0.0350627
0.0347405
0.0344168
0.0340916
0.033765
0.033437
0.0331076
0.0327768
0.0324447
0.0321114
0.0317767
0.0314409
0.0311038
0.0307655
0.030426
0.0300854
0.0297437
0.0294008
0.0290568
0.0287118
0.0283656
0.0280185
0.0276703
0.027321
0.0269708
0.0266196
0.0262673
0.0259141
0.0255599
0.0252048
0.0248488
0.0244919
0.0241342
0.0237756
0.0234162
0.0230561
0.0226952
0.0223337
0.0219715
0.0216087
0.0212453
0.0208814
0.0205171
0.0201524
0.0197874
0.019422
0.0190565
0.0186908
0.018325
0.0179592
0.0175934
0.0172277
0.0168622
0.0164969
0.0161317
0.0157669
0.0154024
0.0150382
0.0146744
0.0143109
0.0139478
0.0135851
0.0132226
0.0128605
0.0124986
0.0121368
0.0117752
0.0114136
0.011052
0.0106901
0.0103281
0.00996554
0.00960252
0.00923883
0.0088744
0.00850913
0.00814285
0.00777554
0.00740705
0.00703744
0.00666658
0.0062945
0.00592126
0.00554693
0.00517169
0.00479569
0.00441919
0.00404228
0.00366472
0.00328704
0.00290999
0.00253415
0.00216
0.00178809
0.00141903
0.00105346
0.000692111
0.000335727
-1.49025e-05
-0.000358959
-0.000695617
-0.00102398
-0.00134316
-0.00165223
-0.00195022
-0.00223615
-0.00250915
-0.00276742
-0.00301024
-0.00323722
-0.00344664
-0.00364092
-0.00381796
-0.00397024
-0.00409172
-0.00417901
-0.00422931
-0.00424229
-0.00421637
-0.00415156
-0.00404999
-0.00390934
-0.00372886
-0.00350902
-0.00325101
-0.00295646
-0.00262741
-0.00226647
-0.00187698
-0.00146294
-0.00102901
-0.000580635
-0.000123995
0.000334059
0.000785802
0.00122337
0.00163677
0.00201876
0.00236216
0.00265311
0.00288288
0.00304454
0.00313101
0.00313931
0.00306569
0.0029026
0.00265124
0.00231351
0.00189305
0.00139568
0.000828845
0.000201447
-0.000476601
-0.0011947
-0.00194207
-0.00270804
-0.00348243
-0.00425577
-0.00501958
-0.00576632
-0.00648977
-0.00718458
-0.00784662
-0.00847265
-0.00906031
-0.00960807
-0.0101149
-0.0105804
-0.0110048
-0.0113872
-0.0117288
-0.0120326
-0.0122972
-0.0125217
-0.0127079
-0.0128566
-0.0129681
-0.013045
-0.0130868
-0.0130911
-0.0130595
-0.0129926
-0.0128902
-0.0127527
-0.0125794
-0.0123697
-0.0121229
-0.0118384
-0.0115157
-0.0111541
-0.0107528
-0.0103114
-0.00982946
-0.00930641
-0.00874196
-0.00813605
-0.00748891
-0.00680119
-0.00607441
-0.00531118
-0.00451548
-0.00369284
-0.00285066
-0.00199915
-0.00115111
-0.000321965
0.000470407
0.00120801
0.00186711
0.00243508
0.00289998
0.00323623
0.0034352
0.0035095
0.003466
0.00329927
0.00302337
0.00266617
0.00225368
0.00180989
0.00135506
0.000905476
0.000473245
6.56327e-05
-0.000313687
-0.000663682
-0.0009852
-0.00128023
-0.00155133
-0.00180121
-0.00203247
-0.00224748
-0.0024483
-0.00263669
-0.0028141
-0.0029817
-0.00314043
-0.00329104
-0.00343408
-0.00356999
-0.00369911
-0.00382172
-0.00393812
-0.00404788
-0.00415215
-0.00425177
-0.00434481
-0.00443042
-0.00450906
-0.00458072
-0.00464525
-0.00470236
-0.00475165
-0.00479285
-0.00482549
-0.0048492
-0.00486402
-0.00486911
-0.0048636
-0.00484749
-0.00482036
-0.00478162
-0.00473091
-0.00466775
-0.00459166
-0.00450229
-0.00439932
-0.00428232
-0.00415085
-0.00400467
-0.0038435
-0.00366713
-0.00347542
-0.00326826
-0.00304562
-0.00280751
-0.00255413
-0.00228575
-0.0020027
-0.00170546
-0.00139455
-0.0010708
-0.000735179
-0.000388683
-3.24885e-05
0.000332068
0.000703419
0.00107998
0.00145996
0.00184148
0.00222255
0.00260111
0.00297509
0.00334241
0.00370103
0.00404903
0.00438459
0.00470615
0.00501228
0.00530196
0.0055744
0.00582914
0.00606618
0.00628574
0.00648851
0.00667543
0.00684765
0.00700668
0.00715411
0.00729156
0.00742087
0.00754371
0.00766184
0.00777692
0.00789045
0.0080039
0.0081186
0.0082356
0.0083559
0.00848033
0.00860951
0.00874404
0.00888442
0.00903088
0.00918378
0.00934323
0.00950931
0.00968203
0.00986135
0.0100471
0.0102391
0.0104371
0.0106408
0.0108498
0.0110638
0.0112824
0.0115052
0.0117317
0.0119616
0.0121945
0.01243
0.0126678
0.0129076
0.0131491
0.0133922
0.0136367
0.0138825
0.0141296
0.014378
0.0146276
0.0148786
0.015131
0.0153849
0.0156405
0.0158978
0.0161571
0.0164183
0.0166817
0.0169475
0.0172155
0.0174861
0.0177593
0.0180352
0.018314
0.0185956
0.0188802
0.0191679
0.0194587
0.0197528
0.0200503
0.0203511
0.0206554
0.0209633
0.0212749
0.0215902
0.0219093
0.0222324
0.0225595
0.0228907
0.0232262
0.023566
0.0239102
0.0242589
0.0246123
0.0249704
0.0253335
0.0257014
0.0260746
0.0264529
0.0268366
0.0272258
0.0276206
0.0280212
0.0284278
0.0288403
0.0292591
0.0296843
0.030116
0.0305544
0.0309998
0.0314522
0.031912
0.0323792
0.0328543
0.0333373
0.0338286
0.0343284
0.034837
0.0353547
0.0358818
0.0364186
0.0369654
0.0375225
0.0380904
0.0386693
0.0392597
0.0398621
0.0404766
0.0411039
0.0417442
0.0423983
0.0430666
0.0437498
0.0444482
0.0451628
0.0458941
0.0466429
0.0474101
0.0481969
0.0490041
0.0498327
0.0506838
0.0515591
0.0524594
0.0533869
0.0543423
0.0553278
0.056345
0.0573961
0.058483
0.0596083
0.0607741
0.0619833
0.0632393
0.0645441
0.0659023
0.0673169
0.0687916
0.0703314
0.0719397
0.0736214
0.0753816
0.077224
0.0791533
0.0811731
0.0832864
0.0854941
0.0877956
0.0901865
0.092658
0.0951946
0.097772
0.100355
0.102894
0.105322
0.107551
0.109469
0.110944
0.111821
0.111937
0.111129
0.109259
0.106255
0.102128
0.0968667
0.0905893
0.0834934
0.0758387
0.0679009
0.0599418
0.0521939
0.0448434
0.038023
0.0318133
0.02625
0.0213323
0.0170339
0.0133107
0.0101118
0.00737976
0.00505848
0.00309421
0.00143674
4.12757e-05
-0.00113145
-0.00211553
-0.00294027
-0.0036307
-0.00420811
-0.0046905
-0.00509317
-0.00542918
-0.00570951
-0.00594372
-0.00614006
-0.00630573
-0.00644736
-0.00657103
-0.00668265
-0.00678838
-0.00689519
-0.00701194
-0.00715073
-0.00733138
-0.00758754
-0.0079362
0.0514117
)
;
    }
    inlet
    {
        type            calculated;
        value           uniform 0;
    }
    rWedge
    {
        type            wedge;
    }
    lWedge
    {
        type            wedge;
    }
    outlet
    {
        type            calculated;
        value           uniform 0;
    }
}


// ************************************************************************* //
