/*--------------------------------*- C++ -*----------------------------------*\
| =========                 |                                                 |
| \\      /  F ield         | OpenFOAM: The Open Source CFD Toolbox           |
|  \\    /   O peration     | Version:  v1706                                 |
|   \\  /    A nd           | Web:      www.OpenFOAM.com                      |
|    \\/     M anipulation  |                                                 |
\*---------------------------------------------------------------------------*/
FoamFile
{
    version     2.0;
    format      ascii;
    class       volScalarField;
    location    "2e-05";
    object      wallHeatFlux;
}
// * * * * * * * * * * * * * * * * * * * * * * * * * * * * * * * * * * * * * //

dimensions      [1 0 -3 0 0 0 0];


internalField   uniform 0;

boundaryField
{
    cone
    {
        type            calculated;
        value           nonuniform List<scalar> 
600
(
12301.7
12299
12293.9
12287.8
12279.8
12270.1
12259.2
12247.7
12235.4
12222
12207.4
12191.6
12174.6
12156.4
12136.8
12116
12094
12070.7
12046.2
12020.4
11993.5
11965.3
11935.8
11905.3
11873.5
11840.5
11806.4
11771.1
11734.7
11697.2
11658.6
11618.8
11578
11536.1
11493.1
11449.1
11404
11358
11310.9
11262.8
11213.8
11163.8
11112.8
11060.9
11008.1
10954.4
10899.8
10844.4
10788.1
10730.9
10673
10614.2
10554.7
10494.4
10433.3
10371.5
10309
10245.8
10181.9
10117.3
10052
9986.1
9919.57
9852.43
9784.67
9716.33
9647.42
9577.95
9507.93
9437.37
9366.3
9294.71
9222.64
9150.07
9077.03
9003.53
8929.58
8855.19
8780.37
8705.13
8629.48
8553.43
8476.99
8400.18
8322.99
8245.43
8167.53
8089.27
8010.69
7931.77
7852.53
7772.97
7693.1
7612.93
7532.47
7451.71
7370.66
7289.33
7207.73
7125.86
7043.71
6961.3
6878.64
6795.72
6712.55
6629.12
6545.45
6461.54
6377.4
6293.01
6208.38
6123.53
6038.46
5953.17
5867.67
5781.96
5696.05
5609.96
5523.68
5437.22
5350.6
5263.83
5176.91
5089.85
5002.68
4915.4
4828.02
4740.57
4653.05
4565.47
4477.86
4390.23
4302.59
4214.96
4127.35
4039.78
3952.25
3864.77
3777.37
3690.04
3602.79
3515.62
3428.55
3341.56
3254.65
3167.82
3081.06
2994.35
2907.69
2821.06
2734.43
2647.79
2561.1
2474.35
2387.5
2300.53
2213.4
2126.09
2038.58
1950.83
1862.83
1774.55
1686
1597.15
1508.01
1418.59
1328.91
1239.01
1148.93
1058.73
968.433
877.977
787.496
697.162
607.12
517.483
428.383
339.964
252.384
165.813
80.4321
-3.57028
-85.9979
-166.653
-245.321
-321.788
-395.834
-467.226
-535.727
-601.132
-663.007
-721.18
-775.559
-825.73
-872.275
-914.691
-951.174
-980.276
-1001.19
-1013.24
-1016.35
-1010.14
-994.612
-970.28
-936.583
-893.344
-840.675
-778.862
-708.295
-629.464
-542.992
-449.678
-350.484
-246.526
-139.106
-29.7062
80.0325
188.259
293.09
392.13
483.646
565.916
635.621
690.669
729.398
750.115
752.102
734.465
695.392
635.172
554.261
453.529
334.37
198.571
48.2617
-114.182
-286.221
-465.272
-648.781
-834.305
-1019.58
-1202.57
-1381.47
-1554.79
-1721.25
-1879.86
-2029.84
-2170.63
-2301.86
-2423.28
-2534.8
-2636.49
-2728.1
-2809.93
-2882.72
-2946.11
-2999.9
-3044.51
-3080.13
-3106.85
-3125.26
-3135.28
-3136.32
-3128.74
-3112.7
-3088.18
-3055.23
-3013.72
-2963.48
-2904.35
-2836.2
-2758.89
-2672.26
-2576.11
-2470.37
-2354.9
-2229.59
-2094.36
-1949.2
-1794.16
-1629.4
-1455.28
-1272.43
-1081.8
-884.714
-682.95
-478.948
-275.778
-77.135
112.698
289.411
447.315
583.387
694.765
775.323
822.99
840.792
830.369
790.425
724.327
638.749
539.927
433.605
324.639
216.93
113.378
15.724
-75.1518
-159.002
-236.03
-306.713
-371.662
-431.526
-486.93
-538.441
-586.554
-631.687
-674.189
-714.342
-752.371
-788.454
-822.723
-855.283
-886.217
-915.59
-943.478
-969.773
-994.754
-1018.62
-1040.91
-1061.42
-1080.26
-1097.43
-1112.89
-1126.57
-1138.38
-1148.25
-1156.07
-1161.75
-1165.3
-1166.52
-1165.2
-1161.34
-1154.84
-1145.56
-1133.41
-1118.28
-1100.05
-1078.64
-1053.97
-1025.94
-994.443
-959.421
-920.809
-878.556
-832.626
-782.996
-729.656
-672.612
-611.907
-547.609
-479.799
-408.586
-334.1
-256.538
-176.131
-93.1191
-7.78346
79.5554
168.522
258.736
349.772
441.174
532.468
623.163
712.759
800.759
886.677
970.049
1050.44
1127.48
1200.82
1270.22
1335.49
1396.52
1453.31
1505.91
1554.49
1599.27
1640.53
1678.63
1713.95
1746.88
1777.86
1807.29
1835.59
1863.16
1890.36
1917.54
1945.02
1973.05
2001.87
2031.68
2062.63
2094.86
2128.49
2163.58
2200.21
2238.41
2278.2
2319.58
2362.54
2407.04
2453.04
2500.47
2549.27
2599.35
2650.62
2702.99
2756.37
2810.64
2865.72
2921.51
2977.93
3034.9
3092.34
3150.2
3208.44
3267.02
3325.91
3385.11
3444.61
3504.41
3564.54
3625.01
3685.85
3747.08
3808.73
3870.84
3933.43
3996.54
4060.2
4124.42
4189.25
4254.7
4320.8
4387.58
4455.05
4523.24
4592.16
4661.84
4732.3
4803.56
4875.63
4948.54
5022.3
5096.94
5172.48
5248.94
5326.34
5404.71
5484.06
5564.43
5645.83
5728.3
5811.85
5896.51
5982.31
6069.28
6157.44
6246.83
6337.47
6429.39
6522.63
6617.23
6713.2
6810.6
6909.44
7009.78
7111.64
7215.07
7320.1
7426.79
7535.18
7645.33
7757.27
7871.08
7986.8
8104.51
8224.25
8346.1
8470.13
8596.41
8725
8856
8989.48
9125.53
9264.23
9405.68
9549.98
9697.21
9847.49
10000.9
10157.6
10317.7
10481.4
10648.7
10819.9
10995.1
11174.5
11358.3
11546.8
11740.2
11938.7
12142.6
12352.3
12568
12790.2
13019.1
13255.2
13498.9
13750.7
14011.1
14280.7
14560
14849.7
15150.6
15463.2
15788.6
16127.5
16480.8
16849.7
17235
17637.9
18059.6
18501
18963.2
19447.1
19953.4
20482.3
21033.7
21606.5
22198.6
22806.3
23423.8
24042.7
24651
25232.7
25766.6
26226.2
26579.4
26789.7
26817.4
26623.8
26175.9
25456.2
24467.5
23206.9
21703
20003
18169.1
16267.4
14360.6
12504.4
10743.4
9109.38
7621.7
6288.85
5110.71
4080.9
3188.93
2422.55
1768.01
1211.89
741.298
344.208
9.88866
-271.068
-506.829
-704.417
-869.827
-1008.16
-1123.73
-1220.2
-1300.7
-1367.86
-1423.97
-1471.01
-1510.7
-1544.63
-1574.26
-1601
-1626.33
-1651.92
-1679.89
-1713.14
-1756.42
-1817.79
-1901.32
12317
)
;
    }
    inlet
    {
        type            calculated;
        value           uniform 0;
    }
    rWedge
    {
        type            wedge;
    }
    lWedge
    {
        type            wedge;
    }
    outlet
    {
        type            calculated;
        value           uniform 0;
    }
}


// ************************************************************************* //
