/*--------------------------------*- C++ -*----------------------------------*\
| =========                 |                                                 |
| \\      /  F ield         | OpenFOAM: The Open Source CFD Toolbox           |
|  \\    /   O peration     | Version:  v1706                                 |
|   \\  /    A nd           | Web:      www.OpenFOAM.com                      |
|    \\/     M anipulation  |                                                 |
\*---------------------------------------------------------------------------*/
FoamFile
{
    version     2.0;
    format      ascii;
    class       volVectorField;
    location    "2e-05";
    object      wallShearStress;
}
// * * * * * * * * * * * * * * * * * * * * * * * * * * * * * * * * * * * * * //

dimensions      [1 -1 -2 0 0 0 0];


internalField   uniform (0 0 0);

boundaryField
{
    cone
    {
        type            calculated;
        value           nonuniform List<vector> 
600
(
(-0.387179 -0.384324 -6.73839e-14)
(-0.394208 -0.609313 -7.28273e-14)
(-0.402904 -0.844776 -2.17349e-13)
(-0.414687 -1.081 -2.91912e-13)
(-0.428324 -1.31827 -3.76224e-13)
(-0.443357 -1.5571 -4.41671e-13)
(-0.462092 -1.79716 -5.20936e-13)
(-0.484082 -2.03691 -5.92921e-13)
(-0.50902 -2.27564 -6.65378e-13)
(-0.53673 -2.51334 -7.15577e-13)
(-0.567145 -2.7501 -7.8153e-13)
(-0.600251 -2.98596 -8.38225e-13)
(-0.636041 -3.22088 -8.75427e-13)
(-0.674505 -3.45482 -9.03502e-13)
(-0.715627 -3.68773 -9.30097e-13)
(-0.759391 -3.91957 -9.52375e-13)
(-0.805778 -4.15027 -9.72328e-13)
(-0.854767 -4.37979 -9.82167e-13)
(-0.906336 -4.60806 -9.88795e-13)
(-0.960462 -4.83503 -9.97299e-13)
(-1.01712 -5.06064 -9.90304e-13)
(-1.0763 -5.28481 -9.81884e-13)
(-1.13795 -5.50751 -9.63864e-13)
(-1.20207 -5.72865 -9.50405e-13)
(-1.26862 -5.94819 -9.25856e-13)
(-1.33758 -6.16606 -9.01905e-13)
(-1.40891 -6.3822 -8.75183e-13)
(-1.48258 -6.59655 -8.5496e-13)
(-1.55857 -6.80904 -8.24912e-13)
(-1.63685 -7.01963 -7.95059e-13)
(-1.71737 -7.22824 -7.6747e-13)
(-1.8001 -7.43483 -7.3592e-13)
(-1.88502 -7.63934 -7.03497e-13)
(-1.97208 -7.8417 -6.76723e-13)
(-2.06124 -8.04187 -6.46727e-13)
(-2.15247 -8.2398 -6.21566e-13)
(-2.24572 -8.43542 -5.94112e-13)
(-2.34097 -8.62868 -5.63784e-13)
(-2.43816 -8.81955 -5.34549e-13)
(-2.53725 -9.00796 -5.06491e-13)
(-2.63821 -9.19387 -4.83408e-13)
(-2.741 -9.37723 -4.66955e-13)
(-2.84556 -9.558 -4.43753e-13)
(-2.95185 -9.73613 -4.15985e-13)
(-3.05984 -9.91158 -3.95227e-13)
(-3.16947 -10.0843 -3.76383e-13)
(-3.28071 -10.2542 -3.60979e-13)
(-3.39351 -10.4214 -3.41101e-13)
(-3.50781 -10.5857 -3.21995e-13)
(-3.62358 -10.7471 -3.01719e-13)
(-3.74076 -10.9056 -2.88031e-13)
(-3.85931 -11.0611 -2.72455e-13)
(-3.97919 -11.2136 -2.59498e-13)
(-4.10033 -11.363 -2.44358e-13)
(-4.2227 -11.5094 -2.32193e-13)
(-4.34624 -11.6527 -2.22107e-13)
(-4.4709 -11.7929 -2.12472e-13)
(-4.59663 -11.9299 -1.99146e-13)
(-4.72338 -12.0636 -1.92234e-13)
(-4.85109 -12.1942 -1.8143e-13)
(-4.97972 -12.3215 -1.71863e-13)
(-5.1092 -12.4455 -1.65738e-13)
(-5.2395 -12.5662 -1.61152e-13)
(-5.37054 -12.6835 -1.55223e-13)
(-5.50229 -12.7975 -1.45168e-13)
(-5.63467 -12.9081 -1.36726e-13)
(-5.76765 -13.0153 -1.30386e-13)
(-5.90115 -13.119 -1.21907e-13)
(-6.03513 -13.2193 -1.18123e-13)
(-6.16953 -13.3161 -1.10706e-13)
(-6.30429 -13.4095 -1.11764e-13)
(-6.43935 -13.4993 -1.07945e-13)
(-6.57466 -13.5856 -1.04704e-13)
(-6.71017 -13.6683 -9.41312e-14)
(-6.84582 -13.7475 -9.21481e-14)
(-6.98151 -13.8231 -8.57074e-14)
(-7.11718 -13.8952 -8.15272e-14)
(-7.25281 -13.9637 -7.77504e-14)
(-7.38832 -14.0285 -7.5033e-14)
(-7.52364 -14.0898 -7.02859e-14)
(-7.65874 -14.1475 -6.77627e-14)
(-7.79353 -14.2016 -6.61609e-14)
(-7.92796 -14.252 -6.25614e-14)
(-8.06197 -14.2989 -6.20717e-14)
(-8.1955 -14.3421 -5.71063e-14)
(-8.32847 -14.3817 -5.63928e-14)
(-8.46084 -14.4176 -5.38319e-14)
(-8.59255 -14.4499 -5.3538e-14)
(-8.72354 -14.4786 -5.09173e-14)
(-8.85373 -14.5036 -5.10859e-14)
(-8.98304 -14.5251 -4.8264e-14)
(-9.11141 -14.543 -4.62891e-14)
(-9.2388 -14.5572 -4.33527e-14)
(-9.36513 -14.5679 -4.12936e-14)
(-9.49033 -14.575 -3.9888e-14)
(-9.61435 -14.5785 -4.02478e-14)
(-9.73712 -14.5785 -3.85834e-14)
(-9.85857 -14.5749 -3.86484e-14)
(-9.97862 -14.5678 -3.67249e-14)
(-10.0972 -14.5571 -3.48765e-14)
(-10.2143 -14.543 -3.40459e-14)
(-10.3298 -14.5253 -3.22958e-14)
(-10.4437 -14.5042 -3.3645e-14)
(-10.5558 -14.4796 -2.99828e-14)
(-10.6662 -14.4516 -2.91067e-14)
(-10.7747 -14.4202 -3.04751e-14)
(-10.8813 -14.3855 -2.95967e-14)
(-10.9859 -14.3473 -2.74657e-14)
(-11.0884 -14.3058 -2.91028e-14)
(-11.1889 -14.261 -2.7684e-14)
(-11.2872 -14.213 -2.56634e-14)
(-11.3832 -14.1617 -2.56819e-14)
(-11.477 -14.1073 -2.70309e-14)
(-11.5683 -14.0496 -2.50313e-14)
(-11.6573 -13.9888 -2.4795e-14)
(-11.7437 -13.9249 -2.2747e-14)
(-11.8276 -13.8579 -2.30611e-14)
(-11.9089 -13.7879 -2.00865e-14)
(-11.9874 -13.7149 -1.91413e-14)
(-12.0633 -13.6388 -2.00295e-14)
(-12.1363 -13.5599 -1.96531e-14)
(-12.2064 -13.478 -1.94785e-14)
(-12.2735 -13.3932 -2.02035e-14)
(-12.3377 -13.3055 -1.87797e-14)
(-12.3987 -13.215 -1.69243e-14)
(-12.4566 -13.1217 -1.74729e-14)
(-12.5112 -13.0256 -1.61976e-14)
(-12.5625 -12.9266 -1.52771e-14)
(-12.6104 -12.825 -1.4887e-14)
(-12.6548 -12.7206 -1.42118e-14)
(-12.6956 -12.6134 -1.48968e-14)
(-12.7328 -12.5036 -1.33729e-14)
(-12.7662 -12.391 -1.36785e-14)
(-12.7957 -12.2757 -1.19165e-14)
(-12.8213 -12.1577 -1.18894e-14)
(-12.8428 -12.037 -1.12984e-14)
(-12.86 -11.9137 -1.23942e-14)
(-12.873 -11.7877 -1.22451e-14)
(-12.8816 -11.659 -1.23476e-14)
(-12.8856 -11.5277 -1.27298e-14)
(-12.8849 -11.3938 -1.32003e-14)
(-12.8794 -11.2573 -1.30512e-14)
(-12.869 -11.1182 -1.27536e-14)
(-12.8535 -10.9765 -1.24729e-14)
(-12.8328 -10.8324 -1.14692e-14)
(-12.8068 -10.6857 -1.16394e-14)
(-12.7753 -10.5367 -1.11256e-14)
(-12.7381 -10.3852 -1.00467e-14)
(-12.6952 -10.2315 -1.03898e-14)
(-12.6465 -10.0756 -1.08388e-14)
(-12.5917 -9.91764 -1.00456e-14)
(-12.5308 -9.75764 -9.70492e-15)
(-12.4637 -9.59578 -1.0845e-14)
(-12.3902 -9.4322 -9.56276e-15)
(-12.3102 -9.26705 -9.55447e-15)
(-12.2236 -9.1005 -9.64503e-15)
(-12.1304 -8.93276 -1.01609e-14)
(-12.0305 -8.76401 -1.00816e-14)
(-11.9237 -8.59449 -1.05869e-14)
(-11.81 -8.42444 -1.01166e-14)
(-11.6895 -8.25411 -9.37858e-15)
(-11.5619 -8.08378 -9.48806e-15)
(-11.4274 -7.91373 -9.96807e-15)
(-11.2859 -7.74427 -9.05246e-15)
(-11.1373 -7.57572 -9.24873e-15)
(-10.9818 -7.40837 -9.65999e-15)
(-10.8195 -7.24252 -8.96346e-15)
(-10.6503 -7.07844 -8.84995e-15)
(-10.4746 -6.91626 -7.75516e-15)
(-10.2926 -6.75599 -7.60527e-15)
(-10.1032 -6.59841 -7.75216e-15)
(-9.90267 -6.44443 -7.46847e-15)
(-9.69962 -6.2938 -8.86828e-15)
(-9.49168 -6.1503 -8.79878e-15)
(-9.27795 -6.01238 -8.16333e-15)
(-9.05884 -5.87931 -8.33555e-15)
(-8.83481 -5.751 -9.03844e-15)
(-8.60655 -5.62715 -8.21893e-15)
(-8.37342 -5.50976 -8.65925e-15)
(-8.13613 -5.39883 -7.44135e-15)
(-7.89524 -5.29449 -7.83358e-15)
(-7.65135 -5.19696 -7.93273e-15)
(-7.40509 -5.10645 -7.80148e-15)
(-7.15719 -5.02316 -8.21001e-15)
(-6.90846 -4.94722 -8.26253e-15)
(-6.65978 -4.87871 -7.8e-15)
(-6.41212 -4.81771 -7.52813e-15)
(-6.16646 -4.76417 -8.1222e-15)
(-5.92379 -4.71795 -7.24417e-15)
(-5.68516 -4.67941 -7.35727e-15)
(-5.45037 -4.64853 -7.44744e-15)
(-5.2217 -4.62954 -7.3855e-15)
(-4.98886 -4.61289 -7.60914e-15)
(-4.7656 -4.61111 -7.15992e-15)
(-4.55222 -4.59454 -7.17664e-15)
(-4.351 -4.58026 -6.89805e-15)
(-4.1698 -4.59579 -8.00626e-15)
(-4.01345 -4.62637 -8.14336e-15)
(-3.8831 -4.66523 -7.91588e-15)
(-3.78013 -4.70915 -7.80837e-15)
(-3.70499 -4.75721 -7.61125e-15)
(-3.65459 -4.80916 -7.67865e-15)
(-3.62819 -4.864 -8.2282e-15)
(-3.62597 -4.91565 -8.02481e-15)
(-3.64916 -4.96639 -7.92638e-15)
(-3.69858 -5.01417 -8.56377e-15)
(-3.77404 -5.0575 -7.82132e-15)
(-3.87508 -5.09509 -7.62554e-15)
(-4.00124 -5.12572 -7.92217e-15)
(-4.15221 -5.14808 -8.10471e-15)
(-4.32752 -5.16099 -8.18184e-15)
(-4.52253 -5.16561 -7.3312e-15)
(-4.7364 -5.15798 -7.18458e-15)
(-4.96869 -5.13513 -7.20036e-15)
(-5.21707 -5.0966 -8.01284e-15)
(-5.4788 -5.04168 -7.86364e-15)
(-5.75069 -4.9695 -6.96179e-15)
(-6.02962 -4.87955 -6.82498e-15)
(-6.31057 -4.77293 -6.54396e-15)
(-6.58698 -4.64106 -6.37865e-15)
(-6.86355 -4.49529 -7.18293e-15)
(-7.13274 -4.33785 -7.61809e-15)
(-7.37835 -4.16 -7.52261e-15)
(-7.60105 -3.96685 -7.30526e-15)
(-7.79647 -3.76215 -7.79458e-15)
(-7.95836 -3.54831 -8.0749e-15)
(-8.08295 -3.31811 -7.39069e-15)
(-8.1689 -3.09562 -7.24878e-15)
(-8.20922 -2.87854 -6.71023e-15)
(-8.19868 -2.66634 -6.49323e-15)
(-8.13701 -2.46093 -7.08598e-15)
(-8.02584 -2.2632 -6.70555e-15)
(-7.86481 -2.08044 -6.49453e-15)
(-7.65478 -1.91774 -6.8736e-15)
(-7.39878 -1.77699 -6.90826e-15)
(-7.10069 -1.65973 -6.50628e-15)
(-6.76525 -1.56688 -6.46449e-15)
(-6.39764 -1.49895 -5.64593e-15)
(-6.00355 -1.45561 -5.22439e-15)
(-5.58879 -1.43597 -5.72089e-15)
(-5.15917 -1.43868 -5.44713e-15)
(-4.72027 -1.46196 -5.83387e-15)
(-4.27737 -1.50378 -6.29766e-15)
(-3.83527 -1.56193 -5.64408e-15)
(-3.39827 -1.63414 -5.19132e-15)
(-2.97011 -1.71815 -4.2756e-15)
(-2.55397 -1.81181 -5.30416e-15)
(-2.15251 -1.91306 -4.48251e-15)
(-1.76789 -2.02001 -5.00284e-15)
(-1.40172 -2.13097 -5.34316e-15)
(-1.05515 -2.24408 -4.45285e-15)
(-0.729831 -2.35826 -5.13479e-15)
(-0.424761 -2.47377 -5.64977e-15)
(-0.142846 -2.59329 -5.79494e-15)
(0.127787 -2.70126 -5.01551e-15)
(0.370476 -2.81086 -5.24034e-15)
(0.59138 -2.91945 -5.07569e-15)
(0.792079 -3.02492 -5.77748e-15)
(0.972652 -3.12715 -4.28734e-15)
(1.13312 -3.22574 -4.59027e-15)
(1.27319 -3.32278 -5.03903e-15)
(1.39527 -3.41514 -5.24261e-15)
(1.49788 -3.5047 -5.74505e-15)
(1.58126 -3.59114 -5.78611e-15)
(1.64589 -3.6747 -5.43823e-15)
(1.69276 -3.7565 -5.79301e-15)
(1.72114 -3.83382 -6.03271e-15)
(1.73144 -3.90854 -5.55746e-15)
(1.72343 -3.98081 -6.79193e-15)
(1.69679 -4.05011 -7.21844e-15)
(1.6513 -4.1163 -6.55014e-15)
(1.58663 -4.17904 -6.21789e-15)
(1.50229 -4.23699 -7.06888e-15)
(1.39776 -4.2873 -6.42225e-15)
(1.27252 -4.33239 -6.80506e-15)
(1.12582 -4.37289 -7.11722e-15)
(0.956946 -4.40852 -7.11182e-15)
(0.765146 -4.43888 -6.97926e-15)
(0.549591 -4.46349 -5.99156e-15)
(0.309328 -4.48175 -6.64727e-15)
(0.0426673 -4.49261 -6.33113e-15)
(-0.251659 -4.4923 -5.68855e-15)
(-0.571068 -4.4828 -6.95056e-15)
(-0.915577 -4.46259 -6.42552e-15)
(-1.28443 -4.43073 -7.1706e-15)
(-1.67601 -4.38725 -8.4744e-15)
(-2.08416 -4.33382 -9.3695e-15)
(-2.50072 -4.26605 -8.95634e-15)
(-2.92137 -4.17929 -7.97646e-15)
(-3.33724 -4.0756 -7.18408e-15)
(-3.73472 -3.95749 -7.71296e-15)
(-4.10231 -3.81722 -8.83949e-15)
(-4.43322 -3.66408 -8.1129e-15)
(-4.73053 -3.51881 -7.74409e-15)
(-4.94713 -3.36256 -8.46459e-15)
(-5.08806 -3.2031 -8.97487e-15)
(-5.1585 -3.04706 -8.29641e-15)
(-5.15722 -2.90342 -8.39733e-15)
(-5.08161 -2.77393 -6.65162e-15)
(-4.93159 -2.66237 -7.0704e-15)
(-4.7213 -2.56876 -6.37851e-15)
(-4.46696 -2.49185 -6.13093e-15)
(-4.18404 -2.42887 -7.11006e-15)
(-3.88618 -2.37467 -6.98538e-15)
(-3.58856 -2.33083 -7.32518e-15)
(-3.2979 -2.29349 -7.61948e-15)
(-3.01946 -2.26014 -8.00168e-15)
(-2.75696 -2.22878 -7.93541e-15)
(-2.51201 -2.19833 -7.33568e-15)
(-2.28478 -2.1682 -7.7083e-15)
(-2.07447 -2.13819 -7.61871e-15)
(-1.87976 -2.10834 -7.8751e-15)
(-1.6991 -2.07879 -7.46143e-15)
(-1.5309 -2.04976 -7.26046e-15)
(-1.37368 -2.02147 -6.90658e-15)
(-1.22609 -1.99415 -7.22207e-15)
(-1.08697 -1.96798 -7.05468e-15)
(-0.955327 -1.94312 -7.24938e-15)
(-0.830324 -1.91972 -5.71119e-15)
(-0.711273 -1.89789 -5.44753e-15)
(-0.597607 -1.87773 -5.84022e-15)
(-0.488745 -1.85942 -6.38599e-15)
(-0.38449 -1.84252 -6.25051e-15)
(-0.284558 -1.8272 -6.46122e-15)
(-0.18859 -1.81362 -6.11004e-15)
(-0.0965461 -1.80208 -6.42758e-15)
(-0.00796699 -1.79354 -6.45029e-15)
(0.0780181 -1.78752 -6.94817e-15)
(0.163586 -1.78057 -7.19116e-15)
(0.244025 -1.77731 -6.64937e-15)
(0.320648 -1.77678 -5.85954e-15)
(0.394206 -1.77829 -6.29054e-15)
(0.464822 -1.78183 -6.63522e-15)
(0.532458 -1.78744 -4.76783e-15)
(0.597069 -1.7951 -5.06374e-15)
(0.65861 -1.80475 -4.15516e-15)
(0.717021 -1.81629 -5.53688e-15)
(0.772212 -1.8295 -5.94817e-15)
(0.824127 -1.84415 -6.47842e-15)
(0.872585 -1.86077 -5.0602e-15)
(0.917857 -1.87877 -4.99432e-15)
(0.959337 -1.89835 -4.98243e-15)
(0.997016 -1.91935 -6.72481e-15)
(1.03079 -1.94164 -7.13248e-15)
(1.06051 -1.96509 -5.93282e-15)
(1.08601 -1.98955 -6.0742e-15)
(1.10714 -2.01488 -4.88343e-15)
(1.12378 -2.04117 -5.98837e-15)
(1.13583 -2.06801 -4.97361e-15)
(1.143 -2.09501 -4.25133e-15)
(1.14527 -2.12251 -4.72859e-15)
(1.14245 -2.15018 -6.06154e-15)
(1.13441 -2.17783 -6.66443e-15)
(1.12102 -2.2053 -7.47251e-15)
(1.10218 -2.23247 -7.0654e-15)
(1.07779 -2.2592 -5.33234e-15)
(1.04775 -2.28541 -5.40284e-15)
(1.01191 -2.31109 -5.34123e-15)
(0.969128 -2.33497 -5.90638e-15)
(0.920058 -2.35635 -6.64653e-15)
(0.865577 -2.37641 -6.55676e-15)
(0.805486 -2.39498 -6.44955e-15)
(0.739625 -2.41209 -6.10316e-15)
(0.667682 -2.42795 -6.46506e-15)
(0.590031 -2.44251 -5.35506e-15)
(0.510642 -2.45755 -5.51446e-15)
(0.426783 -2.46872 -6.86286e-15)
(0.338744 -2.47654 -4.99026e-15)
(0.247254 -2.48167 -5.55879e-15)
(0.151799 -2.48248 -6.75653e-15)
(0.0538519 -2.48052 -5.87532e-15)
(-0.0463632 -2.47522 -5.95741e-15)
(-0.148218 -2.46662 -5.61994e-15)
(-0.251043 -2.45475 -5.44446e-15)
(-0.354132 -2.43973 -4.91234e-15)
(-0.456742 -2.4217 -5.18282e-15)
(-0.558112 -2.40087 -4.97334e-15)
(-0.657466 -2.37749 -4.36079e-15)
(-0.75404 -2.35189 -6.77043e-15)
(-0.84709 -2.32442 -7.06699e-15)
(-0.935913 -2.2955 -5.63325e-15)
(-1.01987 -2.26558 -6.0805e-15)
(-1.09839 -2.23512 -5.91283e-15)
(-1.17102 -2.20462 -5.71423e-15)
(-1.23741 -2.17455 -5.32568e-15)
(-1.29733 -2.14536 -5.1959e-15)
(-1.3507 -2.11749 -5.98001e-15)
(-1.39755 -2.0913 -6.08192e-15)
(-1.43807 -2.06711 -5.31324e-15)
(-1.47254 -2.04516 -6.78249e-15)
(-1.50137 -2.02562 -6.6635e-15)
(-1.52502 -2.00859 -7.34159e-15)
(-1.54405 -1.99411 -6.52155e-15)
(-1.55904 -1.98218 -7.04052e-15)
(-1.57057 -1.97271 -7.03644e-15)
(-1.57925 -1.9656 -6.43066e-15)
(-1.58565 -1.96073 -6.78256e-15)
(-1.59036 -1.95791 -5.32867e-15)
(-1.59389 -1.95694 -4.63247e-15)
(-1.59677 -1.95758 -5.82093e-15)
(-1.59942 -1.95962 -6.30782e-15)
(-1.60221 -1.96286 -5.41668e-15)
(-1.60547 -1.9671 -5.71425e-15)
(-1.60945 -1.97215 -4.07786e-15)
(-1.61439 -1.97783 -5.22679e-15)
(-1.62048 -1.98396 -3.44335e-15)
(-1.62787 -1.99037 -4.36512e-15)
(-1.63667 -1.99691 -4.32248e-15)
(-1.64699 -2.00342 -4.7694e-15)
(-1.65888 -2.00978 -4.13638e-15)
(-1.67238 -2.01586 -4.55416e-15)
(-1.68752 -2.02154 -3.67776e-15)
(-1.70428 -2.02673 -2.65014e-15)
(-1.72264 -2.03134 -2.78276e-15)
(-1.74256 -2.03531 -2.77453e-15)
(-1.76397 -2.03858 -4.81693e-15)
(-1.78679 -2.04113 -2.73883e-15)
(-1.81092 -2.04294 -6.28135e-15)
(-1.83626 -2.04403 -5.72916e-15)
(-1.86268 -2.04441 -5.49486e-15)
(-1.89006 -2.04413 -5.80657e-15)
(-1.91827 -2.04323 -4.49596e-15)
(-1.94717 -2.04178 -5.16575e-15)
(-1.97664 -2.03985 -4.19364e-15)
(-2.00656 -2.03752 -6.21152e-15)
(-2.0368 -2.03486 -2.7403e-15)
(-2.06727 -2.03196 -5.82761e-15)
(-2.09788 -2.02888 -3.25537e-15)
(-2.12855 -2.02571 -6.69395e-15)
(-2.15922 -2.02249 -6.18343e-15)
(-2.18985 -2.01929 -3.97916e-15)
(-2.2204 -2.01614 -2.42574e-15)
(-2.25086 -2.01308 -4.75094e-15)
(-2.28122 -2.01014 -4.47079e-15)
(-2.31148 -2.00732 -4.59598e-15)
(-2.34166 -2.00463 -5.87984e-15)
(-2.37177 -2.00207 -5.6949e-15)
(-2.40184 -1.99965 -6.12588e-15)
(-2.43189 -1.99734 -3.33927e-15)
(-2.46194 -1.99513 -2.08781e-15)
(-2.49204 -1.99302 -5.29733e-15)
(-2.52219 -1.99098 -5.69148e-15)
(-2.55242 -1.989 -5.33574e-15)
(-2.58277 -1.98707 -3.46911e-15)
(-2.61324 -1.98517 -3.43424e-15)
(-2.64387 -1.98328 -3.52789e-15)
(-2.67465 -1.9814 -4.07873e-15)
(-2.70562 -1.97951 -6.59704e-15)
(-2.73678 -1.9776 -5.26263e-15)
(-2.76815 -1.97566 -4.27063e-15)
(-2.79973 -1.97368 -2.79316e-15)
(-2.83155 -1.97165 -1.87086e-15)
(-2.8636 -1.96957 -3.76611e-15)
(-2.8959 -1.96743 -2.44975e-15)
(-2.92845 -1.96522 -6.78599e-16)
(-2.96126 -1.96294 5.15619e-16)
(-2.99435 -1.96058 3.49173e-15)
(-3.02772 -1.95813 1.18072e-14)
(-3.06137 -1.95559 2.92555e-14)
(-3.09532 -1.95295 5.87756e-14)
(-3.12958 -1.95021 1.09931e-13)
(-3.16415 -1.94735 1.89973e-13)
(-3.19905 -1.94438 3.15254e-13)
(-3.23428 -1.94128 4.88661e-13)
(-3.26986 -1.93805 6.55087e-13)
(-3.3058 -1.93468 6.43272e-13)
(-3.3421 -1.93117 7.07135e-15)
(-3.37879 -1.92751 -2.29013e-12)
(-3.41587 -1.9237 -8.2033e-12)
(-3.45335 -1.91973 -2.08967e-11)
(-3.49126 -1.91558 -4.44532e-11)
(-3.52959 -1.91126 -8.25609e-11)
(-3.56835 -1.90676 -1.36116e-10)
(-3.60757 -1.90206 -2.00682e-10)
(-3.64723 -1.89715 -2.6559e-10)
(-3.68738 -1.89205 -3.16275e-10)
(-3.72801 -1.88674 -3.3966e-10)
(-3.76914 -1.88121 -3.29832e-10)
(-3.81079 -1.87545 -2.90514e-10)
(-3.85297 -1.86946 -2.32872e-10)
(-3.8957 -1.86321 -1.70415e-10)
(-3.93901 -1.85667 -1.14133e-10)
(-3.98285 -1.84998 -7.00261e-11)
(-4.02718 -1.84301 -3.92946e-11)
(-4.07223 -1.83588 -2.00299e-11)
(-4.11786 -1.82832 -9.10698e-12)
(-4.16412 -1.8205 -3.52626e-12)
(-4.21102 -1.8124 -9.91925e-13)
(-4.2586 -1.804 -1.51213e-14)
(-4.30687 -1.79529 2.59617e-13)
(-4.35586 -1.78627 2.66254e-13)
(-4.40558 -1.77692 1.97399e-13)
(-4.45607 -1.76723 1.29124e-13)
(-4.50734 -1.75719 7.72825e-14)
(-4.55943 -1.74678 4.29499e-14)
(-4.61235 -1.73601 1.92428e-14)
(-4.66615 -1.72483 1.09891e-14)
(-4.72085 -1.71326 3.62776e-15)
(-4.77647 -1.70125 1.55925e-17)
(-4.83304 -1.68881 -4.37989e-15)
(-4.89058 -1.6759 -6.80674e-15)
(-4.94912 -1.66252 -5.39527e-15)
(-5.00869 -1.64864 -6.2754e-15)
(-5.06931 -1.63425 -1.5737e-15)
(-5.13101 -1.61934 -5.32696e-16)
(-5.19382 -1.60389 -1.59489e-15)
(-5.25779 -1.58789 -2.53324e-15)
(-5.32295 -1.57132 -4.31491e-15)
(-5.38936 -1.55416 -3.70941e-15)
(-5.45708 -1.53639 -2.00915e-15)
(-5.52619 -1.51798 -2.96749e-15)
(-5.59677 -1.4989 -5.04997e-15)
(-5.6689 -1.47909 -5.73524e-16)
(-5.74268 -1.45851 -3.71003e-15)
(-5.81823 -1.4371 -1.27728e-15)
(-5.89566 -1.41478 -1.2228e-15)
(-5.97511 -1.39147 6.85626e-16)
(-6.05671 -1.36706 -1.70959e-15)
(-6.14063 -1.34144 -1.19889e-15)
(-6.22704 -1.31446 -1.1707e-15)
(-6.31613 -1.28595 -4.53372e-15)
(-6.40812 -1.2557 -1.98289e-15)
(-6.50325 -1.22346 -2.6634e-15)
(-6.6018 -1.18894 -4.69099e-15)
(-6.7041 -1.15177 -3.65245e-15)
(-6.8105 -1.11151 -6.02396e-15)
(-6.92143 -1.06762 -2.1077e-15)
(-7.03739 -1.01943 2.24732e-15)
(-7.15895 -0.966127 -2.28981e-15)
(-7.2868 -0.906685 -1.51204e-15)
(-7.42174 -0.839851 -1.63777e-15)
(-7.56472 -0.764067 -2.40906e-15)
(-7.71687 -0.677387 -2.12065e-15)
(-7.87953 -0.577399 -1.57468e-15)
(-8.05432 -0.461096 -5.07427e-15)
(-8.24317 -0.324738 -1.43734e-15)
(-8.44838 -0.163678 -6.08662e-16)
(-8.67273 0.0278441 -3.33733e-15)
(-8.9195 0.256954 -3.98923e-15)
(-9.19262 0.53241 -3.16161e-15)
(-9.49671 0.864908 -2.14383e-15)
(-9.83716 1.26741 -1.76756e-15)
(-10.2202 1.75546 -2.17422e-15)
(-10.6529 2.34738 -3.04889e-15)
(-11.143 3.06441 -2.7039e-15)
(-11.6986 3.93055 -3.73199e-15)
(-12.3282 4.9719 -2.74299e-15)
(-13.0391 6.21557 -3.94122e-15)
(-13.8372 7.68762 -3.84409e-15)
(-14.725 9.40994 -3.66312e-15)
(-15.7 11.3958 -3.12259e-15)
(-16.7525 13.6442 -2.92721e-15)
(-17.8638 16.1357 -2.93087e-15)
(-19.0054 18.825 -1.64603e-15)
(-20.1388 21.636 -2.28635e-15)
(-21.2169 24.4487 -1.30483e-15)
(-22.2067 27.1879 -1.36574e-15)
(-23.0228 29.7421 -1.96647e-15)
(-23.6026 31.9819 -9.22005e-16)
(-23.9055 33.8022 -2.03574e-15)
(-23.8613 35.0204 -4.16297e-16)
(-23.5399 35.6908 -3.46331e-16)
(-22.9537 35.8086 -7.07885e-16)
(-22.1287 35.3975 -2.95259e-16)
(-21.103 34.5092 -1.90389e-16)
(-19.9199 33.2134 5.62608e-16)
(-18.6234 31.5887 1.34278e-16)
(-17.2552 29.7154 -6.88482e-16)
(-15.8524 27.6701 -3.6045e-16)
(-14.4453 25.5206 -3.21395e-16)
(-13.0521 23.3042 -2.31379e-16)
(-11.7128 21.1039 -1.98344e-16)
(-10.4403 18.9546 -4.96841e-16)
(-9.25232 16.9019 -8.61912e-17)
(-8.15611 14.9744 1.48943e-16)
(-7.14563 13.1717 -1.81968e-16)
(-6.22373 11.5071 -4.37794e-16)
(-5.39016 9.98685 4.09822e-16)
(-4.64272 8.61208 6.02621e-16)
(-3.97783 7.38034 1.01723e-15)
(-3.39081 6.28625 7.93534e-16)
(-2.87632 5.32232 2.75696e-16)
(-2.4285 4.47952 3.55881e-16)
(-2.04125 3.7478 3.23308e-16)
(-1.70863 3.11697 -4.23782e-16)
(-1.42464 2.57648 -1.58613e-16)
(-1.18366 2.11615 -4.02855e-16)
(-0.980409 1.7263 -4.88762e-16)
(-0.810044 1.39789 -1.58614e-16)
(-0.668176 1.12265 -1.76037e-17)
(-0.550916 0.893102 7.51658e-17)
(-0.454845 0.702527 -8.86673e-17)
(-0.376941 0.544908 3.32541e-16)
(-0.314486 0.415068 -1.74099e-16)
(-0.265064 0.308668 3.53186e-16)
(-0.227974 0.223074 3.9722e-17)
(-0.20227 0.157835 2.0037e-16)
(-0.198515 0.11282 4.72871e-16)
(-0.188558 0.0925122 2.61265e-16)
(-0.412412 -0.169868 -1.69317e-15)
)
;
    }
    inlet
    {
        type            calculated;
        value           uniform (0 0 0);
    }
    rWedge
    {
        type            wedge;
    }
    lWedge
    {
        type            wedge;
    }
    outlet
    {
        type            calculated;
        value           uniform (0 0 0);
    }
}


// ************************************************************************* //
