/*--------------------------------*- C++ -*----------------------------------*\
| =========                 |                                                 |
| \\      /  F ield         | OpenFOAM: The Open Source CFD Toolbox           |
|  \\    /   O peration     | Version:  v1706                                 |
|   \\  /    A nd           | Web:      www.OpenFOAM.com                      |
|    \\/     M anipulation  |                                                 |
\*---------------------------------------------------------------------------*/
FoamFile
{
    version     2.0;
    format      ascii;
    class       volVectorField;
    location    "3.1e-05";
    object      wallShearStress;
}
// * * * * * * * * * * * * * * * * * * * * * * * * * * * * * * * * * * * * * //

dimensions      [1 -1 -2 0 0 0 0];


internalField   uniform (0 0 0);

boundaryField
{
    cone
    {
        type            calculated;
        value           nonuniform List<vector> 
147
(
(-0.639601 -1.95849 -9.92779e-13)
(-0.659994 -2.99109 -1.36318e-12)
(-0.713353 -4.19398 -2.28651e-12)
(-0.764963 -5.33852 -2.79912e-12)
(-0.837624 -6.53173 -3.29417e-12)
(-0.91969 -7.69898 -3.74349e-12)
(-1.018 -8.88168 -4.11901e-12)
(-1.12835 -10.0541 -4.5141e-12)
(-1.25324 -11.2289 -4.8676e-12)
(-1.39119 -12.3987 -5.05066e-12)
(-1.54296 -13.5664 -5.29586e-12)
(-1.70809 -14.73 -5.5197e-12)
(-1.88673 -15.8901 -5.63297e-12)
(-2.07871 -17.0459 -5.70164e-12)
(-2.28401 -18.1973 -5.71776e-12)
(-2.50252 -19.3441 -5.7176e-12)
(-2.73419 -20.4858 -5.69849e-12)
(-2.9789 -21.6223 -5.70186e-12)
(-3.23658 -22.7533 -5.61916e-12)
(-3.5071 -23.8785 -5.5686e-12)
(-3.79038 -24.9975 -5.48013e-12)
(-4.08628 -26.11 -5.35003e-12)
(-4.3947 -27.2158 -5.24559e-12)
(-4.71551 -28.3146 -5.14139e-12)
(-5.04858 -29.406 -4.99324e-12)
(-5.39377 -30.4897 -4.86098e-12)
(-5.75094 -31.5655 -4.71201e-12)
(-6.11994 -32.633 -4.57908e-12)
(-6.50062 -33.6919 -4.43102e-12)
(-6.89288 -34.742 -4.28076e-12)
(-7.2973 -35.7824 -4.14415e-12)
(-7.71359 -36.8129 -3.99269e-12)
(-8.13973 -37.8343 -3.84346e-12)
(-8.57659 -38.8459 -3.70715e-12)
(-9.02414 -39.8472 -3.5665e-12)
(-9.48216 -40.838 -3.44568e-12)
(-9.95049 -41.818 -3.31657e-12)
(-10.4289 -42.787 -3.17801e-12)
(-10.9173 -43.7447 -3.0445e-12)
(-11.4154 -44.6909 -2.91023e-12)
(-11.923 -45.6253 -2.80191e-12)
(-12.44 -46.5477 -2.71686e-12)
(-12.9662 -47.4576 -2.6174e-12)
(-13.5015 -48.3547 -2.49559e-12)
(-14.0452 -49.2395 -2.39055e-12)
(-14.5973 -50.1116 -2.30342e-12)
(-15.1576 -50.9707 -2.22294e-12)
(-15.7259 -51.8164 -2.13121e-12)
(-16.3019 -52.6486 -2.04467e-12)
(-16.8858 -53.4672 -1.95259e-12)
(-17.4769 -54.2721 -1.88243e-12)
(-18.075 -55.0627 -1.80993e-12)
(-18.6801 -55.8393 -1.74368e-12)
(-19.2913 -56.6019 -1.66569e-12)
(-19.9074 -57.3505 -1.60322e-12)
(-20.5269 -58.0855 -1.54401e-12)
(-21.1508 -58.8067 -1.49268e-12)
(-21.7849 -59.5102 -1.42483e-12)
(-22.4257 -60.1973 -1.38341e-12)
(-23.0715 -60.8691 -1.32494e-12)
(-23.722 -61.5255 -1.27096e-12)
(-24.3769 -62.1666 -1.22898e-12)
(-25.0362 -62.7921 -1.19957e-12)
(-25.6995 -63.402 -1.16203e-12)
(-26.3666 -63.9961 -1.10733e-12)
(-27.0372 -64.5744 -1.05844e-12)
(-27.7111 -65.1367 -1.02164e-12)
(-28.3879 -65.683 -9.76593e-13)
(-29.0675 -66.2131 -9.46443e-13)
(-29.7496 -66.727 -9.04548e-13)
(-30.4339 -67.2247 -8.90891e-13)
(-31.12 -67.7061 -8.66759e-13)
(-31.8079 -68.1711 -8.43221e-13)
(-32.4972 -68.6196 -7.95064e-13)
(-33.1876 -69.0517 -7.74528e-13)
(-33.8789 -69.4673 -7.38552e-13)
(-34.5709 -69.8664 -7.11164e-13)
(-35.2631 -70.2489 -6.87928e-13)
(-35.9555 -70.6148 -6.67987e-13)
(-36.6476 -70.9641 -6.40247e-13)
(-37.3392 -71.2967 -6.19056e-13)
(-38.0303 -71.6127 -6.04212e-13)
(-38.7203 -71.9122 -5.81469e-13)
(-39.4092 -72.1951 -5.68955e-13)
(-40.0965 -72.4615 -5.38926e-13)
(-40.7822 -72.7114 -5.27333e-13)
(-41.4658 -72.9447 -5.08518e-13)
(-42.1473 -73.1615 -4.97812e-13)
(-42.8262 -73.362 -4.81016e-13)
(-43.5025 -73.546 -4.72445e-13)
(-44.1755 -73.7136 -4.53973e-13)
(-44.8456 -73.8649 -4.4041e-13)
(-45.5121 -74.0001 -4.22219e-13)
(-46.1749 -74.1193 -4.07579e-13)
(-46.8338 -74.2224 -3.91528e-13)
(-47.4885 -74.3095 -3.86246e-13)
(-48.1387 -74.3807 -3.69983e-13)
(-48.7845 -74.436 -3.65591e-13)
(-49.425 -74.4754 -3.54129e-13)
(-50.0606 -74.4992 -3.40528e-13)
(-50.6909 -74.5078 -3.31935e-13)
(-51.3155 -74.5011 -3.19603e-13)
(-51.9344 -74.479 -3.20418e-13)
(-52.5473 -74.4417 -3.00804e-13)
(-53.1541 -74.3893 -2.89798e-13)
(-53.7545 -74.3221 -2.89316e-13)
(-54.3483 -74.24 -2.8034e-13)
(-54.9354 -74.1433 -2.67837e-13)
(-55.5152 -74.0317 -2.70576e-13)
(-56.0881 -73.906 -2.60296e-13)
(-56.6536 -73.7664 -2.46851e-13)
(-57.2115 -73.6128 -2.42241e-13)
(-57.7618 -73.4453 -2.42366e-13)
(-58.3042 -73.2642 -2.31171e-13)
(-58.8386 -73.0694 -2.27622e-13)
(-59.3648 -72.8613 -2.15977e-13)
(-59.8826 -72.64 -2.16581e-13)
(-60.3919 -72.4056 -2.02239e-13)
(-60.8926 -72.1584 -1.92818e-13)
(-61.3844 -71.8986 -1.92942e-13)
(-61.8673 -71.6263 -1.86668e-13)
(-62.3411 -71.3418 -1.83172e-13)
(-62.8057 -71.0452 -1.83485e-13)
(-63.261 -70.7368 -1.74838e-13)
(-63.7067 -70.4167 -1.66548e-13)
(-64.1429 -70.0851 -1.67776e-13)
(-64.5694 -69.7423 -1.60334e-13)
(-64.986 -69.3884 -1.54212e-13)
(-65.3927 -69.0238 -1.49469e-13)
(-65.7895 -68.6485 -1.43022e-13)
(-66.1761 -68.2627 -1.4282e-13)
(-66.5524 -67.8668 -1.34834e-13)
(-66.9185 -67.461 -1.33875e-13)
(-67.2742 -67.0453 -1.2574e-13)
(-67.6195 -66.6202 -1.23893e-13)
(-67.9542 -66.1857 -1.19135e-13)
(-68.2783 -65.7422 -1.19556e-13)
(-68.5918 -65.2897 -1.14185e-13)
(-68.8947 -64.8286 -1.11149e-13)
(-69.1869 -64.3591 -1.09533e-13)
(-69.469 -63.8815 -1.08857e-13)
(-69.7407 -63.3965 -1.06272e-13)
(-70.0021 -62.9046 -1.04303e-13)
(-70.2526 -62.4059 -1.01513e-13)
(-70.491 -61.8999 -9.67275e-14)
(-70.718 -61.3858 -9.48987e-14)
(-0.698067 -0.954086 -2.61768e-13)
)
;
    }
    inlet
    {
        type            calculated;
        value           uniform (0 0 0);
    }
    rWedge
    {
        type            wedge;
    }
    lWedge
    {
        type            wedge;
    }
    outlet
    {
        type            calculated;
        value           nonuniform 0();
    }
    procBoundary3to2
    {
        type            processor;
        value           uniform (0 0 0);
    }
}


// ************************************************************************* //
