/*--------------------------------*- C++ -*----------------------------------*\
| =========                 |                                                 |
| \\      /  F ield         | OpenFOAM: The Open Source CFD Toolbox           |
|  \\    /   O peration     | Version:  v1706                                 |
|   \\  /    A nd           | Web:      www.OpenFOAM.com                      |
|    \\/     M anipulation  |                                                 |
\*---------------------------------------------------------------------------*/
FoamFile
{
    version     2.0;
    format      ascii;
    class       volVectorField;
    location    "3.4e-05";
    object      wallShearStress;
}
// * * * * * * * * * * * * * * * * * * * * * * * * * * * * * * * * * * * * * //

dimensions      [1 -1 -2 0 0 0 0];


internalField   uniform (0 0 0);

boundaryField
{
    cone
    {
        type            calculated;
        value           nonuniform List<vector> 
181
(
(-21.0605 -10.4943 -8.91147e-16)
(-20.8139 -10.3709 -7.56344e-17)
(-20.5707 -10.249 7.52896e-16)
(-20.3311 -10.1287 -1.06855e-15)
(-20.0949 -10.01 -6.66781e-16)
(-19.8622 -9.89276 -1.02107e-15)
(-19.633 -9.77709 -1.59494e-15)
(-19.4071 -9.66296 -2.64044e-15)
(-19.1847 -9.55039 -2.37867e-15)
(-18.9657 -9.43937 -1.1797e-15)
(-18.75 -9.32991 -2.22512e-15)
(-18.5377 -9.222 -2.20073e-15)
(-18.3287 -9.11564 -3.08302e-15)
(-18.123 -9.01084 -2.65468e-15)
(-17.9206 -8.9076 -2.19911e-15)
(-17.7215 -8.80589 -1.77474e-15)
(-17.5256 -8.70573 -2.70202e-15)
(-17.333 -8.60712 -2.63042e-15)
(-17.1435 -8.51002 -3.4197e-15)
(-16.9572 -8.41446 1.00745e-16)
(-16.774 -8.32041 5.2521e-16)
(-16.5939 -8.22786 -1.12675e-16)
(-16.4169 -8.13681 -1.41542e-15)
(-16.2429 -8.04725 -8.88636e-16)
(-16.0719 -7.95915 -1.62289e-15)
(-15.9039 -7.87251 -9.99536e-16)
(-15.7389 -7.78732 -1.73773e-15)
(-15.5767 -7.70356 -2.1523e-15)
(-15.4175 -7.62121 -3.32193e-15)
(-15.2611 -7.54027 -4.38271e-15)
(-15.1075 -7.46072 -3.2006e-15)
(-14.9566 -7.38255 -1.32979e-15)
(-14.8085 -7.30573 -2.61363e-15)
(-14.6631 -7.23026 -4.08113e-15)
(-14.5204 -7.15613 -1.00635e-16)
(-14.3803 -7.08331 -1.75053e-15)
(-14.2428 -7.0118 1.09649e-15)
(-14.1079 -6.94158 -2.06574e-15)
(-13.9754 -6.87264 -3.08272e-15)
(-13.8455 -6.80497 -5.12034e-15)
(-13.718 -6.73857 -1.6437e-15)
(-13.5928 -6.67343 -1.41481e-15)
(-13.4701 -6.60954 -1.09023e-15)
(-13.3497 -6.54692 -5.24671e-15)
(-13.2316 -6.48557 -6.32695e-15)
(-13.1158 -6.42549 -3.80152e-15)
(-13.0023 -6.36667 -4.53009e-15)
(-12.8912 -6.30912 -1.85794e-15)
(-12.7826 -6.2528 -4.53029e-15)
(-12.6764 -6.19768 -2.41473e-15)
(-12.5728 -6.14367 -8.6985e-16)
(-12.4719 -6.09069 -1.57315e-15)
(-12.3738 -6.03858 -4.07538e-15)
(-12.2784 -5.98717 -4.95411e-15)
(-12.1857 -5.93627 -6.84191e-15)
(-12.0955 -5.88566 -6.35345e-15)
(-12.0075 -5.83518 -2.79708e-15)
(-11.921 -5.78467 -2.90907e-15)
(-11.8354 -5.73408 -2.80364e-15)
(-11.7498 -5.68349 -3.80862e-15)
(-11.6631 -5.63311 -5.04771e-15)
(-11.5744 -5.58336 -4.89291e-15)
(-11.4827 -5.53483 -4.92969e-15)
(-11.3871 -5.48828 -4.37153e-15)
(-11.2871 -5.44463 -5.66759e-15)
(-11.1826 -5.40487 -3.80559e-15)
(-11.0741 -5.37001 -4.37696e-15)
(-10.9627 -5.34103 -7.42254e-15)
(-10.8499 -5.31877 -3.56719e-15)
(-10.7378 -5.304 -4.61885e-15)
(-10.6291 -5.29752 -6.98906e-15)
(-10.5268 -5.30001 -5.67098e-15)
(-10.4367 -5.31024 -6.14764e-15)
(-10.3677 -5.3225 -5.0614e-15)
(-10.3221 -5.33478 -4.99323e-15)
(-10.2956 -5.35041 -3.83894e-15)
(-10.2906 -5.36679 -4.30661e-15)
(-10.3144 -5.37761 -4.00428e-15)
(-10.3703 -5.38062 -2.38119e-15)
(-10.4568 -5.37168 -7.17533e-15)
(-10.5721 -5.34681 -8.01993e-15)
(-10.7127 -5.30276 -5.68902e-15)
(-10.8725 -5.23767 -6.97385e-15)
(-11.0444 -5.15235 -6.87821e-15)
(-11.2153 -5.0317 -6.1562e-15)
(-11.3997 -4.88738 -5.33703e-15)
(-11.571 -4.71235 -4.52905e-15)
(-11.7048 -4.5006 -6.19418e-15)
(-11.7946 -4.26395 -6.37728e-15)
(-11.8257 -4.005 -5.00298e-15)
(-11.7797 -3.72855 -7.4551e-15)
(-11.6423 -3.44602 -7.24227e-15)
(-11.4021 -3.17035 -8.56032e-15)
(-11.0514 -2.9163 -7.39423e-15)
(-10.5889 -2.69955 -8.36349e-15)
(-10.0202 -2.53486 -8.29258e-15)
(-9.35862 -2.43406 -7.60139e-15)
(-8.62452 -2.40437 -8.47405e-15)
(-7.84296 -2.44793 -6.3813e-15)
(-7.03955 -2.56304 -5.37238e-15)
(-6.23895 -2.74656 -7.26948e-15)
(-5.47578 -3.01009 -7.90367e-15)
(-4.74766 -3.31956 -6.70749e-15)
(-4.06846 -3.66752 -7.64681e-15)
(-3.49637 -4.07662 -5.33703e-15)
(-3.02376 -4.52343 -7.38581e-15)
(-2.66822 -5.00399 -4.23236e-15)
(-2.44178 -5.50569 -5.47678e-15)
(-2.37402 -6.01464 -5.2683e-15)
(-2.47996 -6.5288 -6.21919e-15)
(-2.77798 -7.03023 -5.4659e-15)
(-3.28223 -7.50497 -6.30932e-15)
(-4.00296 -7.93764 -4.58461e-15)
(-4.94453 -8.31067 -2.41134e-15)
(-6.10226 -8.60472 -2.38756e-15)
(-7.45882 -8.79974 -1.69475e-15)
(-8.98067 -8.87705 -5.46413e-15)
(-10.616 -8.82286 -7.24264e-16)
(-12.2966 -8.6323 -8.41626e-15)
(-13.9433 -8.30761 -7.55625e-15)
(-15.5028 -7.82083 -7.44333e-15)
(-16.8307 -7.1912 -8.937e-15)
(-18.0407 -6.52632 -6.6586e-15)
(-18.9214 -5.7258 -8.27626e-15)
(-19.5391 -4.8201 -6.62379e-15)
(-19.9035 -3.84895 -1.10464e-14)
(-20.0118 -2.80155 -4.17203e-15)
(-19.8681 -1.69518 -9.87267e-15)
(-19.4757 -0.561301 -5.29968e-15)
(-18.8375 0.55862 -1.095e-14)
(-17.9602 1.61059 -9.69213e-15)
(-16.8607 2.53782 -6.11606e-15)
(-15.57 3.28947 -3.41156e-15)
(-14.1322 3.82982 -6.22529e-15)
(-12.6009 4.1444 -5.56352e-15)
(-11.0324 4.24066 -5.58692e-15)
(-9.47924 4.14398 -6.9538e-15)
(-7.98489 3.89061 -6.59599e-15)
(-6.58128 3.52053 -6.8056e-15)
(-5.28859 3.07171 -3.72177e-15)
(-4.11677 2.57662 -2.36137e-15)
(-3.06758 2.06056 -5.88162e-15)
(-2.13655 1.54123 -6.4645e-15)
(-1.31616 1.02922 -6.12472e-15)
(-0.591141 0.521283 -4.09228e-15)
(0.0226503 0.0273451 -3.91401e-15)
(0.583883 -0.423389 -3.95658e-15)
(1.04615 -0.864795 -4.62036e-15)
(1.43501 -1.28613 -7.38213e-15)
(1.75866 -1.68512 -5.99947e-15)
(2.01948 -2.06312 -4.93436e-15)
(2.21956 -2.42288 -3.50729e-15)
(2.36395 -2.75962 -2.57472e-15)
(2.44991 -3.07539 -5.15314e-15)
(2.48112 -3.37144 -4.28562e-15)
(2.45835 -3.646 -3.64804e-15)
(2.38246 -3.89834 -5.14983e-15)
(2.25468 -4.12765 -7.24935e-15)
(2.07668 -4.3332 -8.02303e-15)
(1.85076 -4.51435 -6.66837e-15)
(1.57994 -4.67065 -6.814e-15)
(1.26808 -4.80204 -5.47626e-15)
(0.919872 -4.9088 -8.75036e-15)
(0.540766 -4.99177 -1.00509e-14)
(0.136798 -5.05221 -3.9842e-15)
(-0.285695 -5.09181 -5.53573e-15)
(-0.720388 -5.11249 -1.99119e-14)
(-1.1613 -5.11623 -3.46206e-14)
(-1.60308 -5.10485 -7.38669e-14)
(-2.04116 -5.07987 -1.41768e-13)
(-2.47186 -5.04236 -2.72968e-13)
(-2.89239 -4.99291 -5.16011e-13)
(-3.30076 -4.93154 -9.31871e-13)
(-3.69569 -4.85772 -1.60004e-12)
(-4.07631 -4.77051 -2.61864e-12)
(-4.44201 -4.66863 -4.09209e-12)
(-4.7921 -4.55078 -6.11061e-12)
(-5.12564 -4.41586 -8.72028e-12)
(-5.44145 -4.26302 -1.19093e-11)
(-5.73859 -4.09122 -1.56038e-11)
(-6.01666 -3.89812 -1.96168e-11)
)
;
    }
    inlet
    {
        type            calculated;
        value           uniform (0 0 0);
    }
    rWedge
    {
        type            wedge;
    }
    lWedge
    {
        type            wedge;
    }
    outlet
    {
        type            calculated;
        value           nonuniform 0();
    }
    procBoundary1to0
    {
        type            processor;
        value           uniform (0 0 0);
    }
    procBoundary1to2
    {
        type            processor;
        value           uniform (0 0 0);
    }
}


// ************************************************************************* //
