/*--------------------------------*- C++ -*----------------------------------*\
| =========                 |                                                 |
| \\      /  F ield         | OpenFOAM: The Open Source CFD Toolbox           |
|  \\    /   O peration     | Version:  v1706                                 |
|   \\  /    A nd           | Web:      www.OpenFOAM.com                      |
|    \\/     M anipulation  |                                                 |
\*---------------------------------------------------------------------------*/
FoamFile
{
    version     2.0;
    format      ascii;
    class       volVectorField;
    location    "1.6e-05";
    object      wallShearStress;
}
// * * * * * * * * * * * * * * * * * * * * * * * * * * * * * * * * * * * * * //

dimensions      [1 -1 -2 0 0 0 0];


internalField   uniform (0 0 0);

boundaryField
{
    cone
    {
        type            calculated;
        value           nonuniform List<vector> 
147
(
(-0.0605476 -0.29014 -2.40555e-14)
(-0.0653018 -0.460219 -7.89014e-14)
(-0.0712054 -0.637451 -2.92008e-13)
(-0.0781757 -0.815547 -4.56056e-13)
(-0.0870056 -0.995869 -6.25037e-13)
(-0.0985328 -1.17697 -7.60213e-13)
(-0.112351 -1.35775 -8.93629e-13)
(-0.128147 -1.53801 -1.00418e-12)
(-0.145769 -1.71776 -1.09552e-12)
(-0.165148 -1.89699 -1.1522e-12)
(-0.186241 -2.07564 -1.20736e-12)
(-0.209017 -2.25364 -1.24244e-12)
(-0.23346 -2.43092 -1.25311e-12)
(-0.259577 -2.60738 -1.24088e-12)
(-0.287389 -2.78292 -1.21947e-12)
(-0.316912 -2.95747 -1.19184e-12)
(-0.348151 -3.13094 -1.15985e-12)
(-0.38109 -3.30328 -1.11931e-12)
(-0.415699 -3.47443 -1.07595e-12)
(-0.451939 -3.64433 -1.03341e-12)
(-0.489765 -3.81293 -9.81486e-13)
(-0.529126 -3.98018 -9.31056e-13)
(-0.56997 -4.14601 -8.77951e-13)
(-0.612247 -4.31038 -8.32864e-13)
(-0.6559 -4.47323 -7.79653e-13)
(-0.700876 -4.63451 -7.32048e-13)
(-0.747115 -4.79417 -6.84332e-13)
(-0.794556 -4.95215 -6.44578e-13)
(-0.843132 -5.10842 -6.02494e-13)
(-0.892784 -5.26291 -5.62266e-13)
(-0.943449 -5.4156 -5.28795e-13)
(-0.995052 -5.56644 -4.93185e-13)
(-1.04754 -5.71541 -4.58712e-13)
(-1.10084 -5.86247 -4.31788e-13)
(-1.1549 -6.00762 -4.03215e-13)
(-1.20967 -6.15082 -3.80138e-13)
(-1.26509 -6.29207 -3.56257e-13)
(-1.32112 -6.43134 -3.3061e-13)
(-1.37768 -6.56861 -3.09528e-13)
(-1.43473 -6.70385 -2.87114e-13)
(-1.49218 -6.83703 -2.71597e-13)
(-1.54997 -6.96812 -2.63047e-13)
(-1.608 -7.09708 -2.47352e-13)
(-1.66617 -7.22388 -2.2901e-13)
(-1.72439 -7.34849 -2.15668e-13)
(-1.78255 -7.4709 -2.04446e-13)
(-1.84057 -7.59108 -1.95895e-13)
(-1.89832 -7.70904 -1.85133e-13)
(-1.95572 -7.82478 -1.7455e-13)
(-2.01269 -7.93831 -1.62338e-13)
(-2.06912 -8.04964 -1.56645e-13)
(-2.12491 -8.1588 -1.47907e-13)
(-2.18 -8.26578 -1.41881e-13)
(-2.23427 -8.37064 -1.33783e-13)
(-2.28762 -8.4734 -1.27987e-13)
(-2.33998 -8.57407 -1.22867e-13)
(-2.39125 -8.67271 -1.19456e-13)
(-2.44133 -8.76936 -1.1249e-13)
(-2.4901 -8.86405 -1.09993e-13)
(-2.53753 -8.95683 -1.03628e-13)
(-2.58352 -9.04778 -9.87174e-14)
(-2.62797 -9.13696 -9.71572e-14)
(-2.67079 -9.22443 -9.73155e-14)
(-2.71191 -9.31025 -9.51264e-14)
(-2.75125 -9.3945 -8.90423e-14)
(-2.78875 -9.47727 -8.34535e-14)
(-2.82435 -9.55862 -8.10214e-14)
(-2.858 -9.63868 -7.60505e-14)
(-2.88963 -9.71756 -7.46601e-14)
(-2.91921 -9.79534 -7.11134e-14)
(-2.94672 -9.87214 -7.45915e-14)
(-2.97213 -9.94806 -7.29756e-14)
(-2.99546 -10.0232 -7.18334e-14)
(-3.01668 -10.0977 -6.43214e-14)
(-3.03583 -10.1718 -6.45412e-14)
(-3.05294 -10.2454 -5.98749e-14)
(-3.06804 -10.3187 -5.77004e-14)
(-3.0812 -10.392 -5.49805e-14)
(-3.09248 -10.4653 -5.42523e-14)
(-3.10199 -10.5387 -5.1503e-14)
(-3.10984 -10.6124 -5.08538e-14)
(-3.11616 -10.6866 -5.06245e-14)
(-3.12109 -10.7613 -4.8677e-14)
(-3.12481 -10.8367 -4.89888e-14)
(-3.12751 -10.9129 -4.53685e-14)
(-3.1294 -10.9901 -4.6131e-14)
(-3.13071 -11.0683 -4.45853e-14)
(-3.13169 -11.1477 -4.43667e-14)
(-3.13262 -11.2284 -4.32169e-14)
(-3.1338 -11.3104 -4.44198e-14)
(-3.13555 -11.3939 -4.24123e-14)
(-3.1382 -11.4789 -4.09212e-14)
(-3.14209 -11.5655 -3.85077e-14)
(-3.14763 -11.6536 -3.76456e-14)
(-3.1553 -11.7435 -3.6318e-14)
(-3.16555 -11.8349 -3.74142e-14)
(-3.17879 -11.9281 -3.60948e-14)
(-3.1953 -12.0231 -3.71099e-14)
(-3.21551 -12.1198 -3.58042e-14)
(-3.24 -12.2181 -3.52468e-14)
(-3.26929 -12.3179 -3.54817e-14)
(-3.3039 -12.4193 -3.41688e-14)
(-3.34419 -12.5221 -3.61021e-14)
(-3.39013 -12.6256 -3.2456e-14)
(-3.44233 -12.73 -3.2034e-14)
(-3.50145 -12.8354 -3.40505e-14)
(-3.56801 -12.9415 -3.37356e-14)
(-3.64259 -13.0482 -3.23298e-14)
(-3.72594 -13.1548 -3.48739e-14)
(-3.81883 -13.2614 -3.36018e-14)
(-3.92151 -13.3676 -3.14145e-14)
(-4.03406 -13.473 -3.18244e-14)
(-4.15691 -13.5771 -3.41825e-14)
(-4.29049 -13.6796 -3.21832e-14)
(-4.43515 -13.78 -3.25167e-14)
(-4.59119 -13.8779 -3.05752e-14)
(-4.75886 -13.9727 -3.09541e-14)
(-4.93839 -14.064 -2.76443e-14)
(-5.12991 -14.1511 -2.68181e-14)
(-5.33351 -14.2336 -2.79895e-14)
(-5.5492 -14.3108 -2.8095e-14)
(-5.77692 -14.3821 -2.79703e-14)
(-6.0165 -14.447 -2.90017e-14)
(-6.26769 -14.5047 -2.7807e-14)
(-6.53013 -14.5548 -2.61161e-14)
(-6.80337 -14.5965 -2.72985e-14)
(-7.08682 -14.6293 -2.5587e-14)
(-7.37978 -14.6526 -2.45449e-14)
(-7.68144 -14.666 -2.39913e-14)
(-7.99086 -14.6689 -2.30474e-14)
(-8.30696 -14.6609 -2.46102e-14)
(-8.62856 -14.6417 -2.25698e-14)
(-8.95435 -14.6109 -2.28155e-14)
(-9.28293 -14.5684 -2.08231e-14)
(-9.61277 -14.514 -2.11924e-14)
(-9.94232 -14.4477 -2.05618e-14)
(-10.2699 -14.3697 -2.15238e-14)
(-10.5938 -14.28 -2.14051e-14)
(-10.9124 -14.1789 -2.15299e-14)
(-11.2239 -14.067 -2.18681e-14)
(-11.5266 -13.9445 -2.26648e-14)
(-11.819 -13.8121 -2.25395e-14)
(-12.0995 -13.6704 -2.22036e-14)
(-12.3666 -13.5198 -2.19565e-14)
(-12.6194 -13.3614 -2.07193e-14)
(-12.8571 -13.196 -2.06501e-14)
(-0.0787158 -0.127845 2.01673e-14)
)
;
    }
    inlet
    {
        type            calculated;
        value           uniform (0 0 0);
    }
    rWedge
    {
        type            wedge;
    }
    lWedge
    {
        type            wedge;
    }
    outlet
    {
        type            calculated;
        value           nonuniform 0();
    }
    procBoundary3to2
    {
        type            processor;
        value           uniform (0 0 0);
    }
}


// ************************************************************************* //
