/*--------------------------------*- C++ -*----------------------------------*\
| =========                 |                                                 |
| \\      /  F ield         | OpenFOAM: The Open Source CFD Toolbox           |
|  \\    /   O peration     | Version:  v1706                                 |
|   \\  /    A nd           | Web:      www.OpenFOAM.com                      |
|    \\/     M anipulation  |                                                 |
\*---------------------------------------------------------------------------*/
FoamFile
{
    version     2.0;
    format      ascii;
    class       volVectorField;
    location    "3.9e-05";
    object      wallShearStress;
}
// * * * * * * * * * * * * * * * * * * * * * * * * * * * * * * * * * * * * * //

dimensions      [1 -1 -2 0 0 0 0];


internalField   uniform (0 0 0);

boundaryField
{
    cone
    {
        type            calculated;
        value           nonuniform List<vector> 
147
(
(-0.645896 -1.97648 -1.07636e-12)
(-0.666415 -3.01904 -1.40917e-12)
(-0.720227 -4.23282 -2.36343e-12)
(-0.772314 -5.38806 -2.89622e-12)
(-0.845643 -6.59222 -3.39701e-12)
(-0.928468 -7.77028 -3.85295e-12)
(-1.02769 -8.96387 -4.26489e-12)
(-1.13907 -10.1471 -4.62355e-12)
(-1.26512 -11.3328 -5.0074e-12)
(-1.40436 -12.5134 -5.22014e-12)
(-1.55754 -13.6919 -5.44983e-12)
(-1.72421 -14.8663 -5.64149e-12)
(-1.90452 -16.0372 -5.82935e-12)
(-2.0983 -17.2037 -5.87885e-12)
(-2.30552 -18.3659 -5.89363e-12)
(-2.52609 -19.5233 -5.87788e-12)
(-2.75994 -20.6758 -5.87314e-12)
(-3.00696 -21.8229 -5.87247e-12)
(-3.26706 -22.9645 -5.78101e-12)
(-3.54013 -24.1002 -5.70635e-12)
(-3.82608 -25.2298 -5.61407e-12)
(-4.12479 -26.3528 -5.50188e-12)
(-4.43613 -27.4691 -5.36646e-12)
(-4.75998 -28.5783 -5.25883e-12)
(-5.09621 -29.68 -5.10772e-12)
(-5.44469 -30.7741 -4.96638e-12)
(-5.80526 -31.8602 -4.81427e-12)
(-6.17779 -32.9379 -4.68377e-12)
(-6.56212 -34.007 -4.52505e-12)
(-6.95813 -35.0671 -4.36804e-12)
(-7.3663 -36.1177 -4.21772e-12)
(-7.78671 -37.1581 -4.06692e-12)
(-8.21697 -38.1895 -3.91961e-12)
(-8.65806 -39.2109 -3.78148e-12)
(-9.10993 -40.222 -3.63633e-12)
(-9.57239 -41.2226 -3.50816e-12)
(-10.0453 -42.2122 -3.36787e-12)
(-10.5284 -43.1908 -3.22685e-12)
(-11.0215 -44.158 -3.09645e-12)
(-11.5245 -45.1136 -2.95372e-12)
(-12.0371 -46.0573 -2.84022e-12)
(-12.5591 -46.9889 -2.75705e-12)
(-13.0904 -47.9081 -2.65221e-12)
(-13.6311 -48.8141 -2.52963e-12)
(-14.1802 -49.7079 -2.42792e-12)
(-14.7378 -50.5889 -2.33638e-12)
(-15.3037 -51.4567 -2.25267e-12)
(-15.8776 -52.3112 -2.15747e-12)
(-16.4595 -53.152 -2.07247e-12)
(-17.0491 -53.9792 -1.97865e-12)
(-17.6462 -54.7924 -1.90284e-12)
(-18.2503 -55.5914 -1.83034e-12)
(-18.8617 -56.3762 -1.76194e-12)
(-19.4791 -57.147 -1.68439e-12)
(-20.102 -57.9034 -1.62003e-12)
(-20.7286 -58.646 -1.55883e-12)
(-21.358 -59.3756 -1.50618e-12)
(-21.9984 -60.0872 -1.43734e-12)
(-22.6459 -60.782 -1.39522e-12)
(-23.2984 -61.4612 -1.3346e-12)
(-23.9558 -62.1251 -1.27749e-12)
(-24.6176 -62.7736 -1.23548e-12)
(-25.2839 -63.4063 -1.20638e-12)
(-25.9542 -64.0233 -1.16831e-12)
(-26.6285 -64.6243 -1.11473e-12)
(-27.3063 -65.2095 -1.06321e-12)
(-27.9874 -65.7786 -1.02716e-12)
(-28.6716 -66.3315 -9.80543e-13)
(-29.3586 -66.8682 -9.47301e-13)
(-30.0481 -67.3885 -9.0849e-13)
(-30.74 -67.8925 -8.93622e-13)
(-31.4337 -68.3801 -8.71788e-13)
(-32.1292 -68.8511 -8.45781e-13)
(-32.8262 -69.3055 -7.98293e-13)
(-33.5244 -69.7434 -7.77376e-13)
(-34.2235 -70.1647 -7.40853e-13)
(-34.9233 -70.5693 -7.14026e-13)
(-35.6235 -70.9572 -6.89945e-13)
(-36.3239 -71.3285 -6.68811e-13)
(-37.0239 -71.6829 -6.42162e-13)
(-37.7237 -72.0206 -6.20285e-13)
(-38.4228 -72.3415 -6.05311e-13)
(-39.121 -72.6458 -5.83825e-13)
(-39.818 -72.9333 -5.6973e-13)
(-40.5136 -73.2042 -5.39702e-13)
(-41.2075 -73.4585 -5.28214e-13)
(-41.8995 -73.696 -5.09216e-13)
(-42.5892 -73.917 -4.98264e-13)
(-43.2765 -74.1214 -4.81518e-13)
(-43.9612 -74.3094 -4.71718e-13)
(-44.6426 -74.4807 -4.54412e-13)
(-45.3211 -74.6355 -4.40219e-13)
(-45.9962 -74.7741 -4.20942e-13)
(-46.6675 -74.8966 -4.07239e-13)
(-47.3348 -75.0029 -3.91323e-13)
(-47.998 -75.093 -3.86149e-13)
(-48.6569 -75.1672 -3.70366e-13)
(-49.3112 -75.2253 -3.65746e-13)
(-49.9603 -75.2673 -3.53804e-13)
(-50.6045 -75.2936 -3.41165e-13)
(-51.2433 -75.3046 -3.32321e-13)
(-51.8766 -75.3 -3.19431e-13)
(-52.5041 -75.28 -3.19917e-13)
(-53.1257 -75.2447 -3.00446e-13)
(-53.7411 -75.1942 -2.89242e-13)
(-54.3501 -75.1286 -2.88285e-13)
(-54.9525 -75.0481 -2.80717e-13)
(-55.5482 -74.9528 -2.6744e-13)
(-56.1368 -74.8425 -2.70108e-13)
(-56.7182 -74.7179 -2.5933e-13)
(-57.2924 -74.5793 -2.4659e-13)
(-57.859 -74.4266 -2.42359e-13)
(-58.4178 -74.2598 -2.42498e-13)
(-58.9689 -74.0792 -2.31254e-13)
(-59.5118 -73.885 -2.27447e-13)
(-60.0467 -73.6772 -2.15993e-13)
(-60.5731 -73.4561 -2.16039e-13)
(-61.0909 -73.2218 -2.01866e-13)
(-61.6002 -72.9746 -1.92625e-13)
(-62.1006 -72.7146 -1.92507e-13)
(-62.592 -72.442 -1.85881e-13)
(-63.0744 -72.157 -1.82404e-13)
(-63.5475 -71.8599 -1.82821e-13)
(-64.0112 -71.5507 -1.74764e-13)
(-64.4654 -71.2298 -1.65784e-13)
(-64.9101 -70.8973 -1.6714e-13)
(-65.345 -70.5534 -1.60085e-13)
(-65.7701 -70.1983 -1.53744e-13)
(-66.1852 -69.8323 -1.49154e-13)
(-66.5903 -69.4555 -1.43007e-13)
(-66.9852 -69.0683 -1.42608e-13)
(-67.37 -68.6707 -1.34501e-13)
(-67.7444 -68.2631 -1.33391e-13)
(-68.1085 -67.8455 -1.2569e-13)
(-68.462 -67.4183 -1.24182e-13)
(-68.8051 -66.9817 -1.18733e-13)
(-69.1375 -66.536 -1.18955e-13)
(-69.4593 -66.0813 -1.13952e-13)
(-69.7704 -65.6177 -1.10902e-13)
(-70.071 -65.1457 -1.09254e-13)
(-70.3614 -64.6655 -1.08325e-13)
(-70.6415 -64.1778 -1.06132e-13)
(-70.9112 -63.6831 -1.04177e-13)
(-71.1702 -63.1816 -1.0135e-13)
(-71.4168 -62.6728 -9.62174e-14)
(-71.6523 -62.1557 -9.50892e-14)
(-0.704861 -0.962496 -4.09488e-13)
)
;
    }
    inlet
    {
        type            calculated;
        value           uniform (0 0 0);
    }
    rWedge
    {
        type            wedge;
    }
    lWedge
    {
        type            wedge;
    }
    outlet
    {
        type            calculated;
        value           nonuniform 0();
    }
    procBoundary3to2
    {
        type            processor;
        value           uniform (0 0 0);
    }
}


// ************************************************************************* //
