/*--------------------------------*- C++ -*----------------------------------*\
| =========                 |                                                 |
| \\      /  F ield         | OpenFOAM: The Open Source CFD Toolbox           |
|  \\    /   O peration     | Version:  v1706                                 |
|   \\  /    A nd           | Web:      www.OpenFOAM.com                      |
|    \\/     M anipulation  |                                                 |
\*---------------------------------------------------------------------------*/
FoamFile
{
    version     2.0;
    format      ascii;
    class       volVectorField;
    location    "3.2e-05";
    object      wallShearStress;
}
// * * * * * * * * * * * * * * * * * * * * * * * * * * * * * * * * * * * * * //

dimensions      [1 -1 -2 0 0 0 0];


internalField   uniform (0 0 0);

boundaryField
{
    cone
    {
        type            calculated;
        value           nonuniform List<vector> 
147
(
(-0.639877 -1.96221 -1.14287e-12)
(-0.660301 -2.99687 -1.39257e-12)
(-0.713755 -4.202 -2.32194e-12)
(-0.765464 -5.34876 -2.8249e-12)
(-0.838264 -6.54423 -3.3444e-12)
(-0.920486 -7.71371 -3.75827e-12)
(-1.01898 -8.89866 -4.18358e-12)
(-1.12955 -10.0733 -4.53708e-12)
(-1.25467 -11.2504 -4.87656e-12)
(-1.39289 -12.4224 -5.08067e-12)
(-1.54496 -13.5923 -5.34614e-12)
(-1.7104 -14.7582 -5.54849e-12)
(-1.88938 -15.9205 -5.68371e-12)
(-2.08173 -17.0785 -5.73393e-12)
(-2.28743 -18.2322 -5.74344e-12)
(-2.50637 -19.3811 -5.74531e-12)
(-2.73848 -20.5251 -5.74917e-12)
(-2.98367 -21.6638 -5.76069e-12)
(-3.24184 -22.797 -5.68036e-12)
(-3.51289 -23.9243 -5.59498e-12)
(-3.79672 -25.0455 -5.50008e-12)
(-4.0932 -26.1602 -5.37656e-12)
(-4.40222 -27.2682 -5.25984e-12)
(-4.72365 -28.3691 -5.16284e-12)
(-5.05737 -29.4626 -5.02212e-12)
(-5.40324 -30.5485 -4.88927e-12)
(-5.76111 -31.6264 -4.73486e-12)
(-6.13084 -32.696 -4.60145e-12)
(-6.51227 -33.757 -4.44602e-12)
(-6.9053 -34.8092 -4.2964e-12)
(-7.31049 -35.8517 -4.16284e-12)
(-7.72763 -36.8843 -4.01509e-12)
(-8.15462 -37.9077 -3.85745e-12)
(-8.59235 -38.9213 -3.72757e-12)
(-9.04078 -39.9247 -3.58779e-12)
(-9.49971 -40.9175 -3.45583e-12)
(-9.96898 -41.8995 -3.3249e-12)
(-10.4484 -42.8705 -3.18881e-12)
(-10.9377 -43.8302 -3.05755e-12)
(-11.4368 -44.7783 -2.92317e-12)
(-11.9455 -45.7146 -2.81129e-12)
(-12.4635 -46.6389 -2.7243e-12)
(-12.9907 -47.5508 -2.6228e-12)
(-13.5271 -48.4497 -2.50453e-12)
(-14.072 -49.3364 -2.4003e-12)
(-14.6252 -50.2104 -2.31087e-12)
(-15.1867 -51.0713 -2.22991e-12)
(-15.7561 -51.9188 -2.13686e-12)
(-16.3334 -52.7528 -2.05232e-12)
(-16.9184 -53.5733 -1.95953e-12)
(-17.5108 -54.3799 -1.88837e-12)
(-18.1101 -55.1723 -1.81169e-12)
(-18.7165 -55.9506 -1.74953e-12)
(-19.329 -56.715 -1.67084e-12)
(-19.9465 -57.4653 -1.60624e-12)
(-20.5675 -58.2018 -1.54456e-12)
(-21.1926 -58.9248 -1.49587e-12)
(-21.828 -59.6301 -1.43e-12)
(-22.4701 -60.3188 -1.38638e-12)
(-23.1173 -60.9921 -1.32745e-12)
(-23.7692 -61.6502 -1.27322e-12)
(-24.4256 -62.2929 -1.23173e-12)
(-25.0864 -62.9199 -1.1983e-12)
(-25.7511 -63.5313 -1.16189e-12)
(-26.4197 -64.1269 -1.10812e-12)
(-27.0919 -64.7066 -1.05979e-12)
(-27.7672 -65.2704 -1.02127e-12)
(-28.4456 -65.8181 -9.76418e-13)
(-29.1268 -66.3496 -9.47506e-13)
(-29.8104 -66.8649 -9.06336e-13)
(-30.4963 -67.364 -8.92741e-13)
(-31.184 -67.8467 -8.66731e-13)
(-31.8735 -68.313 -8.41958e-13)
(-32.5644 -68.7628 -7.9422e-13)
(-33.2564 -69.1961 -7.7583e-13)
(-33.9494 -69.6129 -7.39628e-13)
(-34.643 -70.0133 -7.11757e-13)
(-35.3369 -70.397 -6.86986e-13)
(-36.0309 -70.7641 -6.67362e-13)
(-36.7247 -71.1145 -6.40422e-13)
(-37.4181 -71.4482 -6.18917e-13)
(-38.1108 -71.7653 -6.0439e-13)
(-38.8026 -72.0659 -5.82993e-13)
(-39.4931 -72.3498 -5.69204e-13)
(-40.1823 -72.6172 -5.3919e-13)
(-40.8696 -72.868 -5.27549e-13)
(-41.5551 -73.1023 -5.08888e-13)
(-42.2383 -73.3201 -4.98207e-13)
(-42.919 -73.5215 -4.80893e-13)
(-43.5971 -73.7064 -4.72184e-13)
(-44.2718 -73.8748 -4.53836e-13)
(-44.9437 -74.0269 -4.39749e-13)
(-45.6121 -74.1629 -4.21506e-13)
(-46.2767 -74.2829 -4.07385e-13)
(-46.9374 -74.3867 -3.91473e-13)
(-47.5939 -74.4745 -3.86082e-13)
(-48.246 -74.5465 -3.69933e-13)
(-48.8936 -74.6025 -3.65813e-13)
(-49.536 -74.6425 -3.5382e-13)
(-50.1735 -74.667 -3.41137e-13)
(-50.8056 -74.6761 -3.32016e-13)
(-51.4321 -74.6699 -3.19226e-13)
(-52.0529 -74.6484 -3.20222e-13)
(-52.6676 -74.6116 -3.01032e-13)
(-53.2763 -74.5597 -2.89621e-13)
(-53.8786 -74.4929 -2.88604e-13)
(-54.4742 -74.4113 -2.80735e-13)
(-55.0632 -74.315 -2.68027e-13)
(-55.645 -74.2038 -2.70147e-13)
(-56.2198 -74.0784 -2.60291e-13)
(-56.7871 -73.9391 -2.47315e-13)
(-57.347 -73.7858 -2.42266e-13)
(-57.8992 -73.6186 -2.4244e-13)
(-58.4435 -73.4377 -2.30788e-13)
(-58.9798 -73.2431 -2.27659e-13)
(-59.5079 -73.0352 -2.16317e-13)
(-60.0276 -72.814 -2.16367e-13)
(-60.5389 -72.5798 -2.02315e-13)
(-61.0415 -72.3327 -1.92634e-13)
(-61.5352 -72.0729 -1.93093e-13)
(-62.0201 -71.8007 -1.86606e-13)
(-62.4958 -71.5162 -1.82755e-13)
(-62.9623 -71.2196 -1.83215e-13)
(-63.4195 -70.9112 -1.7478e-13)
(-63.8672 -70.591 -1.66192e-13)
(-64.3053 -70.2593 -1.67516e-13)
(-64.7337 -69.9164 -1.60864e-13)
(-65.1523 -69.5624 -1.53846e-13)
(-65.561 -69.1976 -1.49645e-13)
(-65.9596 -68.822 -1.42982e-13)
(-66.3482 -68.4361 -1.42775e-13)
(-66.7265 -68.0399 -1.34711e-13)
(-67.0945 -67.6338 -1.33744e-13)
(-67.4522 -67.2178 -1.25708e-13)
(-67.7993 -66.7924 -1.24334e-13)
(-68.136 -66.3575 -1.19186e-13)
(-68.4621 -65.9136 -1.19577e-13)
(-68.7775 -65.4607 -1.14596e-13)
(-69.0823 -64.9992 -1.11067e-13)
(-69.3765 -64.5293 -1.09167e-13)
(-69.6606 -64.0511 -1.08683e-13)
(-69.9344 -63.5657 -1.06398e-13)
(-70.1976 -63.0733 -1.04549e-13)
(-70.4502 -62.574 -1.01599e-13)
(-70.6905 -62.0675 -9.6663e-14)
(-70.9196 -61.5528 -9.53093e-14)
(-0.698433 -0.95583 -3.28831e-13)
)
;
    }
    inlet
    {
        type            calculated;
        value           uniform (0 0 0);
    }
    rWedge
    {
        type            wedge;
    }
    lWedge
    {
        type            wedge;
    }
    outlet
    {
        type            calculated;
        value           nonuniform 0();
    }
    procBoundary3to2
    {
        type            processor;
        value           uniform (0 0 0);
    }
}


// ************************************************************************* //
