/*--------------------------------*- C++ -*----------------------------------*\
| =========                 |                                                 |
| \\      /  F ield         | OpenFOAM: The Open Source CFD Toolbox           |
|  \\    /   O peration     | Version:  v1706                                 |
|   \\  /    A nd           | Web:      www.OpenFOAM.com                      |
|    \\/     M anipulation  |                                                 |
\*---------------------------------------------------------------------------*/
FoamFile
{
    version     2.0;
    format      ascii;
    class       volVectorField;
    location    "3.1e-05";
    object      wallShearStress;
}
// * * * * * * * * * * * * * * * * * * * * * * * * * * * * * * * * * * * * * //

dimensions      [1 -1 -2 0 0 0 0];


internalField   uniform (0 0 0);

boundaryField
{
    cone
    {
        type            calculated;
        value           nonuniform List<vector> 
119
(
(0.267701 -0.849068 -5.68992e-11)
(0.271777 -0.862578 -5.15992e-11)
(0.275452 -0.875785 -4.44864e-11)
(0.278865 -0.888764 -3.64742e-11)
(0.282145 -0.901601 -2.84425e-11)
(0.285406 -0.914378 -2.10918e-11)
(0.288738 -0.927168 -1.48751e-11)
(0.29221 -0.940045 -9.97203e-12)
(0.295873 -0.953078 -6.34939e-12)
(0.299753 -0.966329 -3.83214e-12)
(0.30386 -0.979849 -2.1846e-12)
(0.30818 -0.993679 -1.16956e-12)
(0.312678 -1.00785 -5.79886e-13)
(0.317303 -1.02238 -2.60988e-13)
(0.321986 -1.03727 -1.01311e-13)
(0.326643 -1.05251 -3.0663e-14)
(0.331176 -1.06807 2.32357e-16)
(0.335479 -1.08391 8.00979e-15)
(0.339439 -1.09998 7.89282e-15)
(0.342939 -1.1162 3.38411e-15)
(0.345862 -1.13251 -5.298e-16)
(0.348097 -1.14881 -1.32394e-15)
(0.349535 -1.16503 -2.89299e-15)
(0.350082 -1.18106 -1.70616e-16)
(0.349654 -1.19682 3.20929e-16)
(0.348182 -1.21223 -8.13218e-16)
(0.345618 -1.2272 -1.61118e-15)
(0.341927 -1.24166 -2.85635e-15)
(0.337094 -1.25555 -2.48723e-15)
(0.331127 -1.26884 -1.00286e-15)
(0.324047 -1.28148 -1.69885e-15)
(0.315894 -1.29347 -3.27408e-15)
(0.306719 -1.30479 2.27612e-17)
(0.296588 -1.31548 -1.85947e-15)
(0.285573 -1.32554 9.54497e-17)
(0.273749 -1.33503 3.08307e-16)
(0.261196 -1.34398 1.70307e-15)
(0.247989 -1.35244 -3.85407e-17)
(0.234196 -1.36046 1.77185e-16)
(0.219883 -1.3681 -2.77315e-16)
(0.205103 -1.37541 -3.25394e-15)
(0.1899 -1.38243 -1.6586e-15)
(0.17431 -1.38919 -2.27336e-15)
(0.158355 -1.39574 -3.81065e-15)
(0.142055 -1.40211 -3.06826e-15)
(0.125421 -1.40832 -4.70473e-15)
(0.108461 -1.4144 -6.50156e-16)
(0.0911867 -1.42037 3.25515e-15)
(0.0736057 -1.42623 -6.32174e-16)
(0.0557204 -1.43192 -2.35874e-16)
(0.0374829 -1.43705 -7.54832e-16)
(0.018847 -1.44074 -1.66615e-15)
(-0.000105012 -1.44404 -1.22254e-15)
(-0.0194786 -1.44708 -7.1362e-16)
(-0.0392738 -1.44985 -3.65234e-15)
(-0.0594906 -1.45235 -2.53095e-17)
(-0.0801293 -1.45459 6.62622e-16)
(-0.101189 -1.45656 -2.25988e-15)
(-0.122669 -1.45827 -3.157e-15)
(-0.144568 -1.45973 -2.24132e-15)
(-0.166887 -1.46095 -1.40387e-15)
(-0.189631 -1.46196 -4.45779e-16)
(-0.212808 -1.46277 -4.11615e-16)
(-0.236431 -1.46345 -1.4892e-15)
(-0.260526 -1.4641 -1.41754e-15)
(-0.285155 -1.46494 -2.78639e-15)
(-0.311055 -1.46567 -1.9167e-15)
(-0.338167 -1.46562 -3.02743e-15)
(-0.366304 -1.46611 -2.92413e-15)
(-0.393607 -1.46794 -2.94083e-15)
(-0.420504 -1.4697 -2.27056e-15)
(-0.447566 -1.47124 -2.58393e-15)
(-0.475321 -1.47214 -2.89455e-15)
(-0.503303 -1.47307 -8.95167e-16)
(-0.53168 -1.47385 -1.71538e-15)
(-0.560418 -1.47451 -4.18026e-16)
(-0.589477 -1.47502 -5.66772e-16)
(-0.618797 -1.47539 -1.73695e-15)
(-0.648303 -1.47557 -7.01748e-17)
(-0.677901 -1.47554 -2.76872e-15)
(-0.707478 -1.47523 6.02886e-17)
(-0.7369 -1.47458 -1.86381e-16)
(-0.766016 -1.47351 -1.7651e-15)
(-0.794655 -1.47194 -1.24849e-15)
(-0.822636 -1.46979 -8.83936e-16)
(-0.849771 -1.46697 1.61816e-15)
(-0.87588 -1.46342 8.48279e-17)
(-0.900807 -1.45912 -2.92709e-15)
(-0.924432 -1.45406 -1.57546e-15)
(-0.946695 -1.44831 -1.52993e-15)
(-0.96761 -1.442 -1.64636e-15)
(-0.987266 -1.43529 -1.85196e-15)
(-1.00583 -1.42839 -3.69808e-15)
(-1.02355 -1.42157 -1.57566e-15)
(-1.0408 -1.41515 -1.6748e-15)
(-1.05823 -1.40966 -2.84938e-15)
(-1.07699 -1.406 -5.4256e-15)
(-1.09897 -1.40558 4.73565e-16)
(-1.1267 -1.41007 -2.32828e-16)
(-1.16272 -1.42082 3.19799e-15)
(-1.20852 -1.43794 2.05106e-15)
(-1.26357 -1.45981 -1.27524e-15)
(-1.325 -1.48325 -1.08111e-16)
(-1.38824 -1.50441 6.84894e-16)
(-1.44843 -1.51997 -5.1637e-15)
(-1.50155 -1.52811 -2.72345e-15)
(-1.54558 -1.52946 -4.34287e-15)
(-1.58151 -1.5265 -4.04791e-15)
(-1.61217 -1.52226 -3.58486e-15)
(-1.64084 -1.51911 -1.9381e-15)
(-1.66971 -1.51873 -1.50496e-15)
(-1.69937 -1.52123 -2.81192e-15)
(-1.72987 -1.52571 8.87408e-16)
(-1.75948 -1.5311 -2.74828e-15)
(-1.783 -1.53474 5.04923e-16)
(-1.81014 -1.54017 -2.51689e-15)
(-1.84877 -1.54566 -2.42549e-15)
(-1.8672 -1.55283 5.1369e-17)
(-1.92043 -1.5793 -1.55927e-15)
)
;
    }
    inlet
    {
        type            calculated;
        value           uniform (0 0 0);
    }
    rWedge
    {
        type            wedge;
    }
    lWedge
    {
        type            wedge;
    }
    outlet
    {
        type            calculated;
        value           uniform (0 0 0);
    }
    procBoundary0to1
    {
        type            processor;
        value           uniform (0 0 0);
    }
    procBoundary0to2
    {
        type            processor;
        value           uniform (0 0 0);
    }
}


// ************************************************************************* //
