/*--------------------------------*- C++ -*----------------------------------*\
| =========                 |                                                 |
| \\      /  F ield         | OpenFOAM: The Open Source CFD Toolbox           |
|  \\    /   O peration     | Version:  v1706                                 |
|   \\  /    A nd           | Web:      www.OpenFOAM.com                      |
|    \\/     M anipulation  |                                                 |
\*---------------------------------------------------------------------------*/
FoamFile
{
    version     2.0;
    format      ascii;
    class       volVectorField;
    location    "3.6e-05";
    object      wallShearStress;
}
// * * * * * * * * * * * * * * * * * * * * * * * * * * * * * * * * * * * * * //

dimensions      [1 -1 -2 0 0 0 0];


internalField   uniform (0 0 0);

boundaryField
{
    cone
    {
        type            calculated;
        value           nonuniform List<vector> 
147
(
(-0.522687 -0.535682 -1.19455e-13)
(-0.533717 -0.846177 -1.49707e-13)
(-0.545206 -1.17593 -3.39589e-13)
(-0.562116 -1.50404 -4.51165e-13)
(-0.582598 -1.83494 -5.49222e-13)
(-0.606867 -2.16604 -6.37337e-13)
(-0.634871 -2.49738 -7.30241e-13)
(-0.666579 -2.82855 -8.16608e-13)
(-0.702192 -3.15954 -9.05967e-13)
(-0.741131 -3.49223 -9.57825e-13)
(-0.78252 -3.82638 -1.02292e-12)
(-0.828439 -4.15921 -1.08714e-12)
(-0.879018 -4.48969 -1.13396e-12)
(-0.933746 -4.8181 -1.16481e-12)
(-0.992313 -5.14485 -1.19529e-12)
(-1.05463 -5.47013 -1.22308e-12)
(-1.12069 -5.79394 -1.24856e-12)
(-1.19047 -6.11626 -1.26734e-12)
(-1.26394 -6.43704 -1.28053e-12)
(-1.34109 -6.75619 -1.29657e-12)
(-1.42188 -7.07367 -1.29877e-12)
(-1.50629 -7.38939 -1.29948e-12)
(-1.59427 -7.70328 -1.29085e-12)
(-1.6858 -8.01527 -1.2881e-12)
(-1.78085 -8.32528 -1.27263e-12)
(-1.87937 -8.63324 -1.25976e-12)
(-1.98133 -8.93907 -1.24311e-12)
(-2.0867 -9.2427 -1.23317e-12)
(-2.19542 -9.54406 -1.21228e-12)
(-2.30747 -9.84306 -1.19057e-12)
(-2.4228 -10.1396 -1.17028e-12)
(-2.54136 -10.4337 -1.14718e-12)
(-2.66312 -10.7252 -1.12284e-12)
(-2.78802 -11.0141 -1.10197e-12)
(-2.91603 -11.3002 -1.07417e-12)
(-3.04708 -11.5836 -1.0536e-12)
(-3.18114 -11.8641 -1.03001e-12)
(-3.31815 -12.1417 -1.00322e-12)
(-3.45806 -12.4164 -9.74777e-13)
(-3.60082 -12.6879 -9.44565e-13)
(-3.74638 -12.9564 -9.22457e-13)
(-3.89468 -13.2217 -9.05785e-13)
(-4.04568 -13.4838 -8.82508e-13)
(-4.1993 -13.7426 -8.52409e-13)
(-4.3555 -13.998 -8.28388e-13)
(-4.51421 -14.25 -8.04635e-13)
(-4.67539 -14.4985 -7.8608e-13)
(-4.83896 -14.7436 -7.62501e-13)
(-5.00487 -14.985 -7.39099e-13)
(-5.17305 -15.2228 -7.12469e-13)
(-5.34345 -15.4569 -6.94453e-13)
(-5.51599 -15.6873 -6.73904e-13)
(-5.69063 -15.9139 -6.55288e-13)
(-5.86728 -16.1367 -6.34427e-13)
(-6.04589 -16.3556 -6.15691e-13)
(-6.22639 -16.5706 -5.98718e-13)
(-6.4087 -16.7816 -5.81691e-13)
(-6.59277 -16.9887 -5.61181e-13)
(-6.77852 -17.1916 -5.46087e-13)
(-6.96589 -17.3905 -5.27667e-13)
(-7.15481 -17.5852 -5.11639e-13)
(-7.34519 -17.7758 -4.99259e-13)
(-7.53698 -17.9622 -4.88105e-13)
(-7.73011 -18.1444 -4.75283e-13)
(-7.9245 -18.3223 -4.58888e-13)
(-8.12007 -18.4959 -4.43455e-13)
(-8.31677 -18.6651 -4.30566e-13)
(-8.51451 -18.8301 -4.15379e-13)
(-8.71322 -18.9906 -4.04009e-13)
(-8.91283 -19.1467 -3.89239e-13)
(-9.11326 -19.2985 -3.84722e-13)
(-9.31444 -19.4457 -3.75088e-13)
(-9.5163 -19.5885 -3.65792e-13)
(-9.71877 -19.7268 -3.48611e-13)
(-9.92176 -19.8607 -3.40867e-13)
(-10.1252 -19.9899 -3.28625e-13)
(-10.329 -20.1147 -3.17805e-13)
(-10.5332 -20.2349 -3.08034e-13)
(-10.7375 -20.3506 -3.00438e-13)
(-10.942 -20.4617 -2.90249e-13)
(-11.1466 -20.5682 -2.82905e-13)
(-11.3512 -20.6701 -2.76616e-13)
(-11.5558 -20.7675 -2.68041e-13)
(-11.7602 -20.8603 -2.62483e-13)
(-11.9643 -20.9485 -2.51772e-13)
(-12.1682 -21.0321 -2.45929e-13)
(-12.3718 -21.1111 -2.38861e-13)
(-12.5748 -21.1855 -2.34416e-13)
(-12.7774 -21.2553 -2.27844e-13)
(-12.9794 -21.3206 -2.22983e-13)
(-13.1807 -21.3813 -2.16152e-13)
(-13.3813 -21.4375 -2.10128e-13)
(-13.5811 -21.489 -2.02836e-13)
(-13.78 -21.5361 -1.96333e-13)
(-13.978 -21.5786 -1.90384e-13)
(-14.1749 -21.6166 -1.87577e-13)
(-14.3708 -21.6501 -1.82176e-13)
(-14.5655 -21.6792 -1.79034e-13)
(-14.7589 -21.7037 -1.74035e-13)
(-14.9511 -21.7238 -1.6867e-13)
(-15.1418 -21.7395 -1.64908e-13)
(-15.3311 -21.7508 -1.59623e-13)
(-15.5189 -21.7577 -1.57931e-13)
(-15.7051 -21.7602 -1.5173e-13)
(-15.8896 -21.7584 -1.47115e-13)
(-16.0724 -21.7522 -1.456e-13)
(-16.2534 -21.7418 -1.42268e-13)
(-16.4326 -21.7271 -1.37365e-13)
(-16.6098 -21.7082 -1.36903e-13)
(-16.785 -21.685 -1.32852e-13)
(-16.9581 -21.6577 -1.28244e-13)
(-17.1291 -21.6262 -1.25739e-13)
(-17.2978 -21.5905 -1.24456e-13)
(-17.4643 -21.5508 -1.19792e-13)
(-17.6284 -21.5071 -1.17597e-13)
(-17.7902 -21.4593 -1.13535e-13)
(-17.9494 -21.4075 -1.11674e-13)
(-18.1061 -21.3517 -1.05914e-13)
(-18.2602 -21.2921 -1.02268e-13)
(-18.4116 -21.2285 -1.01059e-13)
(-18.5602 -21.1611 -9.87325e-14)
(-18.706 -21.0899 -9.63494e-14)
(-18.849 -21.0149 -9.53198e-14)
(-18.989 -20.9362 -9.20673e-14)
(-19.126 -20.8538 -8.83093e-14)
(-19.2599 -20.7678 -8.74404e-14)
(-19.3906 -20.6781 -8.43089e-14)
(-19.5182 -20.5849 -8.16711e-14)
(-19.6424 -20.4881 -7.91405e-14)
(-19.7633 -20.3879 -7.62965e-14)
(-19.8807 -20.2842 -7.56944e-14)
(-19.9946 -20.177 -7.25098e-14)
(-20.1049 -20.0666 -7.11738e-14)
(-20.2116 -19.9528 -6.7993e-14)
(-20.3146 -19.8357 -6.63447e-14)
(-20.4138 -19.7154 -6.43182e-14)
(-20.509 -19.5919 -6.38363e-14)
(-20.6003 -19.4652 -6.20285e-14)
(-20.6876 -19.3354 -6.06097e-14)
(-20.7708 -19.2025 -5.94849e-14)
(-20.8498 -19.0666 -5.87605e-14)
(-20.9246 -18.9278 -5.74714e-14)
(-20.9949 -18.7862 -5.57904e-14)
(-21.0606 -18.6417 -5.46123e-14)
(-21.1215 -18.4944 -5.24978e-14)
(-21.1779 -18.344 -5.14032e-14)
(-0.557259 -0.237047 -1.16542e-14)
)
;
    }
    inlet
    {
        type            calculated;
        value           uniform (0 0 0);
    }
    rWedge
    {
        type            wedge;
    }
    lWedge
    {
        type            wedge;
    }
    outlet
    {
        type            calculated;
        value           nonuniform 0();
    }
    procBoundary3to2
    {
        type            processor;
        value           uniform (0 0 0);
    }
}


// ************************************************************************* //
