/*--------------------------------*- C++ -*----------------------------------*\
| =========                 |                                                 |
| \\      /  F ield         | OpenFOAM: The Open Source CFD Toolbox           |
|  \\    /   O peration     | Version:  v1706                                 |
|   \\  /    A nd           | Web:      www.OpenFOAM.com                      |
|    \\/     M anipulation  |                                                 |
\*---------------------------------------------------------------------------*/
FoamFile
{
    version     2.0;
    format      ascii;
    class       volVectorField;
    location    "3.3e-05";
    object      wallShearStress;
}
// * * * * * * * * * * * * * * * * * * * * * * * * * * * * * * * * * * * * * //

dimensions      [1 -1 -2 0 0 0 0];


internalField   uniform (0 0 0);

boundaryField
{
    cone
    {
        type            calculated;
        value           nonuniform List<vector> 
181
(
(-20.0451 -9.99445 -8.43402e-16)
(-19.8117 -9.87688 -1.14881e-16)
(-19.5819 -9.76097 7.38757e-16)
(-19.3557 -9.64674 -1.07561e-15)
(-19.1331 -9.53414 -6.85907e-16)
(-18.9139 -9.42318 -1.06928e-15)
(-18.6983 -9.31384 -1.49567e-15)
(-18.4861 -9.20612 -2.68189e-15)
(-18.2774 -9.1 -2.60065e-15)
(-18.0721 -8.99547 -1.36024e-15)
(-17.8702 -8.89253 -2.51836e-15)
(-17.6718 -8.79117 -2.47436e-15)
(-17.4766 -8.69136 -3.33434e-15)
(-17.2848 -8.5931 -2.93531e-15)
(-17.0963 -8.49638 -2.59641e-15)
(-16.911 -8.40118 -2.19711e-15)
(-16.7289 -8.30749 -3.31448e-15)
(-16.55 -8.21529 -3.12679e-15)
(-16.3742 -8.12458 -3.95132e-15)
(-16.2016 -8.03534 -3.3492e-16)
(-16.032 -7.94756 -2.13135e-17)
(-15.8654 -7.86123 -6.53699e-16)
(-15.7018 -7.77633 -1.98394e-15)
(-15.5411 -7.69285 -1.4026e-15)
(-15.3833 -7.61078 -2.16743e-15)
(-15.2284 -7.53011 -1.51764e-15)
(-15.0763 -7.45083 -2.38933e-15)
(-14.927 -7.37291 -2.92825e-15)
(-14.7804 -7.29636 -4.07915e-15)
(-14.6365 -7.22116 -5.13991e-15)
(-14.4952 -7.14729 -3.91289e-15)
(-14.3565 -7.07476 -2.02786e-15)
(-14.2204 -7.00355 -3.36164e-15)
(-14.0869 -6.93366 -4.81569e-15)
(-13.9558 -6.86509 -7.77903e-16)
(-13.8272 -6.79783 -2.43555e-15)
(-13.701 -6.73189 3.43971e-16)
(-13.5773 -6.66727 -2.78441e-15)
(-13.456 -6.60395 -3.88551e-15)
(-13.3371 -6.54195 -5.95881e-15)
(-13.2207 -6.48124 -2.47464e-15)
(-13.1068 -6.42178 -2.24965e-15)
(-12.9954 -6.36354 -1.96808e-15)
(-12.8867 -6.30643 -6.11712e-15)
(-12.7807 -6.25036 -7.20431e-15)
(-12.6773 -6.1952 -4.66117e-15)
(-12.5766 -6.1408 -5.39949e-15)
(-12.4783 -6.08701 -2.62301e-15)
(-12.3821 -6.0337 -5.33297e-15)
(-12.2878 -5.98076 -3.22513e-15)
(-12.1946 -5.92816 -1.72122e-15)
(-12.102 -5.87596 -2.46968e-15)
(-12.0091 -5.82436 -4.91804e-15)
(-11.9151 -5.77368 -5.83021e-15)
(-11.8193 -5.72442 -7.65976e-15)
(-11.721 -5.67721 -7.15025e-15)
(-11.62 -5.63281 -3.56939e-15)
(-11.5162 -5.59202 -3.70599e-15)
(-11.4102 -5.55568 -3.55539e-15)
(-11.3031 -5.52452 -4.62592e-15)
(-11.1964 -5.49917 -5.86768e-15)
(-11.0922 -5.48002 -5.63623e-15)
(-10.9932 -5.46725 -5.62666e-15)
(-10.9021 -5.46086 -5.15117e-15)
(-10.8224 -5.46053 -6.49581e-15)
(-10.7598 -5.4637 -4.63985e-15)
(-10.7201 -5.46426 -5.24841e-15)
(-10.6998 -5.46526 -8.28479e-15)
(-10.6998 -5.46469 -4.44385e-15)
(-10.7232 -5.45669 -5.41701e-15)
(-10.7709 -5.44013 -7.71012e-15)
(-10.8421 -5.41123 -6.32534e-15)
(-10.9337 -5.36677 -6.68273e-15)
(-11.0408 -5.30517 -5.64722e-15)
(-11.1554 -5.22792 -5.58342e-15)
(-11.2681 -5.12715 -4.42106e-15)
(-11.3875 -5.00593 -4.85026e-15)
(-11.5044 -4.86264 -4.68542e-15)
(-11.5917 -4.69137 -3.08477e-15)
(-11.6472 -4.50278 -7.78194e-15)
(-11.66 -4.29577 -8.49062e-15)
(-11.618 -4.07523 -6.00059e-15)
(-11.5105 -3.84793 -7.13663e-15)
(-11.3275 -3.62217 -6.95556e-15)
(-11.0613 -3.40798 -6.31538e-15)
(-10.7072 -3.2167 -5.57326e-15)
(-10.2652 -3.05998 -4.97591e-15)
(-9.74051 -2.94844 -6.32937e-15)
(-9.14424 -2.89023 -6.7695e-15)
(-8.49248 -2.89021 -5.37743e-15)
(-7.80441 -2.94979 -7.84019e-15)
(-7.10135 -3.06888 -7.5558e-15)
(-6.3964 -3.25486 -8.8154e-15)
(-5.73838 -3.5035 -7.86913e-15)
(-5.07812 -3.77755 -8.75395e-15)
(-4.50109 -4.11605 -8.90728e-15)
(-4.00516 -4.50103 -8.13336e-15)
(-3.60388 -4.92293 -9.17986e-15)
(-3.31136 -5.3823 -7.21434e-15)
(-3.15449 -5.85526 -6.28145e-15)
(-3.15379 -6.34368 -8.39258e-15)
(-3.33006 -6.83332 -9.32389e-15)
(-3.70158 -7.30909 -7.90166e-15)
(-4.28291 -7.75647 -9.20998e-15)
(-5.08431 -8.15875 -6.38874e-15)
(-6.10907 -8.49689 -8.90681e-15)
(-7.34998 -8.75002 -5.03646e-15)
(-8.78533 -8.89682 -6.37998e-15)
(-10.3754 -8.91851 -5.92873e-15)
(-12.0605 -8.80278 -7.36301e-15)
(-13.7674 -8.54387 -6.34502e-15)
(-15.4305 -8.13063 -7.34774e-15)
(-16.9017 -7.5306 -5.32529e-15)
(-18.2608 -6.86314 -2.99472e-15)
(-19.3302 -6.07428 -2.54089e-15)
(-20.088 -5.15488 -2.01591e-15)
(-20.5741 -4.14362 -5.95548e-15)
(-20.7759 -3.06072 -1.5426e-15)
(-20.6948 -1.90448 -8.22734e-15)
(-20.3391 -0.71186 -7.54624e-15)
(-19.7132 0.477154 -7.32771e-15)
(-18.8244 1.60494 -7.98231e-15)
(-17.6882 2.60837 -5.99637e-15)
(-16.3354 3.42853 -6.84525e-15)
(-14.8128 4.02199 -5.1116e-15)
(-13.1794 4.36922 -8.02104e-15)
(-11.499 4.47642 -3.04643e-15)
(-9.83183 4.37136 -6.63919e-15)
(-8.22819 4.09499 -3.45244e-15)
(-6.72469 3.69262 -7.21051e-15)
(-5.34402 3.20704 -6.48272e-15)
(-4.09671 2.67429 -4.07384e-15)
(-2.98382 2.12186 -2.43832e-15)
(-1.99925 1.56842 -4.95094e-15)
(-1.13416 1.02494 -4.61669e-15)
(-0.372496 0.485593 -4.67964e-15)
(0.274361 -0.0326536 -6.08549e-15)
(0.864109 -0.507329 -5.95782e-15)
(1.34898 -0.973797 -6.53823e-15)
(1.75889 -1.41841 -3.61902e-15)
(2.10106 -1.84042 -2.37154e-15)
(2.37809 -2.24175 -6.01375e-15)
(2.5923 -2.6253 -6.81301e-15)
(2.74876 -2.98642 -6.61636e-15)
(2.84397 -3.32735 -4.48602e-15)
(2.88171 -3.64946 -4.22776e-15)
(2.86212 -3.95091 -4.30322e-15)
(2.78545 -4.23081 -4.97322e-15)
(2.65223 -4.48815 -8.40005e-15)
(2.46339 -4.72179 -7.04143e-15)
(2.22048 -4.93062 -5.8957e-15)
(1.92582 -5.11365 -4.32748e-15)
(1.58269 -5.27013 -3.31635e-15)
(1.19544 -5.39971 -6.54166e-15)
(0.769431 -5.50252 -5.75612e-15)
(0.310933 -5.57928 -4.74554e-15)
(-0.17314 -5.63123 -6.60033e-15)
(-0.675581 -5.66002 -9.0913e-15)
(-1.18928 -5.66756 -1.02371e-14)
(-1.70759 -5.65575 -8.52592e-15)
(-2.22464 -5.62627 -8.60158e-15)
(-2.73546 -5.58049 -6.80632e-15)
(-3.23608 -5.51922 -1.05655e-14)
(-3.72349 -5.4428 -1.23683e-14)
(-4.19549 -5.35097 -5.81409e-15)
(-4.65048 -5.243 -9.12191e-15)
(-5.08723 -5.11783 -3.00902e-14)
(-5.50448 -4.97437 -5.61652e-14)
(-5.90092 -4.81163 -1.20124e-13)
(-6.27534 -4.62854 -2.35353e-13)
(-6.62649 -4.42315 -4.52619e-13)
(-6.95564 -4.18807 -8.45583e-13)
(-7.24412 -3.93137 -1.50239e-12)
(-7.5178 -3.66769 -2.52972e-12)
(-7.74825 -3.37471 -4.06055e-12)
(-7.94263 -3.06212 -6.1943e-12)
(-8.09989 -2.73333 -9.02238e-12)
(-8.21691 -2.39201 -1.25276e-11)
(-8.29292 -2.03891 -1.66231e-11)
(-8.32666 -1.67807 -2.10951e-11)
(-8.31783 -1.31306 -2.56124e-11)
)
;
    }
    inlet
    {
        type            calculated;
        value           uniform (0 0 0);
    }
    rWedge
    {
        type            wedge;
    }
    lWedge
    {
        type            wedge;
    }
    outlet
    {
        type            calculated;
        value           nonuniform 0();
    }
    procBoundary1to0
    {
        type            processor;
        value           uniform (0 0 0);
    }
    procBoundary1to2
    {
        type            processor;
        value           uniform (0 0 0);
    }
}


// ************************************************************************* //
