/*--------------------------------*- C++ -*----------------------------------*\
| =========                 |                                                 |
| \\      /  F ield         | OpenFOAM: The Open Source CFD Toolbox           |
|  \\    /   O peration     | Version:  v1706                                 |
|   \\  /    A nd           | Web:      www.OpenFOAM.com                      |
|    \\/     M anipulation  |                                                 |
\*---------------------------------------------------------------------------*/
FoamFile
{
    version     2.0;
    format      ascii;
    class       volVectorField;
    location    "3.3e-05";
    object      wallShearStress;
}
// * * * * * * * * * * * * * * * * * * * * * * * * * * * * * * * * * * * * * //

dimensions      [1 -1 -2 0 0 0 0];


internalField   uniform (0 0 0);

boundaryField
{
    cone
    {
        type            calculated;
        value           nonuniform List<vector> 
181
(
(-6.14414 -2.43744 -3.20831e-15)
(-6.21826 -2.38922 -2.93406e-15)
(-6.27985 -2.33874 -2.66458e-15)
(-6.32801 -2.28688 -3.53054e-15)
(-6.36305 -2.23338 -3.36992e-15)
(-6.38461 -2.18169 -3.56742e-15)
(-6.39302 -2.13194 -3.85573e-15)
(-6.38885 -2.08501 -4.29509e-15)
(-6.37357 -2.04249 -4.31432e-15)
(-6.34914 -2.00555 -3.79341e-15)
(-6.31798 -1.97523 -4.19887e-15)
(-6.28257 -1.95256 -4.05392e-15)
(-6.2461 -1.93789 -4.33929e-15)
(-6.21282 -1.93209 -4.16549e-15)
(-6.18591 -1.9344 -3.95734e-15)
(-6.1715 -1.94456 -3.69348e-15)
(-6.17336 -1.9563 -3.99433e-15)
(-6.18899 -1.97729 -4.04271e-15)
(-6.22586 -2.00214 -4.17203e-15)
(-6.2892 -2.02812 -2.8642e-15)
(-6.38202 -2.05296 -2.44953e-15)
(-6.50656 -2.07356 -2.62593e-15)
(-6.66444 -2.08624 -3.08488e-15)
(-6.85632 -2.08692 -2.74732e-15)
(-7.08152 -2.07114 -2.97395e-15)
(-7.33742 -2.03421 -2.76639e-15)
(-7.619 -1.97138 -3.13834e-15)
(-7.91827 -1.87824 -3.30444e-15)
(-8.22373 -1.75124 -3.84507e-15)
(-8.52011 -1.58845 -4.316e-15)
(-8.78851 -1.3903 -3.82811e-15)
(-9.00614 -1.15728 -3.15994e-15)
(-9.16122 -0.88012 -3.59338e-15)
(-9.22764 -0.59235 -3.79613e-15)
(-9.18135 -0.290893 -2.08389e-15)
(-8.99985 0.00137604 -2.27551e-15)
(-8.67626 0.26788 -1.40715e-15)
(-8.21848 0.50334 -2.25186e-15)
(-7.64196 0.699025 -2.4895e-15)
(-6.96876 0.848788 -3.13036e-15)
(-6.23527 0.957655 -2.24824e-15)
(-5.47676 1.02864 -2.17953e-15)
(-4.71568 1.05681 -1.9671e-15)
(-3.97596 1.05107 -3.0617e-15)
(-3.2753 1.01964 -3.33543e-15)
(-2.62427 0.967894 -2.57269e-15)
(-2.02958 0.9029 -2.66766e-15)
(-1.49304 0.828953 -1.93315e-15)
(-1.01391 0.749853 -2.33522e-15)
(-0.589695 0.66858 -1.74148e-15)
(-0.217095 0.587245 -1.35129e-15)
(0.107941 0.506644 -1.59447e-15)
(0.39044 0.427063 -2.19098e-15)
(0.63496 0.349521 -2.42745e-15)
(0.845995 0.275924 -2.78699e-15)
(1.02266 0.19906 -2.66289e-15)
(1.18247 0.133854 -1.8248e-15)
(1.31348 0.0709373 -1.85329e-15)
(1.4207 0.00864546 -1.85149e-15)
(1.50912 -0.0505946 -2.18951e-15)
(1.5811 -0.106636 -2.44616e-15)
(1.63851 -0.159764 -2.36901e-15)
(1.68302 -0.21013 -2.34611e-15)
(1.71603 -0.258647 -2.15217e-15)
(1.74027 -0.304747 -2.39036e-15)
(1.75558 -0.347718 -2.02806e-15)
(1.76354 -0.388909 -2.16672e-15)
(1.76515 -0.42814 -2.88905e-15)
(1.76125 -0.465234 -2.00904e-15)
(1.75256 -0.50023 -2.27056e-15)
(1.73972 -0.533166 -2.90817e-15)
(1.72323 -0.564065 -2.552e-15)
(1.70353 -0.59294 -2.56508e-15)
(1.68093 -0.619799 -2.27846e-15)
(1.65568 -0.644643 -2.18801e-15)
(1.62796 -0.667466 -1.81517e-15)
(1.5979 -0.68826 -1.98146e-15)
(1.56558 -0.707014 -1.97903e-15)
(1.53109 -0.723715 -1.65158e-15)
(1.49451 -0.738349 -2.7771e-15)
(1.4559 -0.750904 -3.10442e-15)
(1.41537 -0.761371 -2.34947e-15)
(1.37303 -0.769745 -2.53417e-15)
(1.32905 -0.776027 -2.59989e-15)
(1.2836 -0.780225 -2.44145e-15)
(1.23692 -0.782353 -2.26323e-15)
(1.18923 -0.782432 -1.99636e-15)
(1.14084 -0.780496 -2.49987e-15)
(1.09201 -0.776579 -2.67822e-15)
(1.04308 -0.770727 -2.3081e-15)
(0.994368 -0.762987 -3.21818e-15)
(0.946188 -0.753405 -3.25113e-15)
(0.898866 -0.74203 -3.55238e-15)
(0.852706 -0.728898 -3.22826e-15)
(0.808 -0.714043 -3.55773e-15)
(0.765017 -0.697482 -3.37572e-15)
(0.723994 -0.679216 -3.07887e-15)
(0.685141 -0.659228 -3.20525e-15)
(0.64863 -0.637478 -2.38267e-15)
(0.614598 -0.613905 -1.92108e-15)
(0.583139 -0.588423 -2.59782e-15)
(0.554313 -0.560926 -2.77966e-15)
(0.528141 -0.531296 -2.24333e-15)
(0.504617 -0.499407 -2.31805e-15)
(0.483719 -0.465064 -1.42019e-15)
(0.465206 -0.427828 -2.09686e-15)
(0.449308 -0.388436 -1.11621e-15)
(0.435842 -0.346221 -1.65501e-15)
(0.424756 -0.301198 -1.66943e-15)
(0.416071 -0.253518 -1.92236e-15)
(0.409818 -0.203347 -1.76258e-15)
(0.406065 -0.150947 -1.90391e-15)
(0.404922 -0.0967665 -1.4567e-15)
(0.406707 -0.0411202 -8.29103e-16)
(0.411232 0.014969 -9.751e-16)
(0.4193 0.0713445 -1.08755e-15)
(0.430345 0.126663 -2.35501e-15)
(0.445288 0.180418 -1.33754e-15)
(0.464139 0.23143 -3.39331e-15)
(0.487017 0.278824 -3.28922e-15)
(0.514102 0.321604 -3.2765e-15)
(0.545641 0.35787 -3.55997e-15)
(0.580442 0.387369 -2.91913e-15)
(0.619981 0.412439 -3.34695e-15)
(0.663488 0.429329 -2.87382e-15)
(0.710109 0.437406 -3.94165e-15)
(0.759295 0.437288 -2.07353e-15)
(0.810519 0.429347 -3.64037e-15)
(0.863065 0.413838 -2.3338e-15)
(0.91607 0.391188 -4.20216e-15)
(0.96861 0.362029 -4.02797e-15)
(1.01974 0.327136 -2.715e-15)
(1.06851 0.287387 -1.89059e-15)
(1.114 0.243725 -3.18226e-15)
(1.15531 0.197125 -2.98171e-15)
(1.19165 0.148584 -3.25557e-15)
(1.22219 0.0989916 -3.89185e-15)
(1.24636 0.0486371 -3.93784e-15)
(1.26366 -0.000283145 -4.26857e-15)
(1.27394 -0.048302 -2.69594e-15)
(1.27637 -0.0945264 -1.93912e-15)
(1.2709 -0.138439 -3.69653e-15)
(1.25741 -0.179549 -3.93296e-15)
(1.23579 -0.217503 -3.75993e-15)
(1.20608 -0.252022 -2.65412e-15)
(1.16838 -0.282894 -2.63861e-15)
(1.1229 -0.309967 -2.59601e-15)
(1.06992 -0.333136 -2.90363e-15)
(1.00979 -0.352334 -4.39799e-15)
(0.942941 -0.367527 -3.60342e-15)
(0.869894 -0.378704 -2.84284e-15)
(0.791231 -0.385873 -1.85444e-15)
(0.707622 -0.389066 -1.18764e-15)
(0.619826 -0.38834 -2.15387e-15)
(0.528696 -0.383787 -1.13058e-15)
(0.43519 -0.375546 -1.49832e-16)
(0.340377 -0.36381 1.12315e-16)
(0.245456 -0.348832 5.00211e-16)
(0.151762 -0.330906 1.71497e-15)
(0.060756 -0.310345 3.44566e-15)
(-0.0260577 -0.287542 2.6142e-15)
(-0.107189 -0.263161 -4.18411e-15)
(-0.181125 -0.238188 -2.63704e-14)
(-0.246423 -0.21377 -7.59422e-14)
(-0.301968 -0.190988 -1.75667e-13)
(-0.346684 -0.170322 -3.67669e-13)
(-0.378271 -0.1539 -7.23227e-13)
(-0.397152 -0.142461 -1.3247e-12)
(-0.409393 -0.135003 -2.20349e-12)
(-0.41171 -0.130119 -3.61067e-12)
(-0.403794 -0.130394 -5.72438e-12)
(-0.38641 -0.135648 -8.7176e-12)
(-0.36177 -0.145258 -1.26247e-11)
(-0.331505 -0.158776 -1.7465e-11)
(-0.297042 -0.175653 -2.31164e-11)
(-0.259804 -0.195264 -2.92856e-11)
(-0.221132 -0.217021 -3.55077e-11)
(-0.182617 -0.240354 -4.12109e-11)
(-0.144897 -0.26409 -4.57285e-11)
(-0.108645 -0.287414 -4.85484e-11)
(-0.0750827 -0.311097 -4.92715e-11)
)
;
    }
    inlet
    {
        type            calculated;
        value           uniform (0 0 0);
    }
    rWedge
    {
        type            wedge;
    }
    lWedge
    {
        type            wedge;
    }
    outlet
    {
        type            calculated;
        value           nonuniform 0();
    }
    procBoundary1to0
    {
        type            processor;
        value           uniform (0 0 0);
    }
    procBoundary1to2
    {
        type            processor;
        value           uniform (0 0 0);
    }
}


// ************************************************************************* //
