/*--------------------------------*- C++ -*----------------------------------*\
| =========                 |                                                 |
| \\      /  F ield         | OpenFOAM: The Open Source CFD Toolbox           |
|  \\    /   O peration     | Version:  v1706                                 |
|   \\  /    A nd           | Web:      www.OpenFOAM.com                      |
|    \\/     M anipulation  |                                                 |
\*---------------------------------------------------------------------------*/
FoamFile
{
    version     2.0;
    format      ascii;
    class       volVectorField;
    location    "3.6e-05";
    object      wallShearStress;
}
// * * * * * * * * * * * * * * * * * * * * * * * * * * * * * * * * * * * * * //

dimensions      [1 -1 -2 0 0 0 0];


internalField   uniform (0 0 0);

boundaryField
{
    cone
    {
        type            calculated;
        value           nonuniform List<vector> 
119
(
(-0.605197 -0.104958 -4.01842e-11)
(-0.654123 -0.0728787 -3.84482e-11)
(-0.686732 -0.0422392 -3.53295e-11)
(-0.705937 -0.0150321 -3.11808e-11)
(-0.712983 0.00749159 -2.64883e-11)
(-0.708341 0.0250824 -2.15502e-11)
(-0.691845 0.0366829 -1.68172e-11)
(-0.664874 0.0419043 -1.25964e-11)
(-0.629579 0.0411784 -9.05789e-12)
(-0.588166 0.0351852 -6.25087e-12)
(-0.542751 0.024742 -4.13689e-12)
(-0.495342 0.0107832 -2.62321e-12)
(-0.447772 -0.00569707 -1.58942e-12)
(-0.401611 -0.0237242 -9.1907e-13)
(-0.358108 -0.0424113 -5.05115e-13)
(-0.318168 -0.0610086 -2.63924e-13)
(-0.282389 -0.0789467 -1.26832e-13)
(-0.250878 -0.0960371 -5.65302e-14)
(-0.224582 -0.111599 -2.23348e-14)
(-0.20164 -0.124561 -8.96685e-15)
(-0.183246 -0.136367 -4.31374e-15)
(-0.168358 -0.146775 -1.59949e-15)
(-0.156345 -0.155706 -1.90394e-15)
(-0.146681 -0.163435 5.84708e-16)
(-0.138798 -0.170243 9.14502e-16)
(-0.132153 -0.176405 -1.9084e-16)
(-0.126255 -0.182188 -1.09774e-15)
(-0.120683 -0.187835 -2.23337e-15)
(-0.115088 -0.193557 -1.99073e-15)
(-0.109193 -0.199531 -6.78131e-16)
(-0.102788 -0.205896 -1.33416e-15)
(-0.0957224 -0.212762 -2.60537e-15)
(-0.0878932 -0.220207 2.22992e-16)
(-0.0792383 -0.228289 -1.39291e-15)
(-0.0697241 -0.237051 1.54126e-16)
(-0.0593391 -0.246524 4.39874e-16)
(-0.0480859 -0.256735 1.57611e-15)
(-0.0359783 -0.267711 1.28765e-16)
(-0.0230383 -0.279474 1.4983e-16)
(-0.00929536 -0.292051 -1.89588e-16)
(0.00521243 -0.305463 -2.58631e-15)
(0.0204379 -0.319729 -1.32711e-15)
(0.036323 -0.334863 -1.73652e-15)
(0.0527973 -0.35087 -3.00659e-15)
(0.0697785 -0.367745 -2.49533e-15)
(0.08717 -0.385469 -3.76359e-15)
(0.104863 -0.404012 -5.51767e-16)
(0.122739 -0.423326 2.46198e-15)
(0.140666 -0.443351 -5.24346e-16)
(0.158509 -0.464012 -2.46588e-16)
(0.176126 -0.485224 -6.39179e-16)
(0.193375 -0.506888 -1.27929e-15)
(0.210115 -0.528901 -1.01271e-15)
(0.226215 -0.551154 -6.02226e-16)
(0.241549 -0.57354 -2.8988e-15)
(0.256005 -0.595952 1.14807e-18)
(0.26949 -0.618293 4.92357e-16)
(0.281926 -0.640472 -1.82534e-15)
(0.29326 -0.662425 -2.48068e-15)
(0.303457 -0.684082 -1.75298e-15)
(0.312452 -0.705387 -1.02773e-15)
(0.32033 -0.726273 -3.76768e-16)
(0.327077 -0.746801 -4.23299e-16)
(0.332709 -0.766916 -1.25582e-15)
(0.3373 -0.786638 -1.20032e-15)
(0.340913 -0.805978 -2.22018e-15)
(0.343619 -0.824952 -1.60388e-15)
(0.345494 -0.843576 -2.53676e-15)
(0.346621 -0.861863 -2.50411e-15)
(0.347084 -0.879816 -2.47251e-15)
(0.346969 -0.897429 -1.96282e-15)
(0.346362 -0.914683 -2.21638e-15)
(0.34535 -0.93155 -2.33346e-15)
(0.344024 -0.947985 -9.40882e-16)
(0.342472 -0.963938 -1.42528e-15)
(0.340783 -0.979347 -4.5356e-16)
(0.339035 -0.994156 -6.1529e-16)
(0.337303 -1.00831 -1.46658e-15)
(0.335641 -1.02178 -1.92013e-16)
(0.334084 -1.03454 -2.24192e-15)
(0.332637 -1.04659 1.59381e-16)
(0.331279 -1.05796 -7.80098e-17)
(0.329951 -1.06869 -1.25064e-15)
(0.328564 -1.07887 -9.01001e-16)
(0.326972 -1.08859 -5.60505e-16)
(0.324949 -1.09804 1.37812e-15)
(0.322137 -1.10751 7.9579e-17)
(0.317996 -1.11739 -2.34625e-15)
(0.311776 -1.12827 -1.32665e-15)
(0.302562 -1.14077 -1.30179e-15)
(0.289412 -1.15544 -1.41518e-15)
(0.271602 -1.17255 -1.75037e-15)
(0.248904 -1.19186 -3.1786e-15)
(0.22176 -1.21258 -1.6727e-15)
(0.191277 -1.23347 -1.63288e-15)
(0.159 -1.25316 -2.65032e-15)
(0.126543 -1.27048 -4.58096e-15)
(0.0951993 -1.28475 1.19816e-16)
(0.0656576 -1.29594 -2.03156e-16)
(0.037892 -1.30457 2.68354e-15)
(0.0112436 -1.31158 1.85278e-15)
(-0.0153636 -1.31803 -7.84413e-16)
(-0.0431615 -1.32489 1.77748e-16)
(-0.073301 -1.3329 7.30587e-16)
(-0.106709 -1.34253 -4.33069e-15)
(-0.144065 -1.35405 -2.42286e-15)
(-0.18583 -1.36756 -3.80414e-15)
(-0.232248 -1.38309 -3.64291e-15)
(-0.283313 -1.4005 -3.21253e-15)
(-0.338748 -1.41945 -1.90237e-15)
(-0.398028 -1.43913 -1.35996e-15)
(-0.460349 -1.45836 -2.32291e-15)
(-0.524671 -1.47764 8.19899e-16)
(-0.590081 -1.49653 -2.32594e-15)
(-0.656382 -1.51494 1.71482e-16)
(-0.726874 -1.53382 -2.26271e-15)
(-0.812341 -1.55454 -2.34465e-15)
(-0.875727 -1.58261 1.287e-16)
(-1.01859 -1.6188 -1.49923e-15)
)
;
    }
    inlet
    {
        type            calculated;
        value           uniform (0 0 0);
    }
    rWedge
    {
        type            wedge;
    }
    lWedge
    {
        type            wedge;
    }
    outlet
    {
        type            calculated;
        value           uniform (0 0 0);
    }
    procBoundary0to1
    {
        type            processor;
        value           uniform (0 0 0);
    }
    procBoundary0to2
    {
        type            processor;
        value           uniform (0 0 0);
    }
}


// ************************************************************************* //
