/*--------------------------------*- C++ -*----------------------------------*\
| =========                 |                                                 |
| \\      /  F ield         | OpenFOAM: The Open Source CFD Toolbox           |
|  \\    /   O peration     | Version:  v1706                                 |
|   \\  /    A nd           | Web:      www.OpenFOAM.com                      |
|    \\/     M anipulation  |                                                 |
\*---------------------------------------------------------------------------*/
FoamFile
{
    version     2.0;
    format      ascii;
    class       volVectorField;
    location    "1.2e-05";
    object      wallShearStress;
}
// * * * * * * * * * * * * * * * * * * * * * * * * * * * * * * * * * * * * * //

dimensions      [1 -1 -2 0 0 0 0];


internalField   uniform (0 0 0);

boundaryField
{
    cone
    {
        type            calculated;
        value           nonuniform List<vector> 
147
(
(4.18703 -5.01208 -2.01347e-12)
(4.28938 -7.63018 -2.67972e-12)
(4.20998 -10.6186 -4.39936e-12)
(4.09192 -13.527 -5.37382e-12)
(3.91658 -16.5317 -6.47539e-12)
(3.71112 -19.4725 -7.33375e-12)
(3.46073 -22.4601 -8.11116e-12)
(3.18027 -25.4057 -8.80013e-12)
(2.85895 -28.3708 -9.44472e-12)
(2.50619 -31.3088 -9.69184e-12)
(2.11531 -34.2502 -1.02256e-11)
(1.69182 -37.1726 -1.04847e-11)
(1.23211 -40.0896 -1.07156e-11)
(0.739203 -42.991 -1.07381e-11)
(0.211416 -45.8821 -1.07419e-11)
(-0.349704 -48.7584 -1.0658e-11)
(-0.944751 -51.6215 -1.05859e-11)
(-1.57289 -54.4692 -1.05495e-11)
(-2.23417 -57.3017 -1.0382e-11)
(-2.92807 -60.1177 -1.02054e-11)
(-3.65482 -62.9163 -1.00306e-11)
(-4.41994 -65.6941 -9.81562e-12)
(-5.21108 -68.4544 -9.53695e-12)
(-6.03356 -71.1964 -9.33811e-12)
(-6.88693 -73.9179 -9.02545e-12)
(-7.77101 -76.6185 -8.77181e-12)
(-8.68532 -79.2971 -8.46802e-12)
(-9.62946 -81.953 -8.21957e-12)
(-10.603 -84.5853 -7.93711e-12)
(-11.6055 -87.1934 -7.64267e-12)
(-12.6365 -89.7765 -7.39323e-12)
(-13.6955 -92.3338 -7.10976e-12)
(-14.782 -94.8645 -6.81526e-12)
(-15.8956 -97.368 -6.58752e-12)
(-17.0357 -99.8436 -6.30632e-12)
(-18.2018 -102.29 -6.09392e-12)
(-19.3934 -104.708 -5.86848e-12)
(-20.6101 -107.095 -5.61227e-12)
(-21.8512 -109.45 -5.36044e-12)
(-23.116 -111.775 -5.11272e-12)
(-24.4039 -114.068 -4.89247e-12)
(-25.7145 -116.329 -4.76563e-12)
(-27.0471 -118.557 -4.57888e-12)
(-28.4012 -120.751 -4.35989e-12)
(-29.776 -122.91 -4.15316e-12)
(-31.1711 -125.035 -4.00434e-12)
(-32.5857 -127.125 -3.86014e-12)
(-34.0191 -129.178 -3.70227e-12)
(-35.4708 -131.195 -3.53942e-12)
(-36.9402 -133.176 -3.36236e-12)
(-38.4264 -135.118 -3.24463e-12)
(-39.9288 -137.023 -3.11409e-12)
(-41.4469 -138.89 -2.9911e-12)
(-42.9797 -140.718 -2.86333e-12)
(-44.5268 -142.506 -2.75237e-12)
(-46.0873 -144.256 -2.64095e-12)
(-47.6602 -145.964 -2.54784e-12)
(-49.2453 -147.632 -2.42168e-12)
(-50.8419 -149.26 -2.35099e-12)
(-52.4492 -150.848 -2.24323e-12)
(-54.0664 -152.394 -2.14237e-12)
(-55.6927 -153.898 -2.06831e-12)
(-57.3275 -155.36 -2.02481e-12)
(-58.9699 -156.781 -1.95875e-12)
(-60.6195 -158.159 -1.85867e-12)
(-62.2751 -159.494 -1.77029e-12)
(-63.9362 -160.787 -1.70911e-12)
(-65.6021 -162.036 -1.62021e-12)
(-67.272 -163.243 -1.56654e-12)
(-68.9452 -164.406 -1.47866e-12)
(-70.6208 -165.525 -1.46557e-12)
(-72.2981 -166.601 -1.42996e-12)
(-73.9765 -167.633 -1.39482e-12)
(-75.6552 -168.622 -1.29214e-12)
(-77.3335 -169.566 -1.26818e-12)
(-79.0106 -170.467 -1.19787e-12)
(-80.6856 -171.323 -1.15083e-12)
(-82.3579 -172.136 -1.10632e-12)
(-84.0269 -172.904 -1.06711e-12)
(-85.6917 -173.629 -1.02086e-12)
(-87.3517 -174.309 -9.81558e-13)
(-89.0062 -174.946 -9.55359e-13)
(-90.6542 -175.539 -9.12723e-13)
(-92.2952 -176.088 -8.88852e-13)
(-93.9287 -176.594 -8.29755e-13)
(-95.5538 -177.056 -8.05068e-13)
(-97.1691 -177.474 -7.79166e-13)
(-98.7751 -177.849 -7.58244e-13)
(-100.371 -178.181 -7.23011e-13)
(-101.955 -178.471 -7.14987e-13)
(-103.528 -178.718 -6.81569e-13)
(-105.088 -178.922 -6.51605e-13)
(-106.635 -179.084 -6.16959e-13)
(-108.167 -179.204 -5.917e-13)
(-109.686 -179.282 -5.64419e-13)
(-111.189 -179.319 -5.60412e-13)
(-112.677 -179.315 -5.28863e-13)
(-114.148 -179.27 -5.23457e-13)
(-115.603 -179.184 -5.02214e-13)
(-117.04 -179.058 -4.74273e-13)
(-118.458 -178.892 -4.61661e-13)
(-119.858 -178.687 -4.35847e-13)
(-121.237 -178.442 -4.51886e-13)
(-122.597 -178.159 -4.07524e-13)
(-123.938 -177.838 -3.839e-13)
(-125.257 -177.478 -3.88102e-13)
(-126.555 -177.081 -3.77713e-13)
(-127.831 -176.646 -3.48123e-13)
(-129.086 -176.176 -3.64013e-13)
(-130.317 -175.669 -3.47561e-13)
(-131.524 -175.127 -3.20894e-13)
(-132.707 -174.549 -3.12741e-13)
(-133.868 -173.937 -3.22706e-13)
(-135.003 -173.291 -3.006e-13)
(-136.113 -172.611 -3.00622e-13)
(-137.196 -171.899 -2.75152e-13)
(-138.252 -171.158 -2.7799e-13)
(-139.285 -170.382 -2.45864e-13)
(-140.29 -169.574 -2.2806e-13)
(-141.259 -168.746 -2.32667e-13)
(-142.208 -167.88 -2.21051e-13)
(-143.133 -166.981 -2.14267e-13)
(-144.031 -166.051 -2.16932e-13)
(-144.899 -165.093 -1.99648e-13)
(-145.74 -164.107 -1.80891e-13)
(-146.551 -163.094 -1.89508e-13)
(-147.333 -162.055 -1.76485e-13)
(-148.086 -160.989 -1.64155e-13)
(-148.809 -159.898 -1.52565e-13)
(-149.503 -158.781 -1.39462e-13)
(-150.166 -157.641 -1.45933e-13)
(-150.8 -156.477 -1.26258e-13)
(-151.403 -155.291 -1.27648e-13)
(-151.976 -154.082 -1.112e-13)
(-152.518 -152.851 -1.122e-13)
(-153.029 -151.6 -1.00807e-13)
(-153.51 -150.328 -1.05806e-13)
(-153.959 -149.036 -9.57452e-14)
(-154.378 -147.726 -9.04198e-14)
(-154.765 -146.397 -8.77175e-14)
(-155.122 -145.05 -8.94821e-14)
(-155.448 -143.687 -8.54562e-14)
(-155.744 -142.309 -8.33277e-14)
(-156.01 -140.917 -7.99819e-14)
(-156.244 -139.51 -6.82323e-14)
(-156.447 -138.087 -6.85973e-14)
(3.7446 -2.61263 -5.56799e-13)
)
;
    }
    inlet
    {
        type            calculated;
        value           uniform (0 0 0);
    }
    rWedge
    {
        type            wedge;
    }
    lWedge
    {
        type            wedge;
    }
    outlet
    {
        type            calculated;
        value           nonuniform 0();
    }
    procBoundary3to2
    {
        type            processor;
        value           uniform (0 0 0);
    }
}


// ************************************************************************* //
