/*--------------------------------*- C++ -*----------------------------------*\
| =========                 |                                                 |
| \\      /  F ield         | OpenFOAM: The Open Source CFD Toolbox           |
|  \\    /   O peration     | Version:  v1706                                 |
|   \\  /    A nd           | Web:      www.OpenFOAM.com                      |
|    \\/     M anipulation  |                                                 |
\*---------------------------------------------------------------------------*/
FoamFile
{
    version     2.0;
    format      ascii;
    class       volVectorField;
    location    "3.7e-05";
    object      wallShearStress;
}
// * * * * * * * * * * * * * * * * * * * * * * * * * * * * * * * * * * * * * //

dimensions      [1 -1 -2 0 0 0 0];


internalField   uniform (0 0 0);

boundaryField
{
    cone
    {
        type            calculated;
        value           nonuniform List<vector> 
181
(
(-4.3957 -2.10624 -2.43693e-15)
(-4.34804 -2.10027 -2.3055e-15)
(-4.29913 -2.09727 -2.00267e-15)
(-4.24991 -2.0974 -2.72268e-15)
(-4.20133 -2.101 -2.78547e-15)
(-4.15453 -2.10816 -2.93242e-15)
(-4.10867 -2.11673 -3.16287e-15)
(-4.06785 -2.12881 -3.43329e-15)
(-4.03203 -2.14368 -3.59837e-15)
(-4.00166 -2.16134 -3.20758e-15)
(-3.97668 -2.18081 -3.33004e-15)
(-3.95867 -2.20273 -3.40139e-15)
(-3.9476 -2.22679 -3.70268e-15)
(-3.9446 -2.25135 -3.49458e-15)
(-3.95056 -2.27694 -3.44594e-15)
(-3.96599 -2.30266 -3.32919e-15)
(-3.99094 -2.32793 -3.69379e-15)
(-4.02518 -2.35225 -3.63259e-15)
(-4.06833 -2.37513 -3.82518e-15)
(-4.11981 -2.39612 -2.29519e-15)
(-4.17881 -2.41479 -2.05862e-15)
(-4.24436 -2.4308 -2.51115e-15)
(-4.31532 -2.44386 -3.03321e-15)
(-4.3904 -2.45377 -3.01187e-15)
(-4.46824 -2.46044 -3.36724e-15)
(-4.54743 -2.46386 -3.05252e-15)
(-4.62656 -2.46416 -3.4406e-15)
(-4.70434 -2.46159 -3.60783e-15)
(-4.77961 -2.45649 -4.12516e-15)
(-4.85153 -2.44928 -4.36456e-15)
(-4.91958 -2.4404 -3.8715e-15)
(-4.9837 -2.43027 -3.02906e-15)
(-5.04412 -2.41978 -3.65425e-15)
(-5.10157 -2.40963 -4.19036e-15)
(-5.15783 -2.40072 -2.33032e-15)
(-5.21432 -2.39178 -2.76365e-15)
(-5.27346 -2.38408 -1.62679e-15)
(-5.33761 -2.37787 -2.89671e-15)
(-5.40936 -2.37314 -3.27203e-15)
(-5.49142 -2.3698 -4.01401e-15)
(-5.58653 -2.36763 -2.51696e-15)
(-5.69733 -2.36628 -2.41742e-15)
(-5.82632 -2.36517 -2.34105e-15)
(-5.97575 -2.36349 -4.18913e-15)
(-6.14754 -2.36014 -4.61337e-15)
(-6.34313 -2.35362 -3.5225e-15)
(-6.56336 -2.342 -3.71659e-15)
(-6.80823 -2.32284 -2.38651e-15)
(-7.07663 -2.29315 -3.32293e-15)
(-7.36598 -2.24941 -2.32498e-15)
(-7.67175 -2.18767 -1.71374e-15)
(-7.98693 -2.10373 -1.98577e-15)
(-8.30153 -1.99355 -2.87158e-15)
(-8.6022 -1.85391 -3.24855e-15)
(-8.87201 -1.68311 -3.86445e-15)
(-9.09063 -1.48 -3.71654e-15)
(-9.24862 -1.2335 -2.12654e-15)
(-9.31679 -0.969131 -2.09074e-15)
(-9.27945 -0.684914 -1.97723e-15)
(-9.11199 -0.390685 -2.41116e-15)
(-8.81084 -0.0985065 -2.61661e-15)
(-8.38292 0.178748 -2.36385e-15)
(-7.84304 0.420207 -2.28428e-15)
(-7.21549 0.620565 -2.00666e-15)
(-6.53245 0.783676 -2.39134e-15)
(-5.82402 0.909735 -1.99525e-15)
(-5.11634 1.00156 -2.22167e-15)
(-4.42893 1.06064 -3.20769e-15)
(-3.78504 1.09947 -2.04105e-15)
(-3.19137 1.11564 -2.27199e-15)
(-2.65079 1.11185 -2.90423e-15)
(-2.16457 1.0935 -2.47194e-15)
(-1.73156 1.0647 -2.43039e-15)
(-1.34901 1.02855 -2.10658e-15)
(-1.01324 0.987539 -1.98198e-15)
(-0.720219 0.943585 -1.55951e-15)
(-0.46575 0.898068 -1.63156e-15)
(-0.245658 0.851887 -1.64369e-15)
(-0.0558283 0.805586 -1.24272e-15)
(0.10769 0.759555 -2.28827e-15)
(0.248505 0.714138 -2.45721e-15)
(0.369815 0.669545 -1.79203e-15)
(0.474549 0.625804 -1.95418e-15)
(0.565169 0.582904 -1.98483e-15)
(0.643136 0.539555 -1.87842e-15)
(0.712478 0.498199 -1.75167e-15)
(0.773271 0.458694 -1.54614e-15)
(0.82616 0.418045 -1.96481e-15)
(0.873667 0.377441 -2.0543e-15)
(0.91676 0.337055 -1.77434e-15)
(0.956156 0.296692 -2.46874e-15)
(0.992465 0.256268 -2.46283e-15)
(1.02616 0.215766 -2.70939e-15)
(1.05758 0.175209 -2.44979e-15)
(1.08696 0.134648 -2.74624e-15)
(1.11442 0.0941636 -2.6469e-15)
(1.14005 0.0538595 -2.38457e-15)
(1.16387 0.0138571 -2.46648e-15)
(1.18588 -0.025709 -1.71585e-15)
(1.20606 -0.0647162 -1.38548e-15)
(1.22442 -0.103015 -1.99026e-15)
(1.24089 -0.140317 -2.11978e-15)
(1.25542 -0.176683 -1.57196e-15)
(1.26818 -0.21178 -1.74752e-15)
(1.27919 -0.245647 -1.01718e-15)
(1.28838 -0.278028 -1.63133e-15)
(1.29587 -0.308835 -8.2849e-16)
(1.30176 -0.337947 -1.25275e-15)
(1.30614 -0.365253 -1.30942e-15)
(1.30912 -0.39065 -1.55372e-15)
(1.31082 -0.414042 -1.33073e-15)
(1.31135 -0.435343 -1.58947e-15)
(1.31084 -0.454479 -1.18979e-15)
(1.30944 -0.471386 -6.69293e-16)
(1.30728 -0.486011 -8.02976e-16)
(1.30451 -0.498317 -9.02216e-16)
(1.30127 -0.508278 -2.03042e-15)
(1.29772 -0.515889 -1.03895e-15)
(1.29399 -0.521158 -2.90427e-15)
(1.29025 -0.52411 -2.89991e-15)
(1.28663 -0.524808 -2.81697e-15)
(1.28329 -0.523364 -3.01874e-15)
(1.28036 -0.519859 -2.4636e-15)
(1.27784 -0.514161 -2.79678e-15)
(1.27603 -0.506918 -2.37068e-15)
(1.27493 -0.497934 -3.43949e-15)
(1.27463 -0.487418 -1.73648e-15)
(1.27523 -0.47558 -3.16628e-15)
(1.27675 -0.462623 -1.9694e-15)
(1.27924 -0.448754 -3.75238e-15)
(1.28268 -0.434182 -3.57974e-15)
(1.28705 -0.419117 -2.49666e-15)
(1.2923 -0.403761 -1.80045e-15)
(1.29835 -0.388305 -3.05317e-15)
(1.30508 -0.372919 -2.86669e-15)
(1.31234 -0.357758 -3.05927e-15)
(1.31995 -0.342944 -3.65237e-15)
(1.32773 -0.328573 -3.68532e-15)
(1.33544 -0.314709 -4.02534e-15)
(1.34284 -0.301382 -2.58276e-15)
(1.34968 -0.288594 -1.87676e-15)
(1.35568 -0.276313 -3.47449e-15)
(1.36057 -0.264484 -3.66843e-15)
(1.36407 -0.253027 -3.51705e-15)
(1.36592 -0.241842 -2.49405e-15)
(1.36586 -0.230808 -2.44698e-15)
(1.36358 -0.219803 -2.42122e-15)
(1.35902 -0.208999 -2.76732e-15)
(1.35181 -0.197783 -4.10188e-15)
(1.34204 -0.186528 -3.35444e-15)
(1.32948 -0.175067 -2.61415e-15)
(1.31405 -0.163396 -1.6811e-15)
(1.29573 -0.151583 -9.72355e-16)
(1.27457 -0.139742 -1.8269e-15)
(1.25062 -0.128035 -1.00259e-15)
(1.224 -0.116677 -4.10514e-16)
(1.19482 -0.105929 -6.66513e-16)
(1.16326 -0.0960945 -1.66133e-15)
(1.1295 -0.0875106 -3.24735e-15)
(1.0937 -0.0805324 -6.4511e-15)
(1.05605 -0.0755172 -1.57884e-14)
(1.01669 -0.0728082 -3.5746e-14)
(0.97574 -0.0727096 -7.69069e-14)
(0.933247 -0.075468 -1.50161e-13)
(0.889218 -0.0812507 -2.76481e-13)
(0.843578 -0.0901224 -4.93253e-13)
(0.79619 -0.102033 -8.46394e-13)
(0.746839 -0.1168 -1.38933e-12)
(0.695249 -0.134104 -2.20155e-12)
(0.641089 -0.153488 -3.36407e-12)
(0.583997 -0.174361 -4.9687e-12)
(0.523599 -0.196018 -7.0968e-12)
(0.459543 -0.217661 -9.80066e-12)
(0.391532 -0.238425 -1.30836e-11)
(0.319359 -0.257419 -1.68826e-11)
(0.24297 -0.27374 -2.10528e-11)
(0.16252 -0.286453 -2.53628e-11)
(0.0784218 -0.294548 -2.95023e-11)
(-0.00870618 -0.297042 -3.3116e-11)
(-0.0980917 -0.293276 -3.58539e-11)
(-0.188683 -0.283037 -3.74197e-11)
)
;
    }
    inlet
    {
        type            calculated;
        value           uniform (0 0 0);
    }
    rWedge
    {
        type            wedge;
    }
    lWedge
    {
        type            wedge;
    }
    outlet
    {
        type            calculated;
        value           nonuniform 0();
    }
    procBoundary1to0
    {
        type            processor;
        value           uniform (0 0 0);
    }
    procBoundary1to2
    {
        type            processor;
        value           uniform (0 0 0);
    }
}


// ************************************************************************* //
