/*--------------------------------*- C++ -*----------------------------------*\
| =========                 |                                                 |
| \\      /  F ield         | OpenFOAM: The Open Source CFD Toolbox           |
|  \\    /   O peration     | Version:  v1706                                 |
|   \\  /    A nd           | Web:      www.OpenFOAM.com                      |
|    \\/     M anipulation  |                                                 |
\*---------------------------------------------------------------------------*/
FoamFile
{
    version     2.0;
    format      ascii;
    class       volVectorField;
    location    "1.7e-05";
    object      wallShearStress;
}
// * * * * * * * * * * * * * * * * * * * * * * * * * * * * * * * * * * * * * //

dimensions      [1 -1 -2 0 0 0 0];


internalField   uniform (0 0 0);

boundaryField
{
    cone
    {
        type            calculated;
        value           nonuniform List<vector> 
119
(
(-13.4785 6.48576 -8.54829e-11)
(-14.1385 7.69775 -4.80791e-11)
(-14.858 9.07235 -2.42438e-11)
(-15.6366 10.6184 -1.07536e-11)
(-16.4711 12.3395 -3.96473e-12)
(-17.3553 14.2328 -9.70474e-13)
(-18.2791 16.2866 1.25071e-13)
(-19.2283 18.4785 3.9234e-13)
(-20.1841 20.7726 3.59114e-13)
(-21.124 23.1165 2.54133e-13)
(-22.025 25.4388 1.58829e-13)
(-22.8699 27.7353 9.1428e-14)
(-23.6054 29.9245 5.10301e-14)
(-24.2011 31.9403 2.68953e-14)
(-24.628 33.7199 1.3499e-14)
(-24.8678 35.2111 4.97935e-15)
(-24.8679 36.2914 2.29121e-15)
(-24.6818 37.007 4.75819e-17)
(-24.3161 37.357 -9.36751e-16)
(-23.7788 37.3428 -2.22041e-15)
(-23.0859 36.9812 -2.76371e-15)
(-22.2577 36.3002 -2.09883e-15)
(-21.3166 35.3354 -1.90207e-15)
(-20.2861 34.1271 -5.77912e-16)
(-19.189 32.7176 -1.18103e-16)
(-18.0467 31.1491 -3.2278e-16)
(-16.8785 29.4617 -4.46041e-16)
(-15.6995 27.6895 -5.31646e-16)
(-14.5186 25.847 -3.45574e-16)
(-13.3654 23.9942 7.34489e-17)
(-12.246 22.1489 -5.2461e-17)
(-11.1744 20.3424 -1.89482e-16)
(-10.1571 18.5954 3.57246e-16)
(-9.19736 16.9231 9.76929e-17)
(-8.29205 15.3252 4.16821e-16)
(-7.4444 13.8125 5.484e-16)
(-6.65567 12.3917 7.88751e-16)
(-5.92602 11.0666 5.0057e-16)
(-5.25481 9.83891 4.68795e-16)
(-4.64073 8.70885 4.28669e-16)
(-4.08188 7.67492 5.12245e-17)
(-3.5759 6.73449 2.34189e-16)
(-3.12009 5.8839 2.37298e-16)
(-2.71147 5.11873 1.06425e-17)
(-2.34678 4.43371 4.95507e-17)
(-2.02315 3.82429 -9.40334e-17)
(-1.73695 3.28407 4.21911e-16)
(-1.48504 2.80766 8.43166e-16)
(-1.26427 2.38942 4.37556e-16)
(-1.07159 2.02386 4.7208e-16)
(-0.904115 1.7057 4.70177e-16)
(-0.759114 1.42992 4.18759e-16)
(-0.634052 1.19183 4.21238e-16)
(-0.526592 0.987065 4.29516e-16)
(-0.434589 0.81162 9.94121e-17)
(-0.356099 0.661842 4.90756e-16)
(-0.289367 0.534421 5.06086e-16)
(-0.232823 0.426391 2.05419e-16)
(-0.185068 0.335104 1.01416e-16)
(-0.144863 0.258212 1.91545e-16)
(-0.111122 0.193649 3.84292e-16)
(-0.0828897 0.139602 3.58808e-16)
(-0.0593374 0.094492 2.45917e-16)
(-0.039746 0.0569478 1.26668e-16)
(-0.0234946 0.0257866 1.48879e-16)
(-0.0100593 1.66929e-05 4.80593e-17)
(0.00103148 -0.0212578 1.39364e-16)
(0.0101625 -0.0387947 -2.00856e-17)
(0.0176544 -0.0531968 -2.64056e-17)
(0.0237867 -0.0649968 -1.64633e-17)
(0.0287936 -0.0746426 6.94516e-17)
(0.0328716 -0.0825096 1.01129e-16)
(0.0361846 -0.0889118 1.43343e-16)
(0.0388695 -0.0941108 2.99114e-16)
(0.0410394 -0.0983228 2.29215e-16)
(0.0427887 -0.101732 3.78225e-16)
(0.0441939 -0.104483 3.45285e-16)
(0.0453188 -0.106695 2.47198e-16)
(0.0462154 -0.108477 3.67624e-16)
(0.0469253 -0.109908 1.11458e-16)
(0.0474822 -0.111057 4.57166e-16)
(0.0479118 -0.111982 4.0159e-16)
(0.048231 -0.112727 3.05137e-16)
(0.0484532 -0.113336 3.81013e-16)
(0.0485843 -0.113844 3.99698e-16)
(0.048621 -0.114282 6.04997e-16)
(0.0485436 -0.114678 4.30613e-16)
(0.0483279 -0.115079 5.73196e-17)
(0.0479955 -0.115498 1.20737e-16)
(0.0474826 -0.116007 7.89691e-17)
(0.0467485 -0.116625 9.50931e-17)
(0.0457493 -0.1174 8.45734e-17)
(0.0444512 -0.11837 -1.07355e-16)
(0.0428194 -0.119568 8.3321e-17)
(0.0408325 -0.12102 1.9697e-16)
(0.0384853 -0.122734 1.47985e-17)
(0.0357936 -0.124695 -1.80442e-16)
(0.0327941 -0.126864 4.22337e-16)
(0.0295432 -0.129178 5.36282e-16)
(0.0261117 -0.131555 8.19143e-16)
(0.0225773 -0.133901 6.79346e-16)
(0.0190162 -0.136122 3.07096e-16)
(0.0154941 -0.138132 3.65291e-16)
(0.012059 -0.139864 3.16086e-16)
(0.00873463 -0.141274 -2.71991e-16)
(0.00551779 -0.142342 -8.08967e-17)
(0.00237628 -0.143072 -2.71947e-16)
(-0.000751472 -0.143488 -3.27703e-16)
(-0.00395631 -0.143625 -9.04178e-17)
(-0.00736079 -0.143516 2.83586e-17)
(-0.0111344 -0.14316 1.10717e-16)
(-0.0155012 -0.142557 -1.32126e-17)
(-0.020667 -0.141999 3.30053e-16)
(-0.0267541 -0.142265 -7.65546e-17)
(-0.0336886 -0.142714 3.25844e-16)
(-0.0422128 -0.14215 6.48667e-17)
(-0.0550723 -0.138769 1.65661e-16)
(-0.0790638 -0.144321 3.82846e-16)
(-0.0732311 -0.163705 2.05934e-16)
)
;
    }
    inlet
    {
        type            calculated;
        value           uniform (0 0 0);
    }
    rWedge
    {
        type            wedge;
    }
    lWedge
    {
        type            wedge;
    }
    outlet
    {
        type            calculated;
        value           uniform (0 0 0);
    }
    procBoundary0to1
    {
        type            processor;
        value           uniform (0 0 0);
    }
    procBoundary0to2
    {
        type            processor;
        value           uniform (0 0 0);
    }
}


// ************************************************************************* //
