/*--------------------------------*- C++ -*----------------------------------*\
| =========                 |                                                 |
| \\      /  F ield         | OpenFOAM: The Open Source CFD Toolbox           |
|  \\    /   O peration     | Version:  v1706                                 |
|   \\  /    A nd           | Web:      www.OpenFOAM.com                      |
|    \\/     M anipulation  |                                                 |
\*---------------------------------------------------------------------------*/
FoamFile
{
    version     2.0;
    format      ascii;
    class       volVectorField;
    location    "3.2e-05";
    object      wallShearStress;
}
// * * * * * * * * * * * * * * * * * * * * * * * * * * * * * * * * * * * * * //

dimensions      [1 -1 -2 0 0 0 0];


internalField   uniform (0 0 0);

boundaryField
{
    cone
    {
        type            calculated;
        value           nonuniform List<vector> 
147
(
(-0.508989 -0.523483 -1.0137e-13)
(-0.519773 -0.82699 -1.33671e-13)
(-0.530977 -1.14919 -3.06662e-13)
(-0.54748 -1.46987 -3.79509e-13)
(-0.567443 -1.79323 -4.74879e-13)
(-0.591103 -2.11679 -5.49921e-13)
(-0.618389 -2.44058 -6.32581e-13)
(-0.649258 -2.76416 -7.05067e-13)
(-0.684023 -3.08761 -7.82566e-13)
(-0.721489 -3.41311 -8.27629e-13)
(-0.76196 -3.73967 -8.94794e-13)
(-0.806947 -4.06462 -9.49731e-13)
(-0.856368 -4.38729 -9.91121e-13)
(-0.909756 -4.70803 -1.01793e-12)
(-0.966869 -5.02718 -1.04647e-12)
(-1.02765 -5.34489 -1.06925e-12)
(-1.09208 -5.66116 -1.09367e-12)
(-1.16015 -5.97596 -1.10812e-12)
(-1.23184 -6.28922 -1.12351e-12)
(-1.30711 -6.60088 -1.14142e-12)
(-1.38593 -6.91088 -1.14661e-12)
(-1.46829 -7.21915 -1.14942e-12)
(-1.55414 -7.5256 -1.14357e-12)
(-1.64345 -7.83018 -1.14186e-12)
(-1.73619 -8.1328 -1.12957e-12)
(-1.83232 -8.43339 -1.12082e-12)
(-1.93181 -8.73188 -1.10692e-12)
(-2.0346 -9.02818 -1.0995e-12)
(-2.14068 -9.32223 -1.08302e-12)
(-2.24998 -9.61396 -1.06536e-12)
(-2.36247 -9.90328 -1.05079e-12)
(-2.4781 -10.1901 -1.03091e-12)
(-2.59684 -10.4744 -1.01021e-12)
(-2.71863 -10.7561 -9.92861e-13)
(-2.84342 -11.0351 -9.71987e-13)
(-2.97117 -11.3113 -9.54894e-13)
(-3.10182 -11.5848 -9.35448e-13)
(-3.23534 -11.8553 -9.11258e-13)
(-3.37166 -12.1229 -8.87573e-13)
(-3.51073 -12.3875 -8.63369e-13)
(-3.6525 -12.6489 -8.43539e-13)
(-3.79692 -12.9073 -8.30529e-13)
(-3.94393 -13.1624 -8.11245e-13)
(-4.09347 -13.4143 -7.84399e-13)
(-4.2455 -13.6629 -7.64757e-13)
(-4.39994 -13.9081 -7.45432e-13)
(-4.55675 -14.1499 -7.29008e-13)
(-4.71586 -14.3881 -7.08102e-13)
(-4.87721 -14.6229 -6.87745e-13)
(-5.04075 -14.854 -6.6451e-13)
(-5.20641 -15.0816 -6.48055e-13)
(-5.37412 -15.3054 -6.29903e-13)
(-5.54383 -15.5255 -6.14846e-13)
(-5.71547 -15.7418 -5.95283e-13)
(-5.88897 -15.9542 -5.78302e-13)
(-6.06427 -16.1628 -5.63528e-13)
(-6.2413 -16.3675 -5.48538e-13)
(-6.42001 -16.5682 -5.29302e-13)
(-6.6003 -16.7649 -5.17528e-13)
(-6.78212 -16.9575 -5.00402e-13)
(-6.9654 -17.1461 -4.85769e-13)
(-7.15007 -17.3306 -4.74867e-13)
(-7.33606 -17.5109 -4.6531e-13)
(-7.52329 -17.687 -4.54026e-13)
(-7.71169 -17.8589 -4.39125e-13)
(-7.9012 -18.0265 -4.24978e-13)
(-8.09173 -18.1898 -4.12839e-13)
(-8.28321 -18.3489 -3.98348e-13)
(-8.47558 -18.5036 -3.8807e-13)
(-8.66875 -18.6539 -3.74705e-13)
(-8.86266 -18.7999 -3.70729e-13)
(-9.05721 -18.9414 -3.61964e-13)
(-9.25235 -19.0785 -3.53675e-13)
(-9.448 -19.2112 -3.37275e-13)
(-9.64407 -19.3394 -3.29288e-13)
(-9.84052 -19.4631 -3.16928e-13)
(-10.0372 -19.5824 -3.07136e-13)
(-10.2341 -19.6971 -2.97972e-13)
(-10.4312 -19.8073 -2.90617e-13)
(-10.6283 -19.913 -2.80738e-13)
(-10.8254 -20.0141 -2.73913e-13)
(-11.0223 -20.1107 -2.6786e-13)
(-11.2191 -20.2028 -2.59045e-13)
(-11.4157 -20.2903 -2.53468e-13)
(-11.6119 -20.3733 -2.42979e-13)
(-11.8078 -20.4517 -2.37371e-13)
(-12.0031 -20.5255 -2.30043e-13)
(-12.1979 -20.5948 -2.25454e-13)
(-12.3921 -20.6596 -2.18718e-13)
(-12.5856 -20.7198 -2.14067e-13)
(-12.7783 -20.7755 -2.07232e-13)
(-12.9701 -20.8266 -2.01237e-13)
(-13.1611 -20.8732 -1.94356e-13)
(-13.351 -20.9153 -1.87403e-13)
(-13.5398 -20.9529 -1.81714e-13)
(-13.7275 -20.9861 -1.78538e-13)
(-13.914 -21.0147 -1.73156e-13)
(-14.0992 -21.0389 -1.70006e-13)
(-14.283 -21.0586 -1.6479e-13)
(-14.4653 -21.0739 -1.59068e-13)
(-14.6462 -21.0848 -1.55706e-13)
(-14.8254 -21.0913 -1.50168e-13)
(-15.0029 -21.0934 -1.48157e-13)
(-15.1787 -21.0912 -1.41725e-13)
(-15.3527 -21.0846 -1.37069e-13)
(-15.5248 -21.0738 -1.35513e-13)
(-15.6949 -21.0586 -1.32213e-13)
(-15.863 -21.0392 -1.27243e-13)
(-16.029 -21.0155 -1.26679e-13)
(-16.1927 -20.9876 -1.222e-13)
(-16.3542 -20.9556 -1.17396e-13)
(-16.5134 -20.9194 -1.14575e-13)
(-16.6701 -20.879 -1.13277e-13)
(-16.8244 -20.8346 -1.08536e-13)
(-16.9761 -20.786 -1.06541e-13)
(-17.1252 -20.7335 -1.02039e-13)
(-17.2716 -20.6769 -9.98048e-14)
(-17.4152 -20.6164 -9.43841e-14)
(-17.5559 -20.5519 -9.06986e-14)
(-17.6938 -20.4835 -8.92567e-14)
(-17.8286 -20.4113 -8.68735e-14)
(-17.9604 -20.3352 -8.46577e-14)
(-18.089 -20.2553 -8.321e-14)
(-18.2144 -20.1717 -8.0019e-14)
(-18.3365 -20.0844 -7.63503e-14)
(-18.4552 -19.9933 -7.52075e-14)
(-18.5705 -19.8987 -7.20855e-14)
(-18.6823 -19.8004 -6.95068e-14)
(-18.7905 -19.6985 -6.6806e-14)
(-18.895 -19.5932 -6.39733e-14)
(-18.9957 -19.4843 -6.2992e-14)
(-19.0927 -19.372 -6.00129e-14)
(-19.1857 -19.2564 -5.85393e-14)
(-19.2747 -19.1373 -5.51843e-14)
(-19.3596 -19.0149 -5.38458e-14)
(-19.4404 -18.8893 -5.22665e-14)
(-19.517 -18.7604 -5.12929e-14)
(-19.5892 -18.6284 -4.95703e-14)
(-19.6571 -18.4932 -4.81366e-14)
(-19.7205 -18.3548 -4.71897e-14)
(-19.7794 -18.2135 -4.62883e-14)
(-19.8336 -18.0693 -4.51684e-14)
(-19.8828 -17.9222 -4.39215e-14)
(-19.9271 -17.7721 -4.25639e-14)
(-19.9662 -17.619 -4.04319e-14)
(-20.0004 -17.4629 -3.91692e-14)
(-0.54283 -0.231676 1.8811e-15)
)
;
    }
    inlet
    {
        type            calculated;
        value           uniform (0 0 0);
    }
    rWedge
    {
        type            wedge;
    }
    lWedge
    {
        type            wedge;
    }
    outlet
    {
        type            calculated;
        value           nonuniform 0();
    }
    procBoundary3to2
    {
        type            processor;
        value           uniform (0 0 0);
    }
}


// ************************************************************************* //
