/*--------------------------------*- C++ -*----------------------------------*\
| =========                 |                                                 |
| \\      /  F ield         | OpenFOAM: The Open Source CFD Toolbox           |
|  \\    /   O peration     | Version:  v1706                                 |
|   \\  /    A nd           | Web:      www.OpenFOAM.com                      |
|    \\/     M anipulation  |                                                 |
\*---------------------------------------------------------------------------*/
FoamFile
{
    version     2.0;
    format      ascii;
    class       volVectorField;
    location    "3.5e-05";
    object      wallShearStress;
}
// * * * * * * * * * * * * * * * * * * * * * * * * * * * * * * * * * * * * * //

dimensions      [1 -1 -2 0 0 0 0];


internalField   uniform (0 0 0);

boundaryField
{
    cone
    {
        type            calculated;
        value           nonuniform List<vector> 
147
(
(-0.643002 -1.97024 -1.07859e-12)
(-0.663481 -3.00934 -1.42058e-12)
(-0.717138 -4.21935 -2.32728e-12)
(-0.76906 -5.37088 -2.83016e-12)
(-0.842158 -6.57124 -3.38114e-12)
(-0.924719 -7.74555 -3.8214e-12)
(-1.02362 -8.93537 -4.24892e-12)
(-1.13465 -10.1148 -4.61201e-12)
(-1.26029 -11.2968 -4.98253e-12)
(-1.39909 -12.4736 -5.20565e-12)
(-1.55178 -13.6484 -5.43911e-12)
(-1.71792 -14.8191 -5.61733e-12)
(-1.89765 -15.9862 -5.75272e-12)
(-2.0908 -17.149 -5.81746e-12)
(-2.29736 -18.3075 -5.8379e-12)
(-2.51722 -19.4612 -5.81532e-12)
(-2.7503 -20.61 -5.80577e-12)
(-2.99652 -21.7534 -5.79605e-12)
(-3.25578 -22.8914 -5.74614e-12)
(-3.52797 -24.0234 -5.67374e-12)
(-3.813 -25.1493 -5.5818e-12)
(-4.11073 -26.2687 -5.44619e-12)
(-4.42106 -27.3814 -5.32707e-12)
(-4.74386 -28.487 -5.22523e-12)
(-5.07899 -29.5852 -5.06983e-12)
(-5.42633 -30.6757 -4.92917e-12)
(-5.78573 -31.7582 -4.77743e-12)
(-6.15703 -32.8324 -4.63703e-12)
(-6.5401 -33.8979 -4.47684e-12)
(-6.93481 -34.9546 -4.32859e-12)
(-7.34168 -36.0017 -4.18496e-12)
(-7.76067 -37.0387 -4.04155e-12)
(-8.18949 -38.0666 -3.88299e-12)
(-8.62912 -39.0846 -3.7516e-12)
(-9.07949 -40.0923 -3.60452e-12)
(-9.54041 -41.0895 -3.48178e-12)
(-10.0117 -42.0758 -3.34496e-12)
(-10.4932 -43.0511 -3.20586e-12)
(-10.9847 -44.015 -3.07281e-12)
(-11.486 -44.9673 -2.9409e-12)
(-11.9968 -45.9078 -2.82858e-12)
(-12.5171 -46.8362 -2.7479e-12)
(-13.0466 -47.7522 -2.63816e-12)
(-13.5854 -48.6551 -2.51932e-12)
(-14.1327 -49.5458 -2.41392e-12)
(-14.6883 -50.4237 -2.32468e-12)
(-15.2523 -51.2885 -2.24393e-12)
(-15.8243 -52.1399 -2.15302e-12)
(-16.4041 -52.9778 -2.06285e-12)
(-16.9918 -53.802 -1.96812e-12)
(-17.5868 -54.6124 -1.89977e-12)
(-18.1888 -55.4085 -1.82431e-12)
(-18.798 -56.1905 -1.75727e-12)
(-19.4133 -56.9585 -1.68022e-12)
(-20.0339 -57.7123 -1.61556e-12)
(-20.658 -58.4523 -1.55261e-12)
(-21.2856 -59.179 -1.50085e-12)
(-21.9238 -59.8878 -1.43203e-12)
(-22.5689 -60.58 -1.39249e-12)
(-23.2192 -61.2567 -1.33322e-12)
(-23.8741 -61.9181 -1.27934e-12)
(-24.5336 -62.5641 -1.23554e-12)
(-25.1975 -63.1943 -1.2039e-12)
(-25.8654 -63.8089 -1.16356e-12)
(-26.5372 -64.4076 -1.11064e-12)
(-27.2126 -64.9904 -1.06278e-12)
(-27.8912 -65.5573 -1.02478e-12)
(-28.5729 -66.1079 -9.79656e-13)
(-29.2574 -66.6424 -9.47584e-13)
(-29.9443 -67.1606 -9.07215e-13)
(-30.6336 -67.6625 -8.94705e-13)
(-31.3247 -68.1479 -8.6729e-13)
(-32.0176 -68.6169 -8.42913e-13)
(-32.712 -69.0694 -7.95006e-13)
(-33.4075 -69.5053 -7.75967e-13)
(-34.104 -69.9247 -7.40889e-13)
(-34.8011 -70.3274 -7.12509e-13)
(-35.4986 -70.7136 -6.87093e-13)
(-36.1962 -71.0831 -6.67417e-13)
(-36.8935 -71.4358 -6.41503e-13)
(-37.5905 -71.7718 -6.18518e-13)
(-38.2869 -72.0911 -6.04276e-13)
(-38.9823 -72.3938 -5.82427e-13)
(-39.6765 -72.6798 -5.68793e-13)
(-40.3694 -72.9492 -5.39029e-13)
(-41.0604 -73.202 -5.28327e-13)
(-41.7496 -73.4382 -5.09315e-13)
(-42.4365 -73.6578 -4.9796e-13)
(-43.121 -73.8609 -4.80949e-13)
(-43.8029 -74.0476 -4.71893e-13)
(-44.4814 -74.2177 -4.54122e-13)
(-45.157 -74.3714 -4.39935e-13)
(-45.8292 -74.5089 -4.22534e-13)
(-46.4976 -74.6303 -4.06975e-13)
(-47.1621 -74.7356 -3.90772e-13)
(-47.8225 -74.8248 -3.86144e-13)
(-48.4784 -74.898 -3.69979e-13)
(-49.1299 -74.9553 -3.66262e-13)
(-49.7761 -74.9965 -3.54182e-13)
(-50.4174 -75.022 -3.40982e-13)
(-51.0534 -75.0323 -3.32252e-13)
(-51.6837 -75.0271 -3.19623e-13)
(-52.3084 -75.0064 -3.20476e-13)
(-52.9271 -74.9706 -3.00658e-13)
(-53.5396 -74.9195 -2.8934e-13)
(-54.1457 -74.8534 -2.8888e-13)
(-54.7452 -74.7725 -2.80373e-13)
(-55.3381 -74.6768 -2.67571e-13)
(-55.9238 -74.5663 -2.70316e-13)
(-56.5024 -74.4414 -2.59767e-13)
(-57.0737 -74.3025 -2.47022e-13)
(-57.6374 -74.1496 -2.42824e-13)
(-58.1934 -73.9827 -2.43114e-13)
(-58.7416 -73.8021 -2.31407e-13)
(-59.2818 -73.6078 -2.28191e-13)
(-59.8138 -73.4 -2.16258e-13)
(-60.3373 -73.1789 -2.16714e-13)
(-60.8524 -72.9447 -2.02855e-13)
(-61.3589 -72.6977 -1.93157e-13)
(-61.8565 -72.4379 -1.92834e-13)
(-62.3452 -72.1655 -1.86009e-13)
(-62.8247 -71.8808 -1.82422e-13)
(-63.2951 -71.584 -1.83406e-13)
(-63.7561 -71.2753 -1.74919e-13)
(-64.2076 -70.9547 -1.66035e-13)
(-64.6495 -70.6227 -1.67451e-13)
(-65.0817 -70.2793 -1.60024e-13)
(-65.5041 -69.9248 -1.53361e-13)
(-65.9165 -69.5594 -1.49172e-13)
(-66.3189 -69.1832 -1.42952e-13)
(-66.7112 -68.7967 -1.42692e-13)
(-67.0933 -68.3998 -1.34623e-13)
(-67.4651 -67.9929 -1.33775e-13)
(-67.8265 -67.5761 -1.25617e-13)
(-68.1774 -67.1498 -1.24414e-13)
(-68.5179 -66.714 -1.18565e-13)
(-68.8477 -66.2692 -1.1944e-13)
(-69.1669 -65.8153 -1.14121e-13)
(-69.4755 -65.3528 -1.10878e-13)
(-69.7735 -64.8818 -1.08911e-13)
(-70.0613 -64.4027 -1.08721e-13)
(-70.3388 -63.9161 -1.06604e-13)
(-70.6059 -63.4225 -1.04354e-13)
(-70.8622 -62.922 -1.01654e-13)
(-71.1064 -62.4144 -9.65734e-14)
(-71.3393 -61.8984 -9.53367e-14)
(-0.701785 -0.959585 -3.43894e-13)
)
;
    }
    inlet
    {
        type            calculated;
        value           uniform (0 0 0);
    }
    rWedge
    {
        type            wedge;
    }
    lWedge
    {
        type            wedge;
    }
    outlet
    {
        type            calculated;
        value           nonuniform 0();
    }
    procBoundary3to2
    {
        type            processor;
        value           uniform (0 0 0);
    }
}


// ************************************************************************* //
