/*--------------------------------*- C++ -*----------------------------------*\
| =========                 |                                                 |
| \\      /  F ield         | OpenFOAM: The Open Source CFD Toolbox           |
|  \\    /   O peration     | Version:  v1706                                 |
|   \\  /    A nd           | Web:      www.OpenFOAM.com                      |
|    \\/     M anipulation  |                                                 |
\*---------------------------------------------------------------------------*/
FoamFile
{
    version     2.0;
    format      ascii;
    class       volVectorField;
    location    "3.5e-05";
    object      wallShearStress;
}
// * * * * * * * * * * * * * * * * * * * * * * * * * * * * * * * * * * * * * //

dimensions      [1 -1 -2 0 0 0 0];


internalField   uniform (0 0 0);

boundaryField
{
    cone
    {
        type            calculated;
        value           nonuniform List<vector> 
119
(
(-0.626728 0.00662069 -4.24732e-11)
(-0.606791 0.0117489 -4.01547e-11)
(-0.577771 0.0110363 -3.63969e-11)
(-0.541775 0.00509114 -3.16355e-11)
(-0.500772 -0.00538235 -2.63694e-11)
(-0.456653 -0.0195745 -2.10749e-11)
(-0.411206 -0.0365964 -1.61519e-11)
(-0.366023 -0.0555487 -1.18682e-11)
(-0.322432 -0.0755909 -8.35959e-12)
(-0.281434 -0.0960147 -5.64103e-12)
(-0.243688 -0.116326 -3.64356e-12)
(-0.210228 -0.13615 -2.24632e-12)
(-0.180227 -0.154216 -1.32354e-12)
(-0.154248 -0.170645 -7.38003e-13)
(-0.132328 -0.186259 -3.89286e-13)
(-0.113745 -0.200444 -1.93756e-13)
(-0.0981158 -0.213308 -8.64887e-14)
(-0.0849803 -0.225057 -3.47621e-14)
(-0.0738404 -0.235902 -1.13012e-14)
(-0.0642112 -0.246067 -3.775e-15)
(-0.0556435 -0.255773 -2.19719e-15)
(-0.0477388 -0.265227 -8.60808e-16)
(-0.0401574 -0.274612 -1.71385e-15)
(-0.0326196 -0.284082 6.29138e-16)
(-0.0249039 -0.293765 8.95337e-16)
(-0.0168411 -0.303761 -1.86204e-16)
(-0.00830591 -0.314149 -1.15129e-15)
(0.000788263 -0.32499 -2.2924e-15)
(0.0104993 -0.336329 -2.0081e-15)
(0.0208623 -0.348206 -7.80701e-16)
(0.0318939 -0.360653 -1.56787e-15)
(0.0435976 -0.373702 -2.7472e-15)
(0.0559648 -0.38738 1.39264e-16)
(0.0689761 -0.401714 -1.54409e-15)
(0.0826025 -0.416728 2.27442e-16)
(0.0968024 -0.43244 4.35704e-16)
(0.111524 -0.448866 1.6535e-15)
(0.126701 -0.466008 1.36706e-16)
(0.142256 -0.483861 2.03429e-16)
(0.158099 -0.502407 -2.88775e-16)
(0.174127 -0.521617 -2.75681e-15)
(0.190227 -0.541445 -1.47231e-15)
(0.206279 -0.561833 -1.88531e-15)
(0.222153 -0.582711 -3.13377e-15)
(0.237721 -0.603996 -2.54942e-15)
(0.25285 -0.625597 -3.88184e-15)
(0.267412 -0.647414 -5.3544e-16)
(0.281288 -0.669344 2.58523e-15)
(0.294367 -0.691282 -5.08249e-16)
(0.306555 -0.713112 -2.42219e-16)
(0.317737 -0.734802 -6.02314e-16)
(0.327892 -0.756163 -1.32102e-15)
(0.336993 -0.777178 -9.96806e-16)
(0.344934 -0.797759 -5.36905e-16)
(0.351751 -0.817874 -2.87518e-15)
(0.357452 -0.837489 1.49344e-17)
(0.362058 -0.856589 5.04358e-16)
(0.365605 -0.875172 -1.85642e-15)
(0.368137 -0.893255 -2.5652e-15)
(0.369705 -0.910865 -1.85728e-15)
(0.370364 -0.928039 -1.09145e-15)
(0.370162 -0.944818 -4.04256e-16)
(0.369149 -0.961248 -3.99439e-16)
(0.367369 -0.977373 -1.24845e-15)
(0.364854 -0.993232 -1.24878e-15)
(0.361637 -1.00886 -2.37431e-15)
(0.357738 -1.02427 -1.71199e-15)
(0.353178 -1.03949 -2.64945e-15)
(0.347972 -1.0545 -2.63051e-15)
(0.342142 -1.0693 -2.6245e-15)
(0.335707 -1.08385 -2.07441e-15)
(0.328697 -1.09812 -2.34076e-15)
(0.321152 -1.11206 -2.46878e-15)
(0.313127 -1.1256 -9.8093e-16)
(0.304683 -1.13869 -1.59615e-15)
(0.295905 -1.15124 -4.96863e-16)
(0.286877 -1.16317 -7.02876e-16)
(0.277703 -1.17442 -1.61503e-15)
(0.268478 -1.18493 -1.85199e-16)
(0.259295 -1.19463 -2.32047e-15)
(0.250225 -1.20351 1.43259e-16)
(0.241318 -1.21156 -4.8532e-17)
(0.232583 -1.21881 -1.26311e-15)
(0.223993 -1.22531 -9.12888e-16)
(0.21548 -1.23113 -5.69068e-16)
(0.206931 -1.23639 1.35999e-15)
(0.198167 -1.24123 1.05105e-16)
(0.188912 -1.24587 -2.49305e-15)
(0.178725 -1.25067 -1.42226e-15)
(0.16694 -1.25615 -1.36174e-15)
(0.152632 -1.263 -1.51403e-15)
(0.134689 -1.27199 -1.81096e-15)
(0.112031 -1.28375 -3.41763e-15)
(0.0839388 -1.29846 -1.67041e-15)
(0.0504079 -1.31564 -1.61081e-15)
(0.0123165 -1.33416 -2.74842e-15)
(-0.0286937 -1.35243 -4.78466e-15)
(-0.070594 -1.36883 1.89829e-16)
(-0.111503 -1.38204 -2.175e-16)
(-0.150215 -1.39081 2.8358e-15)
(-0.186109 -1.39594 1.96355e-15)
(-0.219796 -1.39871 -8.70953e-16)
(-0.252401 -1.40041 1.39965e-16)
(-0.285373 -1.40229 7.74927e-16)
(-0.320117 -1.40532 -4.47075e-15)
(-0.357779 -1.41015 -2.44669e-15)
(-0.399177 -1.4171 -3.91746e-15)
(-0.444813 -1.4263 -3.67699e-15)
(-0.494889 -1.43776 -3.19833e-15)
(-0.549343 -1.45136 -1.89991e-15)
(-0.607777 -1.46686 -1.42389e-15)
(-0.669431 -1.48378 -2.37696e-15)
(-0.733241 -1.50147 8.85292e-16)
(-0.797785 -1.51941 -2.35342e-15)
(-0.862394 -1.53757 3.25262e-16)
(-0.931317 -1.55555 -2.21817e-15)
(-1.01308 -1.57267 -2.50587e-15)
(-1.06883 -1.5956 4.86198e-17)
(-1.19381 -1.63154 -1.3525e-15)
)
;
    }
    inlet
    {
        type            calculated;
        value           uniform (0 0 0);
    }
    rWedge
    {
        type            wedge;
    }
    lWedge
    {
        type            wedge;
    }
    outlet
    {
        type            calculated;
        value           uniform (0 0 0);
    }
    procBoundary0to1
    {
        type            processor;
        value           uniform (0 0 0);
    }
    procBoundary0to2
    {
        type            processor;
        value           uniform (0 0 0);
    }
}


// ************************************************************************* //
