/*--------------------------------*- C++ -*----------------------------------*\
| =========                 |                                                 |
| \\      /  F ield         | OpenFOAM: The Open Source CFD Toolbox           |
|  \\    /   O peration     | Version:  v1706                                 |
|   \\  /    A nd           | Web:      www.OpenFOAM.com                      |
|    \\/     M anipulation  |                                                 |
\*---------------------------------------------------------------------------*/
FoamFile
{
    version     2.0;
    format      ascii;
    class       volVectorField;
    location    "3.8e-05";
    object      wallShearStress;
}
// * * * * * * * * * * * * * * * * * * * * * * * * * * * * * * * * * * * * * //

dimensions      [1 -1 -2 0 0 0 0];


internalField   uniform (0 0 0);

boundaryField
{
    cone
    {
        type            calculated;
        value           nonuniform List<vector> 
119
(
(0.0655172 -0.254858 -3.49046e-11)
(-0.0170037 -0.261109 -3.41228e-11)
(-0.100763 -0.263852 -3.21814e-11)
(-0.1854 -0.262397 -2.92664e-11)
(-0.27021 -0.256206 -2.5655e-11)
(-0.354121 -0.24491 -2.16664e-11)
(-0.43565 -0.228446 -1.76268e-11)
(-0.513047 -0.20735 -1.38055e-11)
(-0.583994 -0.183233 -1.04152e-11)
(-0.644809 -0.153989 -7.51319e-12)
(-0.701442 -0.124622 -5.28884e-12)
(-0.749438 -0.0937539 -3.53046e-12)
(-0.782989 -0.0620578 -2.26807e-12)
(-0.805378 -0.0320035 -1.40489e-12)
(-0.815812 -0.00475028 -8.31554e-13)
(-0.814536 0.018746 -4.69857e-13)
(-0.801203 0.0373985 -2.49339e-13)
(-0.776528 0.0500157 -1.25848e-13)
(-0.742272 0.0564067 -5.95051e-14)
(-0.700584 0.0568653 -2.75775e-14)
(-0.653699 0.051982 -1.29426e-14)
(-0.603814 0.0425732 -5.29607e-15)
(-0.553009 0.0296212 -3.31463e-15)
(-0.503156 0.0141956 1.83919e-16)
(-0.455834 -0.0026359 8.90312e-16)
(-0.412272 -0.0198835 -1.21933e-16)
(-0.373332 -0.0366963 -1.02333e-15)
(-0.339495 -0.0524139 -2.15744e-15)
(-0.310983 -0.0665844 -1.93785e-15)
(-0.287658 -0.0791658 -6.45123e-16)
(-0.26963 -0.0892966 -1.30636e-15)
(-0.255632 -0.096331 -2.5998e-15)
(-0.246097 -0.101853 2.41933e-16)
(-0.239764 -0.105443 -1.40929e-15)
(-0.235939 -0.107311 1.35608e-16)
(-0.233971 -0.107814 3.83585e-16)
(-0.233242 -0.107277 1.59389e-15)
(-0.23317 -0.106064 6.17229e-17)
(-0.233223 -0.104523 1.26856e-16)
(-0.232986 -0.102929 -2.83095e-16)
(-0.232132 -0.101522 -2.68843e-15)
(-0.230412 -0.100506 -1.2773e-15)
(-0.227656 -0.100044 -1.73071e-15)
(-0.223758 -0.100253 -3.04636e-15)
(-0.218665 -0.101218 -2.44527e-15)
(-0.212361 -0.102997 -3.70836e-15)
(-0.204855 -0.105633 -5.95792e-16)
(-0.196172 -0.109162 2.35235e-15)
(-0.186342 -0.113616 -6.06816e-16)
(-0.175401 -0.119032 -2.68832e-16)
(-0.163387 -0.125451 -5.61868e-16)
(-0.150344 -0.132917 -1.18541e-15)
(-0.136318 -0.141475 -8.78882e-16)
(-0.121368 -0.151167 -5.13336e-16)
(-0.10556 -0.162029 -2.685e-15)
(-0.0889764 -0.174085 2.59086e-17)
(-0.0717123 -0.187347 4.18393e-16)
(-0.0538779 -0.201806 -1.64653e-15)
(-0.0355971 -0.217438 -2.3555e-15)
(-0.0170045 -0.234198 -1.67741e-15)
(0.00175726 -0.25202 -8.30527e-16)
(0.0205411 -0.270821 -4.23049e-16)
(0.0392012 -0.290497 -5.89309e-16)
(0.0575986 -0.310928 -1.27766e-15)
(0.0756053 -0.331979 -1.24661e-15)
(0.0931116 -0.353505 -2.0675e-15)
(0.11003 -0.375352 -1.55023e-15)
(0.126298 -0.397366 -2.46662e-15)
(0.141885 -0.419393 -2.46864e-15)
(0.156788 -0.441285 -2.39443e-15)
(0.171034 -0.462907 -1.89476e-15)
(0.184677 -0.484138 -2.09341e-15)
(0.197792 -0.504879 -2.16039e-15)
(0.210469 -0.525053 -9.62635e-16)
(0.222804 -0.544613 -1.336e-15)
(0.234893 -0.563539 -4.82447e-16)
(0.246816 -0.58184 -5.9637e-16)
(0.258645 -0.599543 -1.30527e-15)
(0.27039 -0.616751 -1.60117e-16)
(0.282084 -0.63347 -1.96214e-15)
(0.293721 -0.649879 1.48036e-16)
(0.305134 -0.666104 -1.93356e-17)
(0.316151 -0.682347 -1.11196e-15)
(0.326447 -0.698883 -7.07061e-16)
(0.335583 -0.716169 -4.38664e-16)
(0.34294 -0.73464 1.32247e-15)
(0.347711 -0.754607 2.2481e-16)
(0.349348 -0.776529 -2.05194e-15)
(0.347485 -0.800404 -1.10809e-15)
(0.342135 -0.825867 -1.10915e-15)
(0.333754 -0.852207 -1.22744e-15)
(0.323184 -0.878483 -1.54037e-15)
(0.311488 -0.90372 -2.94618e-15)
(0.299707 -0.927129 -1.52052e-15)
(0.288628 -0.94828 -1.55331e-15)
(0.278636 -0.967158 -2.45615e-15)
(0.26965 -0.984133 -4.23542e-15)
(0.261191 -0.999822 8.4202e-17)
(0.252508 -1.01494 -1.33782e-16)
(0.242722 -1.03018 2.50278e-15)
(0.230971 -1.04607 1.78192e-15)
(0.216495 -1.06301 -6.58543e-16)
(0.198675 -1.08125 2.15942e-16)
(0.177048 -1.10088 6.32254e-16)
(0.151303 -1.12191 -3.94334e-15)
(0.121272 -1.14423 -2.20939e-15)
(0.0869272 -1.16765 -3.51222e-15)
(0.0483716 -1.1919 -3.35857e-15)
(0.00581684 -1.21667 -2.83803e-15)
(-0.0404847 -1.24172 -1.69163e-15)
(-0.0903449 -1.26696 -1.2048e-15)
(-0.14375 -1.29246 -2.14255e-15)
(-0.200857 -1.31839 7.36432e-16)
(-0.261808 -1.34469 -2.16574e-15)
(-0.327153 -1.37087 1.45046e-16)
(-0.397066 -1.39674 -2.12253e-15)
(-0.480099 -1.42228 -2.17301e-15)
(-0.548638 -1.45968 1.19033e-16)
(-0.725948 -1.4985 -1.21162e-15)
)
;
    }
    inlet
    {
        type            calculated;
        value           uniform (0 0 0);
    }
    rWedge
    {
        type            wedge;
    }
    lWedge
    {
        type            wedge;
    }
    outlet
    {
        type            calculated;
        value           uniform (0 0 0);
    }
    procBoundary0to1
    {
        type            processor;
        value           uniform (0 0 0);
    }
    procBoundary0to2
    {
        type            processor;
        value           uniform (0 0 0);
    }
}


// ************************************************************************* //
