/*--------------------------------*- C++ -*----------------------------------*\
| =========                 |                                                 |
| \\      /  F ield         | OpenFOAM: The Open Source CFD Toolbox           |
|  \\    /   O peration     | Version:  v1706                                 |
|   \\  /    A nd           | Web:      www.OpenFOAM.com                      |
|    \\/     M anipulation  |                                                 |
\*---------------------------------------------------------------------------*/
FoamFile
{
    version     2.0;
    format      ascii;
    class       volVectorField;
    location    "1.3e-05";
    object      wallShearStress;
}
// * * * * * * * * * * * * * * * * * * * * * * * * * * * * * * * * * * * * * //

dimensions      [1 -1 -2 0 0 0 0];


internalField   uniform (0 0 0);

boundaryField
{
    cone
    {
        type            calculated;
        value           nonuniform List<vector> 
119
(
(-7.88425 -7.51059 -4.72303e-10)
(-8.30344 -7.83236 -3.994e-10)
(-8.8196 -8.11515 -3.06252e-10)
(-9.44599 -8.33804 -2.15e-10)
(-10.1947 -8.47673 -1.39458e-10)
(-11.0755 -8.50361 -8.43473e-11)
(-12.0949 -8.38688 -4.81174e-11)
(-13.2539 -8.09029 -2.62853e-11)
(-14.5408 -7.58093 -1.40673e-11)
(-15.9257 -6.84056 -7.60832e-12)
(-17.3727 -5.85824 -4.30464e-12)
(-18.7721 -4.61595 -2.60648e-12)
(-20.1299 -3.20712 -1.67967e-12)
(-21.325 -1.64567 -1.13377e-12)
(-22.2674 0.00715868 -7.80352e-13)
(-22.8983 1.63124 -5.51229e-13)
(-23.1402 3.1058 -3.62474e-13)
(-22.9412 4.27817 -2.44123e-13)
(-22.2903 5.01174 -1.60568e-13)
(-21.2485 5.25323 -1.18615e-13)
(-19.9379 5.04844 -9.14931e-14)
(-18.5036 4.51136 -6.24672e-14)
(-17.0784 3.78185 -5.28823e-14)
(-15.7612 2.98923 -2.31043e-14)
(-14.6089 2.22932 -1.30405e-14)
(-13.6403 1.55764 -1.37137e-14)
(-12.8469 0.994696 -1.4163e-14)
(-12.2041 0.536715 -2.02824e-14)
(-11.6817 0.166833 -1.66927e-14)
(-11.25 -0.136055 -1.07184e-14)
(-10.8839 -0.391888 -1.34794e-14)
(-10.5637 -0.61704 -2.24467e-14)
(-10.2743 -0.824022 -4.30235e-15)
(-10.0051 -1.02193 -1.71128e-14)
(-9.74868 -1.2171 -6.55756e-15)
(-9.50019 -1.4136 -6.9328e-15)
(-9.25684 -1.61373 2.08033e-16)
(-9.01727 -1.81845 -1.03179e-14)
(-8.78102 -2.02788 -6.84383e-15)
(-8.54814 -2.24166 -5.17767e-15)
(-8.31906 -2.45917 -1.93538e-14)
(-8.09443 -2.67967 -8.58153e-15)
(-7.87503 -2.90233 -1.27451e-14)
(-7.66137 -3.1268 -2.18935e-14)
(-7.45571 -3.35147 -1.64288e-14)
(-7.25754 -3.57411 -2.69238e-14)
(-7.06695 -3.79564 -1.32051e-14)
(-6.88577 -4.01561 7.74206e-15)
(-6.71415 -4.23221 -9.98148e-15)
(-6.55274 -4.44468 -6.46101e-15)
(-6.40201 -4.65223 -6.47263e-15)
(-6.26222 -4.8542 -1.14079e-14)
(-6.13337 -5.05016 -9.91535e-15)
(-6.01533 -5.23981 -6.15995e-15)
(-5.90779 -5.42309 -2.19117e-14)
(-5.81033 -5.60008 -8.0191e-15)
(-5.72242 -5.77104 -2.73016e-15)
(-5.64346 -5.93639 -1.46788e-14)
(-5.57279 -6.09666 -1.93257e-14)
(-5.50985 -6.25245 -1.51938e-14)
(-5.45393 -6.40431 -1.16461e-14)
(-5.40471 -6.55288 -1.12969e-14)
(-5.36158 -6.69857 -9.2603e-15)
(-5.32431 -6.84193 -1.28762e-14)
(-5.29262 -6.98332 -1.02787e-14)
(-5.26631 -7.12307 -1.67359e-14)
(-5.24525 -7.26142 -1.2407e-14)
(-5.22936 -7.39859 -1.79296e-14)
(-5.21859 -7.53471 -1.72755e-14)
(-5.21295 -7.6699 -1.72055e-14)
(-5.21243 -7.80426 -1.34723e-14)
(-5.21705 -7.93785 -1.40288e-14)
(-5.22683 -8.07077 -1.83228e-14)
(-5.24181 -8.20308 -1.09622e-14)
(-5.262 -8.33488 -1.45715e-14)
(-5.28744 -8.46623 -8.23158e-15)
(-5.31815 -8.59723 -8.21303e-15)
(-5.35415 -8.72795 -1.42399e-14)
(-5.39547 -8.85848 -5.99253e-15)
(-5.44214 -8.98888 -2.03329e-14)
(-5.49418 -9.11925 -8.23846e-15)
(-5.55166 -9.24964 -9.63886e-15)
(-5.61465 -9.38013 -1.44944e-14)
(-5.68321 -9.51078 -1.36694e-14)
(-5.75746 -9.64163 -1.34181e-14)
(-5.83747 -9.77273 -6.25582e-17)
(-5.92338 -9.90412 -5.49273e-15)
(-6.01529 -10.0358 -2.14041e-14)
(-6.11332 -10.1679 -1.63018e-14)
(-6.2176 -10.3003 -1.66623e-14)
(-6.32829 -10.4332 -1.44093e-14)
(-6.44556 -10.5666 -1.42055e-14)
(-6.56966 -10.7005 -2.52256e-14)
(-6.70088 -10.8351 -1.21988e-14)
(-6.83957 -10.9706 -1.12349e-14)
(-6.98605 -11.1069 -1.80087e-14)
(-7.14058 -11.2441 -3.55169e-14)
(-7.30312 -11.382 -4.1689e-15)
(-7.47308 -11.5198 -1.07091e-14)
(-7.64884 -11.6561 2.55346e-15)
(-7.82728 -11.7887 -7.71149e-16)
(-8.00347 -11.9141 -1.83545e-14)
(-8.17073 -12.0285 -1.49683e-14)
(-8.32199 -12.1283 -6.95514e-15)
(-8.45078 -12.2113 -3.53489e-14)
(-8.55615 -12.2787 -1.8447e-14)
(-8.64377 -12.3382 -3.06746e-14)
(-8.73577 -12.4047 -3.02867e-14)
(-8.86781 -12.5016 -2.40704e-14)
(-9.08631 -12.6451 -1.92462e-14)
(-9.40018 -12.8238 -1.67481e-14)
(-9.75047 -12.9839 -2.78956e-14)
(-10.0439 -13.0784 -8.23096e-15)
(-10.2354 -13.1185 -2.89054e-14)
(-10.383 -13.1602 -3.99862e-15)
(-10.5916 -13.2791 -2.15429e-14)
(-11.1212 -13.526 -1.50839e-14)
(-11.1083 -13.5818 -9.80971e-15)
(-12.82 -14.2005 -1.39116e-14)
)
;
    }
    inlet
    {
        type            calculated;
        value           uniform (0 0 0);
    }
    rWedge
    {
        type            wedge;
    }
    lWedge
    {
        type            wedge;
    }
    outlet
    {
        type            calculated;
        value           uniform (0 0 0);
    }
    procBoundary0to1
    {
        type            processor;
        value           uniform (0 0 0);
    }
    procBoundary0to2
    {
        type            processor;
        value           uniform (0 0 0);
    }
}


// ************************************************************************* //
