/*--------------------------------*- C++ -*----------------------------------*\
| =========                 |                                                 |
| \\      /  F ield         | OpenFOAM: The Open Source CFD Toolbox           |
|  \\    /   O peration     | Version:  v1706                                 |
|   \\  /    A nd           | Web:      www.OpenFOAM.com                      |
|    \\/     M anipulation  |                                                 |
\*---------------------------------------------------------------------------*/
FoamFile
{
    version     2.0;
    format      ascii;
    class       volVectorField;
    location    "1.5e-05";
    object      wallShearStress;
}
// * * * * * * * * * * * * * * * * * * * * * * * * * * * * * * * * * * * * * //

dimensions      [1 -1 -2 0 0 0 0];


internalField   uniform (0 0 0);

boundaryField
{
    cone
    {
        type            calculated;
        value           nonuniform List<vector> 
147
(
(4.23872 -5.26705 -2.43544e-12)
(4.35867 -8.01945 -3.55326e-12)
(4.2788 -11.1712 -5.62673e-12)
(4.15667 -14.2221 -6.78792e-12)
(3.97177 -17.3908 -7.73954e-12)
(3.75681 -20.4794 -8.72971e-12)
(3.49255 -23.6278 -9.71088e-12)
(3.19804 -26.7249 -1.04391e-11)
(2.85922 -29.8483 -1.11512e-11)
(2.48814 -32.9399 -1.14648e-11)
(2.07617 -36.038 -1.19746e-11)
(1.63028 -39.115 -1.22116e-11)
(1.14584 -42.1877 -1.23234e-11)
(0.626567 -45.244 -1.24011e-11)
(0.0703296 -48.2903 -1.2398e-11)
(-0.521019 -51.3213 -1.22357e-11)
(-1.14826 -54.339 -1.21086e-11)
(-1.81044 -57.341 -1.19943e-11)
(-2.50767 -60.3275 -1.17804e-11)
(-3.23938 -63.2971 -1.15661e-11)
(-4.00542 -66.2492 -1.12795e-11)
(-4.80993 -69.1808 -1.09576e-11)
(-5.64688 -72.0928 -1.06243e-11)
(-6.51465 -74.9862 -1.03359e-11)
(-7.41516 -77.859 -9.9624e-12)
(-8.34813 -80.7103 -9.63819e-12)
(-9.31317 -83.5389 -9.24282e-12)
(-10.3099 -86.3443 -8.94604e-12)
(-11.3377 -89.1255 -8.58868e-12)
(-12.3964 -91.8818 -8.23814e-12)
(-13.4853 -94.6122 -7.93803e-12)
(-14.604 -97.3162 -7.58574e-12)
(-15.752 -99.9929 -7.24589e-12)
(-16.9288 -102.642 -6.98657e-12)
(-18.1339 -105.262 -6.67455e-12)
(-19.3667 -107.852 -6.40432e-12)
(-20.6267 -110.412 -6.14171e-12)
(-21.9134 -112.942 -5.84199e-12)
(-23.2264 -115.438 -5.58037e-12)
(-24.5649 -117.902 -5.31409e-12)
(-25.9281 -120.335 -5.07741e-12)
(-27.3157 -122.734 -4.91217e-12)
(-28.7269 -125.099 -4.70408e-12)
(-30.1611 -127.429 -4.44719e-12)
(-31.6179 -129.725 -4.24516e-12)
(-33.0965 -131.984 -4.07092e-12)
(-34.5962 -134.207 -3.91886e-12)
(-36.1165 -136.393 -3.74487e-12)
(-37.6566 -138.541 -3.57272e-12)
(-39.2158 -140.652 -3.37246e-12)
(-40.7936 -142.724 -3.24805e-12)
(-42.3892 -144.757 -3.11591e-12)
(-44.0018 -146.751 -2.98698e-12)
(-45.6309 -148.705 -2.84596e-12)
(-47.2758 -150.618 -2.73148e-12)
(-48.9355 -152.491 -2.60175e-12)
(-50.6095 -154.323 -2.50696e-12)
(-52.2969 -156.113 -2.37079e-12)
(-53.997 -157.861 -2.29603e-12)
(-55.7094 -159.567 -2.17946e-12)
(-57.4333 -161.231 -2.07934e-12)
(-59.1678 -162.852 -1.99988e-12)
(-60.9122 -164.43 -1.95016e-12)
(-62.6657 -165.965 -1.88302e-12)
(-64.4275 -167.456 -1.7842e-12)
(-66.197 -168.903 -1.69471e-12)
(-67.9734 -170.306 -1.63604e-12)
(-69.7559 -171.665 -1.54942e-12)
(-71.5438 -172.979 -1.49931e-12)
(-73.3363 -174.249 -1.40614e-12)
(-75.1325 -175.474 -1.39435e-12)
(-76.9319 -176.654 -1.35876e-12)
(-78.7338 -177.789 -1.32448e-12)
(-80.5372 -178.879 -1.22552e-12)
(-82.3414 -179.924 -1.19864e-12)
(-84.1456 -180.923 -1.13312e-12)
(-85.9491 -181.877 -1.08629e-12)
(-87.7513 -182.785 -1.03778e-12)
(-89.5515 -183.649 -1.00094e-12)
(-91.3486 -184.467 -9.54024e-13)
(-93.1422 -185.24 -9.15419e-13)
(-94.9313 -185.967 -8.91494e-13)
(-96.7153 -186.649 -8.5222e-13)
(-98.4934 -187.286 -8.29773e-13)
(-100.265 -187.878 -7.72547e-13)
(-102.03 -188.425 -7.47036e-13)
(-103.786 -188.927 -7.22803e-13)
(-105.534 -189.384 -7.03872e-13)
(-107.273 -189.797 -6.6739e-13)
(-109.001 -190.166 -6.5992e-13)
(-110.719 -190.49 -6.27673e-13)
(-112.425 -190.771 -6.01283e-13)
(-114.12 -191.008 -5.69877e-13)
(-115.802 -191.202 -5.46416e-13)
(-117.469 -191.351 -5.20137e-13)
(-119.124 -191.459 -5.19505e-13)
(-120.764 -191.524 -4.89831e-13)
(-122.388 -191.547 -4.87193e-13)
(-123.996 -191.527 -4.66677e-13)
(-125.587 -191.466 -4.41493e-13)
(-127.163 -191.363 -4.29823e-13)
(-128.72 -191.22 -4.03972e-13)
(-130.259 -191.035 -4.22473e-13)
(-131.777 -190.81 -3.79444e-13)
(-133.277 -190.546 -3.59548e-13)
(-134.758 -190.242 -3.64707e-13)
(-136.218 -189.9 -3.54708e-13)
(-137.657 -189.519 -3.28356e-13)
(-139.074 -189.099 -3.43681e-13)
(-140.471 -188.642 -3.2835e-13)
(-141.845 -188.148 -3.03418e-13)
(-143.195 -187.617 -2.95658e-13)
(-144.521 -187.05 -3.05111e-13)
(-145.822 -186.45 -2.84997e-13)
(-147.101 -185.814 -2.85936e-13)
(-148.356 -185.143 -2.62221e-13)
(-149.579 -184.443 -2.64355e-13)
(-150.776 -183.712 -2.34604e-13)
(-151.955 -182.941 -2.1825e-13)
(-153.109 -182.136 -2.22738e-13)
(-154.237 -181.298 -2.12538e-13)
(-155.338 -180.429 -2.0568e-13)
(-156.412 -179.529 -2.08217e-13)
(-157.458 -178.599 -1.92546e-13)
(-158.476 -177.639 -1.7567e-13)
(-159.467 -176.651 -1.83981e-13)
(-160.429 -175.634 -1.72201e-13)
(-161.362 -174.59 -1.60592e-13)
(-162.267 -173.518 -1.48963e-13)
(-163.143 -172.42 -1.37401e-13)
(-163.989 -171.297 -1.44975e-13)
(-164.806 -170.147 -1.25676e-13)
(-165.594 -168.974 -1.27445e-13)
(-166.351 -167.776 -1.12253e-13)
(-167.079 -166.555 -1.13635e-13)
(-167.776 -165.311 -1.02071e-13)
(-168.444 -164.045 -1.08145e-13)
(-169.08 -162.758 -9.84894e-14)
(-169.687 -161.45 -9.43465e-14)
(-170.263 -160.122 -9.20917e-14)
(-170.81 -158.774 -9.33789e-14)
(-171.329 -157.41 -9.11769e-14)
(-171.82 -156.032 -8.78516e-14)
(-172.282 -154.639 -8.57788e-14)
(-172.711 -153.228 -7.50247e-14)
(-173.105 -151.798 -7.50644e-14)
(3.77129 -2.72312 -1.52901e-13)
)
;
    }
    inlet
    {
        type            calculated;
        value           uniform (0 0 0);
    }
    rWedge
    {
        type            wedge;
    }
    lWedge
    {
        type            wedge;
    }
    outlet
    {
        type            calculated;
        value           nonuniform 0();
    }
    procBoundary3to2
    {
        type            processor;
        value           uniform (0 0 0);
    }
}


// ************************************************************************* //
