/*--------------------------------*- C++ -*----------------------------------*\
| =========                 |                                                 |
| \\      /  F ield         | OpenFOAM: The Open Source CFD Toolbox           |
|  \\    /   O peration     | Version:  v1706                                 |
|   \\  /    A nd           | Web:      www.OpenFOAM.com                      |
|    \\/     M anipulation  |                                                 |
\*---------------------------------------------------------------------------*/
FoamFile
{
    version     2.0;
    format      ascii;
    class       volVectorField;
    location    "3.5e-05";
    object      wallShearStress;
}
// * * * * * * * * * * * * * * * * * * * * * * * * * * * * * * * * * * * * * //

dimensions      [1 -1 -2 0 0 0 0];


internalField   uniform (0 0 0);

boundaryField
{
    cone
    {
        type            calculated;
        value           nonuniform List<vector> 
181
(
(-4.27243 -2.44993 -2.93847e-15)
(-4.31225 -2.47323 -2.7043e-15)
(-4.3627 -2.49529 -2.47639e-15)
(-4.42341 -2.51553 -3.34923e-15)
(-4.49374 -2.53343 -3.26627e-15)
(-4.57284 -2.54851 -3.44257e-15)
(-4.65963 -2.56033 -3.72776e-15)
(-4.75283 -2.56851 -4.10036e-15)
(-4.851 -2.57274 -3.98274e-15)
(-4.95258 -2.57276 -3.45341e-15)
(-5.05589 -2.56841 -3.94257e-15)
(-5.15929 -2.5596 -3.83732e-15)
(-5.26082 -2.54619 -4.22636e-15)
(-5.35897 -2.52774 -3.79621e-15)
(-5.45154 -2.50545 -3.67953e-15)
(-5.53984 -2.48373 -3.58261e-15)
(-5.61877 -2.45659 -3.98778e-15)
(-5.68951 -2.42673 -3.88672e-15)
(-5.75209 -2.39556 -4.12323e-15)
(-5.80654 -2.36365 -2.5484e-15)
(-5.85333 -2.33166 -2.30611e-15)
(-5.89327 -2.30041 -2.65884e-15)
(-5.92748 -2.2707 -3.15359e-15)
(-5.95762 -2.2432 -3.07059e-15)
(-5.98623 -2.21843 -3.43345e-15)
(-6.01619 -2.19696 -3.15007e-15)
(-6.04987 -2.17942 -3.5696e-15)
(-6.08953 -2.16609 -3.8032e-15)
(-6.13768 -2.15703 -4.32626e-15)
(-6.1971 -2.15209 -4.78086e-15)
(-6.27076 -2.15086 -4.34411e-15)
(-6.36165 -2.15253 -3.44098e-15)
(-6.47263 -2.15581 -3.95275e-15)
(-6.60629 -2.1589 -4.53945e-15)
(-6.76478 -2.15943 -2.77585e-15)
(-6.94962 -2.15439 -3.21576e-15)
(-7.16136 -2.14014 -2.06924e-15)
(-7.39917 -2.11244 -3.00434e-15)
(-7.66037 -2.06657 -3.25135e-15)
(-7.93978 -1.99756 -4.01534e-15)
(-8.22915 -1.9006 -2.74386e-15)
(-8.51657 -1.77167 -2.41844e-15)
(-8.78597 -1.6085 -2.10029e-15)
(-9.01758 -1.41052 -3.57477e-15)
(-9.1963 -1.1686 -3.96225e-15)
(-9.29855 -0.897732 -3.00558e-15)
(-9.30505 -0.607112 -3.17289e-15)
(-9.18782 -0.302323 -1.97679e-15)
(-8.93584 0.00373275 -2.65848e-15)
(-8.5462 0.282903 -1.88945e-15)
(-8.03023 0.526981 -1.33814e-15)
(-7.41122 0.733779 -1.60668e-15)
(-6.71747 0.898945 -2.42201e-15)
(-5.97807 1.021 -2.71224e-15)
(-5.22751 1.10583 -3.24276e-15)
(-4.49687 1.16058 -3.05256e-15)
(-3.79955 1.18069 -1.93989e-15)
(-3.14874 1.17363 -1.96478e-15)
(-2.552 1.14594 -1.95055e-15)
(-2.01257 1.10313 -2.27988e-15)
(-1.53015 1.04936 -2.46875e-15)
(-1.10259 0.988323 -2.2947e-15)
(-0.726454 0.922852 -2.22111e-15)
(-0.397722 0.85504 -1.94855e-15)
(-0.112009 0.78618 -2.16516e-15)
(0.135402 0.717035 -1.8038e-15)
(0.349104 0.648387 -1.95303e-15)
(0.533352 0.58101 -2.60704e-15)
(0.691609 0.516003 -1.74628e-15)
(0.825096 0.449135 -1.98841e-15)
(0.943579 0.388401 -2.57484e-15)
(1.04346 0.331107 -2.18852e-15)
(1.12602 0.273624 -2.15075e-15)
(1.19585 0.217881 -1.86143e-15)
(1.25495 0.164219 -1.72862e-15)
(1.30479 0.11234 -1.35051e-15)
(1.34673 0.0620675 -1.5048e-15)
(1.38196 0.0133051 -1.49028e-15)
(1.41147 -0.0340196 -1.13064e-15)
(1.43613 -0.0800634 -2.23097e-15)
(1.4565 -0.124807 -2.48646e-15)
(1.4731 -0.167861 -1.87511e-15)
(1.48658 -0.209771 -2.09249e-15)
(1.49692 -0.250308 -2.16056e-15)
(1.50439 -0.289433 -2.03679e-15)
(1.50915 -0.327084 -1.96275e-15)
(1.51127 -0.363188 -1.79591e-15)
(1.51079 -0.397671 -2.28042e-15)
(1.50772 -0.430446 -2.44464e-15)
(1.50208 -0.461423 -2.18027e-15)
(1.4939 -0.490515 -2.91413e-15)
(1.4832 -0.517622 -2.88896e-15)
(1.47004 -0.542658 -3.18591e-15)
(1.45449 -0.56553 -2.91427e-15)
(1.43665 -0.586153 -3.21193e-15)
(1.41666 -0.604449 -3.08354e-15)
(1.39466 -0.620343 -2.84455e-15)
(1.37083 -0.633773 -2.94334e-15)
(1.34537 -0.644686 -2.14369e-15)
(1.31851 -0.653044 -1.8095e-15)
(1.29048 -0.658819 -2.3468e-15)
(1.26153 -0.662008 -2.43893e-15)
(1.23196 -0.662623 -1.82792e-15)
(1.20203 -0.660694 -2.00403e-15)
(1.17204 -0.656277 -1.17705e-15)
(1.14231 -0.649445 -1.81726e-15)
(1.11313 -0.640299 -9.19188e-16)
(1.08481 -0.628958 -1.37725e-15)
(1.05766 -0.615565 -1.38171e-15)
(1.03197 -0.600284 -1.68761e-15)
(1.008 -0.583294 -1.53674e-15)
(0.986009 -0.564788 -1.7624e-15)
(0.966214 -0.54497 -1.33105e-15)
(0.948803 -0.524058 -7.70632e-16)
(0.933928 -0.502256 -8.86268e-16)
(0.92156 -0.479474 -9.92888e-16)
(0.911854 -0.456369 -2.24176e-15)
(0.904741 -0.432871 -1.30561e-15)
(0.900134 -0.408972 -3.28637e-15)
(0.897936 -0.38485 -3.17617e-15)
(0.897975 -0.360571 -3.08833e-15)
(0.900029 -0.336152 -3.34538e-15)
(0.903841 -0.31158 -2.7988e-15)
(0.90912 -0.286812 -3.21055e-15)
(0.915564 -0.261786 -2.69882e-15)
(0.922863 -0.236424 -3.81237e-15)
(0.930717 -0.210644 -1.96819e-15)
(0.938841 -0.184378 -3.51172e-15)
(0.946971 -0.157575 -2.22068e-15)
(0.954873 -0.130222 -4.07259e-15)
(0.962353 -0.10235 -3.91321e-15)
(0.969264 -0.0740455 -2.61072e-15)
(0.975523 -0.0454589 -1.83087e-15)
(0.981104 -0.016807 -3.11104e-15)
(0.986038 0.0116208 -2.88959e-15)
(0.990405 0.0394622 -3.16604e-15)
(0.99432 0.0662914 -3.80492e-15)
(0.997926 0.0916235 -3.84373e-15)
(1.00138 0.114932 -4.1786e-15)
(1.00485 0.135676 -2.63167e-15)
(1.00844 0.153294 -1.87694e-15)
(1.01229 0.167281 -3.59174e-15)
(1.01639 0.177219 -3.80335e-15)
(1.02073 0.182712 -3.65311e-15)
(1.02527 0.183354 -2.61802e-15)
(1.02977 0.178974 -2.62625e-15)
(1.0343 0.168971 -2.56243e-15)
(1.03789 0.15435 -2.85139e-15)
(1.04058 0.134636 -4.24784e-15)
(1.04181 0.110373 -3.50797e-15)
(1.04083 0.0819771 -2.74372e-15)
(1.03703 0.0499794 -1.79367e-15)
(1.02973 0.0150695 -1.06617e-15)
(1.01829 -0.0219989 -1.93986e-15)
(1.00201 -0.0604235 -1.02494e-15)
(0.980285 -0.0993702 -2.01308e-16)
(0.952517 -0.137992 -5.90878e-17)
(0.918214 -0.17545 -2.16123e-16)
(0.876977 -0.210937 -2.03461e-16)
(0.828528 -0.243692 -6.47318e-16)
(0.772723 -0.273015 -5.50235e-15)
(0.709568 -0.298286 -1.86028e-14)
(0.639235 -0.318966 -5.00832e-14)
(0.562074 -0.334617 -1.11953e-13)
(0.478626 -0.344908 -2.26483e-13)
(0.389626 -0.349618 -4.36953e-13)
(0.296023 -0.348644 -7.98023e-13)
(0.198981 -0.341969 -1.37757e-12)
(0.0999001 -0.329603 -2.27586e-12)
(0.000357801 -0.311584 -3.6011e-12)
(-0.098003 -0.288193 -5.47708e-12)
(-0.193444 -0.260128 -8.01712e-12)
(-0.284035 -0.228408 -1.1296e-11)
(-0.367603 -0.194426 -1.53193e-11)
(-0.441262 -0.159861 -1.99639e-11)
(-0.502981 -0.12707 -2.51607e-11)
(-0.550536 -0.0953199 -3.03315e-11)
(-0.592895 -0.0676697 -3.5115e-11)
(-0.619765 -0.0424767 -3.91434e-11)
(-0.633361 -0.0209749 -4.19232e-11)
(-0.635693 -0.00458226 -4.3063e-11)
)
;
    }
    inlet
    {
        type            calculated;
        value           uniform (0 0 0);
    }
    rWedge
    {
        type            wedge;
    }
    lWedge
    {
        type            wedge;
    }
    outlet
    {
        type            calculated;
        value           nonuniform 0();
    }
    procBoundary1to0
    {
        type            processor;
        value           uniform (0 0 0);
    }
    procBoundary1to2
    {
        type            processor;
        value           uniform (0 0 0);
    }
}


// ************************************************************************* //
