/*--------------------------------*- C++ -*----------------------------------*\
| =========                 |                                                 |
| \\      /  F ield         | OpenFOAM: The Open Source CFD Toolbox           |
|  \\    /   O peration     | Version:  v1706                                 |
|   \\  /    A nd           | Web:      www.OpenFOAM.com                      |
|    \\/     M anipulation  |                                                 |
\*---------------------------------------------------------------------------*/
FoamFile
{
    version     2.0;
    format      ascii;
    class       volVectorField;
    location    "1.5e-05";
    object      wallShearStress;
}
// * * * * * * * * * * * * * * * * * * * * * * * * * * * * * * * * * * * * * //

dimensions      [1 -1 -2 0 0 0 0];


internalField   uniform (0 0 0);

boundaryField
{
    cone
    {
        type            calculated;
        value           nonuniform List<vector> 
181
(
(-35.5923 -17.5965 -2.44751e-14)
(-35.0397 -17.7689 -2.34307e-14)
(-34.5901 -17.998 -2.18775e-14)
(-34.2452 -18.2574 -2.60453e-14)
(-33.9932 -18.5595 -2.47924e-14)
(-33.8538 -18.8819 -2.54515e-14)
(-33.8537 -19.1915 -2.64256e-14)
(-33.9971 -19.4692 -2.95333e-14)
(-34.266 -19.6995 -3.10304e-14)
(-34.6401 -19.8704 -2.88558e-14)
(-35.0982 -19.9735 -3.12602e-14)
(-35.6164 -20.0043 -3.13214e-14)
(-36.1698 -19.9619 -3.37363e-14)
(-36.735 -19.8488 -3.37737e-14)
(-37.2922 -19.6696 -3.357e-14)
(-37.827 -19.4295 -3.27703e-14)
(-38.3298 -19.1331 -3.60499e-14)
(-38.7955 -18.7853 -3.5611e-14)
(-39.2213 -18.3893 -3.80004e-14)
(-39.6052 -17.9595 -3.01402e-14)
(-39.9716 -17.4987 -2.95175e-14)
(-40.3113 -16.982 -3.07273e-14)
(-40.6379 -16.4123 -3.27977e-14)
(-40.9521 -15.7778 -3.08536e-14)
(-41.2486 -15.0649 -3.2986e-14)
(-41.5144 -14.2597 -3.12438e-14)
(-41.7275 -13.3511 -3.2744e-14)
(-41.8571 -12.3329 -3.34098e-14)
(-41.8633 -11.2047 -3.54892e-14)
(-41.7055 -9.97904 -3.86428e-14)
(-41.3359 -8.67613 -3.70107e-14)
(-40.7131 -7.33145 -3.21769e-14)
(-39.8028 -5.99174 -3.34502e-14)
(-38.5829 -4.71286 -3.52163e-14)
(-37.0482 -3.55532 -2.57025e-14)
(-35.2124 -2.57796 -2.79814e-14)
(-33.1082 -1.83108 -2.18061e-14)
(-30.7852 -1.35036 -2.59144e-14)
(-28.3057 -1.15264 -2.73313e-14)
(-25.7385 -1.23488 -3.09569e-14)
(-23.153 -1.57605 -2.4364e-14)
(-20.6129 -2.14167 -2.29706e-14)
(-18.1721 -2.88991 -2.11328e-14)
(-15.871 -3.77854 -2.64387e-14)
(-13.7344 -4.77245 -2.7558e-14)
(-11.7671 -5.85296 -2.3506e-14)
(-10.0165 -7.01479 -2.4541e-14)
(-8.41233 -8.17659 -1.91806e-14)
(-7.00475 -9.36285 -2.38534e-14)
(-5.80078 -10.5774 -2.09771e-14)
(-4.77625 -11.7981 -1.85355e-14)
(-3.93298 -13.0223 -1.88152e-14)
(-3.26975 -14.2527 -2.25277e-14)
(-2.79218 -15.4763 -2.36716e-14)
(-2.50522 -16.7007 -2.82602e-14)
(-2.41538 -17.9206 -2.92039e-14)
(-2.53392 -19.1303 -2.34908e-14)
(-2.87411 -20.3225 -2.37341e-14)
(-3.45135 -21.4871 -2.40745e-14)
(-4.2825 -22.61 -2.56395e-14)
(-5.38454 -23.6728 -2.83989e-14)
(-6.77252 -24.6523 -2.9044e-14)
(-8.45651 -25.5212 -3.0189e-14)
(-10.4378 -26.2491 -2.91232e-14)
(-12.7039 -26.8054 -3.52889e-14)
(-15.2241 -27.1635 -3.22565e-14)
(-17.9454 -27.3069 -3.3377e-14)
(-20.7917 -27.2352 -4.39897e-14)
(-23.6681 -26.9693 -3.44594e-14)
(-26.4707 -26.5516 -3.68713e-14)
(-29.1025 -26.0411 -4.52887e-14)
(-31.4899 -25.5007 -4.20954e-14)
(-33.5953 -24.9839 -4.43617e-14)
(-35.4205 -24.5218 -4.23996e-14)
(-36.9994 -24.1189 -4.19554e-14)
(-38.3838 -23.7564 -3.82905e-14)
(-39.6289 -23.4003 -4.06896e-14)
(-40.7824 -23.0074 -3.98822e-14)
(-41.8773 -22.5328 -3.21478e-14)
(-42.9348 -21.921 -4.63582e-14)
(-43.9133 -21.1716 -5.04828e-14)
(-44.8711 -20.29 -4.17181e-14)
(-45.7383 -19.1849 -4.51026e-14)
(-46.5125 -17.8655 -4.49693e-14)
(-47.1691 -16.3244 -4.26103e-14)
(-47.6841 -14.5423 -3.91086e-14)
(-48.0294 -12.5129 -3.49846e-14)
(-48.1758 -10.2415 -3.98236e-14)
(-48.0946 -7.7489 -3.99456e-14)
(-47.7496 -5.07208 -3.41845e-14)
(-47.1213 -2.2787 -3.95843e-14)
(-46.1823 0.551565 -3.73587e-14)
(-44.9243 3.31583 -3.9471e-14)
(-43.3518 5.90529 -3.49742e-14)
(-41.4877 8.21716 -3.56425e-14)
(-39.3736 10.1689 -3.40337e-14)
(-37.0679 11.7102 -3.10501e-14)
(-34.6393 12.8281 -3.17369e-14)
(-32.16 13.5447 -2.60012e-14)
(-29.6973 13.9083 -2.3015e-14)
(-27.308 13.9818 -2.45576e-14)
(-25.0349 13.8323 -2.48176e-14)
(-22.9062 13.5222 -2.13624e-14)
(-20.9368 13.1049 -2.15033e-14)
(-19.1311 12.6222 -1.65858e-14)
(-17.4852 12.1052 -1.8682e-14)
(-15.9904 11.5752 -1.35969e-14)
(-14.6344 11.0458 -1.48553e-14)
(-13.4039 10.5246 -1.41601e-14)
(-12.2853 10.0154 -1.44162e-14)
(-11.2656 9.51928 -1.28859e-14)
(-10.3329 9.03575 -1.31419e-14)
(-9.47656 8.56362 -1.10868e-14)
(-8.68746 8.10147 -8.50104e-15)
(-7.95771 7.64796 -8.73986e-15)
(-7.2807 7.20205 -8.15131e-15)
(-6.65084 6.76297 -1.16045e-14)
(-6.06345 6.3303 -7.52021e-15)
(-5.51457 5.9038 -1.34917e-14)
(-5.00082 5.48345 -1.24977e-14)
(-4.5193 5.06929 -1.24275e-14)
(-4.06748 4.66145 -1.30229e-14)
(-3.64314 4.26005 -1.0604e-14)
(-3.24429 3.86522 -1.18094e-14)
(-2.86912 3.47695 -1.0213e-14)
(-2.51594 3.09502 -1.38098e-14)
(-2.18264 2.71811 -8.02556e-15)
(-1.87261 2.34964 -1.34611e-14)
(-1.57675 1.99145 -9.33374e-15)
(-1.2997 1.63615 -1.52674e-14)
(-1.03903 1.28717 -1.4294e-14)
(-0.793712 0.944609 -1.06396e-14)
(-0.562888 0.607678 -8.01915e-15)
(-0.345412 0.274856 -1.18354e-14)
(-0.139833 -0.0559424 -1.14223e-14)
(0.0519645 -0.377187 -1.14493e-14)
(0.230731 -0.692255 -1.36889e-14)
(0.397934 -1.00331 -1.35385e-14)
(0.553974 -1.31048 -1.42955e-14)
(0.699157 -1.61397 -9.28716e-15)
(0.833743 -1.91401 -6.93977e-15)
(0.957978 -2.21088 -1.29625e-14)
(1.07208 -2.50495 -1.42998e-14)
(1.17623 -2.79653 -1.38083e-14)
(1.27056 -3.08595 -1.0408e-14)
(1.35516 -3.37352 -1.00285e-14)
(1.43014 -3.65951 -9.98866e-15)
(1.49543 -3.94434 -1.13595e-14)
(1.55123 -4.22811 -1.66576e-14)
(1.59731 -4.51125 -1.3953e-14)
(1.63367 -4.79393 -1.25341e-14)
(1.66018 -5.07635 -9.90484e-15)
(1.67666 -5.35869 -8.20184e-15)
(1.68292 -5.64105 -1.31286e-14)
(1.67871 -5.9235 -1.20758e-14)
(1.66374 -6.20603 -1.07283e-14)
(1.63771 -6.48856 -1.35419e-14)
(1.60027 -6.77091 -1.70778e-14)
(1.55108 -7.05288 -1.79355e-14)
(1.48976 -7.33408 -1.56327e-14)
(1.41592 -7.61403 -1.56704e-14)
(1.32921 -7.8921 -1.31002e-14)
(1.22924 -8.16741 -1.86809e-14)
(1.11567 -8.43891 -2.00074e-14)
(0.988238 -8.70531 -7.52077e-15)
(0.84672 -8.96508 -4.37377e-15)
(0.690957 -9.21643 -1.60623e-14)
(0.520798 -9.4573 -1.19802e-14)
(0.336004 -9.68519 -1.83951e-14)
(0.136213 -9.89717 -1.54383e-14)
(-0.0790873 -10.0896 -2.47703e-14)
(-0.310457 -10.2581 -1.22075e-13)
(-0.558532 -10.3975 -5.85702e-13)
(-0.824037 -10.5019 -2.26848e-12)
(-1.10762 -10.5647 -7.1019e-12)
(-1.40959 -10.5786 -1.82721e-11)
(-1.72976 -10.5363 -3.92995e-11)
(-2.06733 -10.4305 -7.17985e-11)
(-2.42061 -10.2552 -1.13149e-10)
(-2.78649 -10.0058 -1.56071e-10)
(-3.15971 -9.68127 -1.90893e-10)
)
;
    }
    inlet
    {
        type            calculated;
        value           uniform (0 0 0);
    }
    rWedge
    {
        type            wedge;
    }
    lWedge
    {
        type            wedge;
    }
    outlet
    {
        type            calculated;
        value           nonuniform 0();
    }
    procBoundary1to0
    {
        type            processor;
        value           uniform (0 0 0);
    }
    procBoundary1to2
    {
        type            processor;
        value           uniform (0 0 0);
    }
}


// ************************************************************************* //
