/*--------------------------------*- C++ -*----------------------------------*\
| =========                 |                                                 |
| \\      /  F ield         | OpenFOAM: The Open Source CFD Toolbox           |
|  \\    /   O peration     | Version:  v1706                                 |
|   \\  /    A nd           | Web:      www.OpenFOAM.com                      |
|    \\/     M anipulation  |                                                 |
\*---------------------------------------------------------------------------*/
FoamFile
{
    version     2.0;
    format      ascii;
    class       volVectorField;
    location    "2e-05";
    object      wallShearStress;
}
// * * * * * * * * * * * * * * * * * * * * * * * * * * * * * * * * * * * * * //

dimensions      [1 -1 -2 0 0 0 0];


internalField   uniform (0 0 0);

boundaryField
{
    cone
    {
        type            calculated;
        value           nonuniform List<vector> 
119
(
(-3.8957 -1.86321 -1.70415e-10)
(-3.93901 -1.85667 -1.14133e-10)
(-3.98285 -1.84998 -7.00261e-11)
(-4.02718 -1.84301 -3.92946e-11)
(-4.07223 -1.83588 -2.00299e-11)
(-4.11786 -1.82832 -9.10698e-12)
(-4.16412 -1.8205 -3.52626e-12)
(-4.21102 -1.8124 -9.91925e-13)
(-4.2586 -1.804 -1.51213e-14)
(-4.30687 -1.79529 2.59617e-13)
(-4.35586 -1.78627 2.66254e-13)
(-4.40558 -1.77692 1.97399e-13)
(-4.45607 -1.76723 1.29124e-13)
(-4.50734 -1.75719 7.72825e-14)
(-4.55943 -1.74678 4.29499e-14)
(-4.61235 -1.73601 1.92428e-14)
(-4.66615 -1.72483 1.09891e-14)
(-4.72085 -1.71326 3.62776e-15)
(-4.77647 -1.70125 1.55925e-17)
(-4.83304 -1.68881 -4.37989e-15)
(-4.89058 -1.6759 -6.80674e-15)
(-4.94912 -1.66252 -5.39527e-15)
(-5.00869 -1.64864 -6.2754e-15)
(-5.06931 -1.63425 -1.5737e-15)
(-5.13101 -1.61934 -5.32696e-16)
(-5.19382 -1.60389 -1.59489e-15)
(-5.25779 -1.58789 -2.53324e-15)
(-5.32295 -1.57132 -4.31491e-15)
(-5.38936 -1.55416 -3.70941e-15)
(-5.45708 -1.53639 -2.00915e-15)
(-5.52619 -1.51798 -2.96749e-15)
(-5.59677 -1.4989 -5.04997e-15)
(-5.6689 -1.47909 -5.73524e-16)
(-5.74268 -1.45851 -3.71003e-15)
(-5.81823 -1.4371 -1.27728e-15)
(-5.89566 -1.41478 -1.2228e-15)
(-5.97511 -1.39147 6.85626e-16)
(-6.05671 -1.36706 -1.70959e-15)
(-6.14063 -1.34144 -1.19889e-15)
(-6.22704 -1.31446 -1.1707e-15)
(-6.31613 -1.28595 -4.53372e-15)
(-6.40812 -1.2557 -1.98289e-15)
(-6.50325 -1.22346 -2.6634e-15)
(-6.6018 -1.18894 -4.69099e-15)
(-6.7041 -1.15177 -3.65245e-15)
(-6.8105 -1.11151 -6.02396e-15)
(-6.92143 -1.06762 -2.1077e-15)
(-7.03739 -1.01943 2.24732e-15)
(-7.15895 -0.966127 -2.28981e-15)
(-7.2868 -0.906685 -1.51204e-15)
(-7.42174 -0.839851 -1.63777e-15)
(-7.56472 -0.764067 -2.40906e-15)
(-7.71687 -0.677387 -2.12065e-15)
(-7.87953 -0.577399 -1.57468e-15)
(-8.05432 -0.461096 -5.07427e-15)
(-8.24317 -0.324738 -1.43734e-15)
(-8.44838 -0.163678 -6.08662e-16)
(-8.67273 0.0278441 -3.33733e-15)
(-8.9195 0.256954 -3.98923e-15)
(-9.19262 0.53241 -3.16161e-15)
(-9.49671 0.864908 -2.14383e-15)
(-9.83716 1.26741 -1.76756e-15)
(-10.2202 1.75546 -2.17422e-15)
(-10.6529 2.34738 -3.04889e-15)
(-11.143 3.06441 -2.7039e-15)
(-11.6986 3.93055 -3.73199e-15)
(-12.3282 4.9719 -2.74299e-15)
(-13.0391 6.21557 -3.94122e-15)
(-13.8372 7.68762 -3.84409e-15)
(-14.725 9.40994 -3.66312e-15)
(-15.7 11.3958 -3.12259e-15)
(-16.7525 13.6442 -2.92721e-15)
(-17.8638 16.1357 -2.93087e-15)
(-19.0054 18.825 -1.64603e-15)
(-20.1388 21.636 -2.28635e-15)
(-21.2169 24.4487 -1.30483e-15)
(-22.2067 27.1879 -1.36574e-15)
(-23.0228 29.7421 -1.96647e-15)
(-23.6026 31.9819 -9.22005e-16)
(-23.9055 33.8022 -2.03574e-15)
(-23.8613 35.0204 -4.16297e-16)
(-23.5399 35.6908 -3.46331e-16)
(-22.9537 35.8086 -7.07885e-16)
(-22.1287 35.3975 -2.95259e-16)
(-21.103 34.5092 -1.90389e-16)
(-19.9199 33.2134 5.62608e-16)
(-18.6234 31.5887 1.34278e-16)
(-17.2552 29.7154 -6.88482e-16)
(-15.8524 27.6701 -3.6045e-16)
(-14.4453 25.5206 -3.21395e-16)
(-13.0521 23.3042 -2.31379e-16)
(-11.7128 21.1039 -1.98344e-16)
(-10.4403 18.9546 -4.96841e-16)
(-9.25232 16.9019 -8.61912e-17)
(-8.15611 14.9744 1.48943e-16)
(-7.14563 13.1717 -1.81968e-16)
(-6.22373 11.5071 -4.37794e-16)
(-5.39016 9.98685 4.09822e-16)
(-4.64272 8.61208 6.02621e-16)
(-3.97783 7.38034 1.01723e-15)
(-3.39081 6.28625 7.93534e-16)
(-2.87632 5.32232 2.75696e-16)
(-2.4285 4.47952 3.55881e-16)
(-2.04125 3.7478 3.23308e-16)
(-1.70863 3.11697 -4.23782e-16)
(-1.42464 2.57648 -1.58613e-16)
(-1.18366 2.11615 -4.02855e-16)
(-0.980409 1.7263 -4.88762e-16)
(-0.810044 1.39789 -1.58614e-16)
(-0.668176 1.12265 -1.76037e-17)
(-0.550916 0.893102 7.51658e-17)
(-0.454845 0.702527 -8.86673e-17)
(-0.376941 0.544908 3.32541e-16)
(-0.314486 0.415068 -1.74099e-16)
(-0.265064 0.308668 3.53186e-16)
(-0.227974 0.223074 3.9722e-17)
(-0.20227 0.157835 2.0037e-16)
(-0.198515 0.11282 4.72871e-16)
(-0.188558 0.0925122 2.61265e-16)
)
;
    }
    inlet
    {
        type            calculated;
        value           uniform (0 0 0);
    }
    rWedge
    {
        type            wedge;
    }
    lWedge
    {
        type            wedge;
    }
    outlet
    {
        type            calculated;
        value           uniform (0 0 0);
    }
    procBoundary0to1
    {
        type            processor;
        value           uniform (0 0 0);
    }
    procBoundary0to2
    {
        type            processor;
        value           uniform (0 0 0);
    }
}


// ************************************************************************* //
