/*--------------------------------*- C++ -*----------------------------------*\
| =========                 |                                                 |
| \\      /  F ield         | OpenFOAM: The Open Source CFD Toolbox           |
|  \\    /   O peration     | Version:  v1706                                 |
|   \\  /    A nd           | Web:      www.OpenFOAM.com                      |
|    \\/     M anipulation  |                                                 |
\*---------------------------------------------------------------------------*/
FoamFile
{
    version     2.0;
    format      ascii;
    class       volVectorField;
    location    "3.2e-05";
    object      wallShearStress;
}
// * * * * * * * * * * * * * * * * * * * * * * * * * * * * * * * * * * * * * //

dimensions      [1 -1 -2 0 0 0 0];


internalField   uniform (0 0 0);

boundaryField
{
    cone
    {
        type            calculated;
        value           nonuniform List<vector> 
153
(
(-20.0294 -17.3038 -3.76008e-14)
(-20.053 -17.142 -3.5683e-14)
(-20.0713 -16.9776 -3.49351e-14)
(-20.084 -16.8105 -3.45957e-14)
(-20.0911 -16.6407 -3.28808e-14)
(-20.0924 -16.4682 -3.12368e-14)
(-20.088 -16.2932 -3.16754e-14)
(-20.0775 -16.1157 -2.96881e-14)
(-20.061 -15.9358 -2.85546e-14)
(-20.0381 -15.7534 -2.78566e-14)
(-20.0089 -15.5686 -2.77663e-14)
(-19.9732 -15.3815 -2.67379e-14)
(-19.9309 -15.192 -2.6681e-14)
(-19.8818 -15.0002 -2.53537e-14)
(-19.8257 -14.8062 -2.39734e-14)
(-19.7626 -14.61 -2.32851e-14)
(-19.6922 -14.4115 -2.32024e-14)
(-19.6146 -14.211 -2.14741e-14)
(-19.5294 -14.0083 -2.12951e-14)
(-19.4366 -13.8035 -2.15126e-14)
(-19.3361 -13.5967 -2.04463e-14)
(-19.2276 -13.3879 -1.9694e-14)
(-19.1111 -13.1772 -1.77837e-14)
(-18.9865 -12.9645 -1.6938e-14)
(-18.8536 -12.75 -1.64425e-14)
(-18.7123 -12.5336 -1.55024e-14)
(-18.5625 -12.3154 -1.62864e-14)
(-18.4041 -12.0955 -1.59255e-14)
(-18.237 -11.8738 -1.44475e-14)
(-18.0612 -11.6505 -1.40296e-14)
(-17.8766 -11.4256 -1.46061e-14)
(-17.6832 -11.1991 -1.3241e-14)
(-17.4809 -10.9712 -1.33179e-14)
(-17.2698 -10.7418 -1.16489e-14)
(-17.0498 -10.5111 -1.13917e-14)
(-16.821 -10.2791 -1.11083e-14)
(-16.5834 -10.0459 -1.07559e-14)
(-16.3371 -9.81168 -1.08443e-14)
(-16.0822 -9.57645 -1.05465e-14)
(-15.8187 -9.34037 -9.60523e-15)
(-15.5468 -9.10359 -8.88202e-15)
(-15.2664 -8.86628 -8.97007e-15)
(-14.9775 -8.62864 -7.78153e-15)
(-14.68 -8.39094 -7.31618e-15)
(-14.3735 -8.15358 -7.34781e-15)
(-14.0565 -7.91747 -6.85582e-15)
(-13.7237 -7.68832 -6.78592e-15)
(-13.3723 -7.48091 -6.07652e-15)
(-13.0368 -7.23255 -5.60581e-15)
(-12.7061 -6.95963 -5.27012e-15)
(-12.3874 -6.73558 -6.20516e-15)
(-12.0909 -6.54159 -6.0699e-15)
(-11.8132 -6.36643 -5.49335e-15)
(-11.5516 -6.20531 -5.12602e-15)
(-11.3041 -6.05548 -4.64048e-15)
(-11.0692 -5.91511 -4.52747e-15)
(-10.8455 -5.7829 -4.87089e-15)
(-10.6322 -5.65787 -4.53839e-15)
(-10.4283 -5.53923 -4.02865e-15)
(-10.2331 -5.42637 -4.34967e-15)
(-10.0459 -5.31876 -3.51498e-15)
(-9.86623 -5.21596 -3.19538e-15)
(-9.69358 -5.1176 -3.49595e-15)
(-9.52751 -5.02336 -3.66097e-15)
(-9.36764 -4.93295 -3.70528e-15)
(-9.21363 -4.84612 -2.72959e-15)
(-9.06518 -4.76265 -2.57469e-15)
(-8.92201 -4.68234 -2.45965e-15)
(-8.78388 -4.60502 -3.24602e-15)
(-8.65058 -4.53049 -3.07326e-15)
(-8.52191 -4.45863 -2.18511e-15)
(-8.3977 -4.38927 -2.14159e-15)
(-8.2778 -4.32229 -1.85559e-15)
(-8.16206 -4.25755 -1.8866e-15)
(-8.05036 -4.19492 -2.58249e-15)
(-7.94258 -4.1343 -2.78172e-15)
(-7.83864 -4.07555 -2.66998e-15)
(-7.73842 -4.01858 -2.52318e-15)
(-7.64184 -3.96326 -3.17898e-15)
(-7.54881 -3.90949 -3.39722e-15)
(-7.45924 -3.85715 -2.99094e-15)
(-7.37306 -3.80614 -2.90598e-15)
(-7.29016 -3.75637 -2.54784e-15)
(-7.21044 -3.70771 -2.44676e-15)
(-7.13381 -3.66007 -3.30314e-15)
(-7.06014 -3.61335 -3.04565e-15)
(-6.98931 -3.56744 -2.95305e-15)
(-6.92119 -3.52222 -3.46251e-15)
(-6.85565 -3.47755 -3.65343e-15)
(-6.79247 -3.43342 -3.27909e-15)
(-6.73101 -3.39012 -3.3496e-15)
(-6.67134 -3.34771 -2.54864e-15)
(-6.61364 -3.30526 -2.28085e-15)
(-6.5574 -3.26298 -3.08097e-15)
(-6.50221 -3.22117 -2.90696e-15)
(-6.44782 -3.17976 -3.29988e-15)
(-6.39392 -3.13875 -4.29201e-15)
(-6.34022 -3.09816 -3.59634e-15)
(-6.2864 -3.05805 -3.06479e-15)
(-6.23215 -3.0185 -1.91703e-15)
(-6.17718 -2.9796 -3.29572e-15)
(-6.12121 -2.94148 -2.21159e-15)
(-6.06401 -2.90426 -3.06531e-15)
(-6.00537 -2.86811 -3.57134e-15)
(-5.94512 -2.83319 -2.46014e-15)
(-5.88316 -2.79967 -3.64312e-15)
(-5.81946 -2.76775 -4.11388e-15)
(-5.75405 -2.73763 -4.31509e-15)
(-5.68704 -2.70948 -3.15449e-15)
(-5.61863 -2.68351 -3.42185e-15)
(-5.54909 -2.65989 -3.03091e-15)
(-5.4788 -2.63878 -4.17894e-15)
(-5.40822 -2.62031 -2.30519e-15)
(-5.33788 -2.60463 -2.65621e-15)
(-5.26835 -2.59185 -2.95963e-15)
(-5.2004 -2.58213 -3.13626e-15)
(-5.13504 -2.576 -3.63199e-15)
(-5.07211 -2.5726 -3.55902e-15)
(-5.01225 -2.5708 -3.16184e-15)
(-4.95777 -2.57312 -3.54866e-15)
(-4.90921 -2.57849 -3.83569e-15)
(-4.86785 -2.58592 -3.27267e-15)
(-4.83523 -2.59464 -4.31068e-15)
(-4.81233 -2.60437 -4.89491e-15)
(-4.79891 -2.61707 -3.92378e-15)
(-4.79306 -2.63123 -3.59162e-15)
(-4.79712 -2.64525 -4.24833e-15)
(-4.81275 -2.65968 -3.32653e-15)
(-4.8402 -2.67391 -3.58316e-15)
(-4.87933 -2.6873 -3.81538e-15)
(-4.92997 -2.69925 -3.59991e-15)
(-4.99188 -2.70921 -3.30744e-15)
(-5.06459 -2.71661 -2.33912e-15)
(-5.14743 -2.72092 -2.88161e-15)
(-5.23947 -2.72161 -2.52482e-15)
(-5.33953 -2.7182 -1.9971e-15)
(-5.44626 -2.71023 -3.2481e-15)
(-5.55815 -2.69726 -2.83622e-15)
(-5.67325 -2.67868 -3.49085e-15)
(-5.79038 -2.65359 -4.40699e-15)
(-5.90512 -2.6211 -5.14698e-15)
(-6.02164 -2.58804 -4.80208e-15)
(-6.12997 -2.54722 -3.68966e-15)
(-6.23006 -2.50022 -2.83018e-15)
(-6.32061 -2.44878 -3.34119e-15)
(-6.3996 -2.39363 -4.39643e-15)
(-6.46522 -2.33558 -3.67972e-15)
(-6.51597 -2.27533 -3.37241e-15)
(-6.55218 -2.2125 -4.05185e-15)
(-6.57217 -2.15203 -4.58035e-15)
(-6.57587 -2.09268 -4.01382e-15)
(-6.56311 -2.0357 -4.3625e-15)
(-6.53588 -1.98358 -2.97705e-15)
)
;
    }
    inlet
    {
        type            calculated;
        value           uniform (0 0 0);
    }
    rWedge
    {
        type            wedge;
    }
    lWedge
    {
        type            wedge;
    }
    outlet
    {
        type            calculated;
        value           nonuniform 0();
    }
    procBoundary2to0
    {
        type            processor;
        value           uniform (0 0 0);
    }
    procBoundary2to1
    {
        type            processor;
        value           uniform (0 0 0);
    }
    procBoundary2to3
    {
        type            processor;
        value           uniform (0 0 0);
    }
}


// ************************************************************************* //
