/*--------------------------------*- C++ -*----------------------------------*\
| =========                 |                                                 |
| \\      /  F ield         | OpenFOAM: The Open Source CFD Toolbox           |
|  \\    /   O peration     | Version:  v1706                                 |
|   \\  /    A nd           | Web:      www.OpenFOAM.com                      |
|    \\/     M anipulation  |                                                 |
\*---------------------------------------------------------------------------*/
FoamFile
{
    version     2.0;
    format      ascii;
    class       volVectorField;
    location    "3.5e-05";
    object      wallShearStress;
}
// * * * * * * * * * * * * * * * * * * * * * * * * * * * * * * * * * * * * * //

dimensions      [1 -1 -2 0 0 0 0];


internalField   uniform (0 0 0);

boundaryField
{
    cone
    {
        type            calculated;
        value           nonuniform List<vector> 
119
(
(-3.04542 -4.42414 -1.67825e-11)
(-3.37001 -4.36076 -2.00692e-11)
(-3.6812 -4.28668 -2.31478e-11)
(-3.97891 -4.20059 -2.57435e-11)
(-4.26296 -4.10116 -2.76071e-11)
(-4.53289 -3.98724 -2.85459e-11)
(-4.78796 -3.85806 -2.84906e-11)
(-5.02734 -3.713 -2.74644e-11)
(-5.25015 -3.55116 -2.56031e-11)
(-5.45769 -3.36736 -2.30932e-11)
(-5.63682 -3.16652 -2.01761e-11)
(-5.80625 -2.96049 -1.71043e-11)
(-5.94514 -2.73419 -1.40535e-11)
(-6.05926 -2.49484 -1.12004e-11)
(-6.14718 -2.24703 -8.65783e-12)
(-6.20782 -1.99152 -6.47438e-12)
(-6.24036 -1.73146 -4.65518e-12)
(-6.24447 -1.46968 -3.20139e-12)
(-6.22059 -1.20962 -2.06994e-12)
(-6.16889 -0.953997 -1.22068e-12)
(-6.09063 -0.706144 -5.99133e-13)
(-5.98709 -0.469203 -1.55078e-13)
(-5.85987 -0.246227 1.43805e-13)
(-5.71083 -0.0401407 3.45029e-13)
(-5.54203 0.146313 4.63503e-13)
(-5.35572 0.310666 5.24464e-13)
(-5.1543 0.450829 5.49413e-13)
(-4.94036 0.56521 5.49554e-13)
(-4.71665 0.652815 5.38235e-13)
(-4.48609 0.713369 5.20873e-13)
(-4.25177 0.747355 4.96161e-13)
(-4.01685 0.756069 4.68927e-13)
(-3.78447 0.741499 4.51843e-13)
(-3.55766 0.706216 4.26056e-13)
(-3.33917 0.653138 4.09767e-13)
(-3.13141 0.585352 3.91824e-13)
(-2.93637 0.505935 3.78054e-13)
(-2.75561 0.417854 3.59933e-13)
(-2.59037 0.323943 3.4649e-13)
(-2.44163 0.226935 3.32803e-13)
(-2.3102 0.129542 3.15091e-13)
(-2.19674 0.0344815 3.05384e-13)
(-2.10173 -0.0555256 2.91672e-13)
(-2.02548 -0.137763 2.76331e-13)
(-1.96821 -0.209552 2.64768e-13)
(-1.92965 -0.267883 2.49009e-13)
(-1.90937 -0.309986 2.41594e-13)
(-1.90606 -0.336054 2.34451e-13)
(-1.91688 -0.346711 2.14955e-13)
(-1.94174 -0.336969 2.01968e-13)
(-1.9779 -0.307043 1.87608e-13)
(-2.02271 -0.257275 1.72528e-13)
(-2.07285 -0.188092 1.59935e-13)
(-2.12461 -0.100578 1.47616e-13)
(-2.17452 0.00357471 1.3015e-13)
(-2.21777 0.120955 1.23432e-13)
(-2.25039 0.248815 1.12849e-13)
(-2.26816 0.382942 9.73198e-14)
(-2.26711 0.518607 8.55616e-14)
(-2.24367 0.650619 7.71777e-14)
(-2.19495 0.773507 6.94851e-14)
(-2.11889 0.881833 6.23576e-14)
(-2.01451 0.970535 5.49013e-14)
(-1.88215 1.03537 4.66747e-14)
(-1.7235 1.07327 4.08111e-14)
(-1.54154 1.08254 3.33146e-14)
(-1.3403 1.06285 2.96269e-14)
(-1.12466 1.01519 2.36806e-14)
(-0.900173 0.941949 2.02083e-14)
(-0.672649 0.846378 1.69591e-14)
(-0.446458 0.730838 1.48281e-14)
(-0.236385 0.59909 1.18827e-14)
(-0.0319478 0.466409 9.13795e-15)
(0.150919 0.329214 9.90671e-15)
(0.307366 0.191152 7.00659e-15)
(0.436354 0.0593396 7.43157e-15)
(0.534297 -0.0627382 5.80045e-15)
(0.599418 -0.173059 3.37659e-15)
(0.631858 -0.266483 4.73099e-15)
(0.630809 -0.341518 2.71039e-16)
(0.596342 -0.394497 3.3045e-15)
(0.529476 -0.421296 2.38689e-15)
(0.433161 -0.420048 -1.831e-16)
(0.311933 -0.390565 1.31588e-16)
(0.171363 -0.334065 4.30431e-16)
(0.0179776 -0.252716 3.42405e-15)
(-0.139944 -0.150749 1.14699e-15)
(-0.291158 -0.0401277 -3.22645e-15)
(-0.425172 0.068097 -1.56962e-15)
(-0.535311 0.163264 -1.639e-15)
(-0.614346 0.233515 -1.72873e-15)
(-0.655188 0.268191 -2.17987e-15)
(-0.661301 0.264361 -5.03901e-15)
(-0.635308 0.219257 -2.27494e-15)
(-0.580312 0.129608 -2.82078e-15)
(-0.50471 -0.000712735 -4.54185e-15)
(-0.417947 -0.165957 -8.43578e-15)
(-0.329998 -0.357677 -2.93839e-16)
(-0.250795 -0.566138 -1.69277e-15)
(-0.188787 -0.783524 3.61012e-15)
(-0.151905 -1.00294 2.49804e-15)
(-0.144285 -1.21787 -2.14122e-15)
(-0.172303 -1.4237 -3.65387e-16)
(-0.239542 -1.61657 1.22881e-15)
(-0.349357 -1.79298 -7.45125e-15)
(-0.504966 -1.94993 -3.78993e-15)
(-0.708488 -2.08448 -6.56119e-15)
(-0.95973 -2.19324 -6.19962e-15)
(-1.25451 -2.27225 -5.7843e-15)
(-1.58307 -2.31743 -3.96915e-15)
(-1.93033 -2.3255 -3.14096e-15)
(-2.27848 -2.29437 -5.07297e-15)
(-2.61336 -2.22211 7.3088e-16)
(-2.92084 -2.09908 -4.45566e-15)
(-3.18353 -1.92891 1.32724e-16)
(-3.39813 -1.71956 -4.16057e-15)
(-3.48921 -1.46357 -4.52217e-15)
(-3.5156 -1.13778 -1.33122e-15)
(-3.06276 -0.885568 -3.6182e-15)
)
;
    }
    inlet
    {
        type            calculated;
        value           uniform (0 0 0);
    }
    rWedge
    {
        type            wedge;
    }
    lWedge
    {
        type            wedge;
    }
    outlet
    {
        type            calculated;
        value           uniform (0 0 0);
    }
    procBoundary0to1
    {
        type            processor;
        value           uniform (0 0 0);
    }
    procBoundary0to2
    {
        type            processor;
        value           uniform (0 0 0);
    }
}


// ************************************************************************* //
