/*--------------------------------*- C++ -*----------------------------------*\
| =========                 |                                                 |
| \\      /  F ield         | OpenFOAM: The Open Source CFD Toolbox           |
|  \\    /   O peration     | Version:  v1706                                 |
|   \\  /    A nd           | Web:      www.OpenFOAM.com                      |
|    \\/     M anipulation  |                                                 |
\*---------------------------------------------------------------------------*/
FoamFile
{
    version     2.0;
    format      ascii;
    class       volVectorField;
    location    "1.7e-05";
    object      wallShearStress;
}
// * * * * * * * * * * * * * * * * * * * * * * * * * * * * * * * * * * * * * //

dimensions      [1 -1 -2 0 0 0 0];


internalField   uniform (0 0 0);

boundaryField
{
    cone
    {
        type            calculated;
        value           nonuniform List<vector> 
181
(
(-1.81744 -2.02194 -8.93098e-15)
(-1.6624 -2.00212 -8.41712e-15)
(-1.51457 -1.98711 -8.39283e-15)
(-1.37402 -1.97668 -9.36534e-15)
(-1.24083 -1.97048 -9.27599e-15)
(-1.11511 -1.96808 -9.66894e-15)
(-0.997206 -1.96934 -9.88846e-15)
(-0.885852 -1.97474 -1.01863e-14)
(-0.783045 -1.98589 -1.00365e-14)
(-0.679415 -1.99568 -9.36905e-15)
(-0.586416 -2.0104 -9.72926e-15)
(-0.50223 -2.0286 -9.58276e-15)
(-0.425251 -2.04907 -1.00179e-14)
(-0.355209 -2.07157 -9.62443e-15)
(-0.292311 -2.09621 -9.46284e-15)
(-0.236251 -2.12258 -9.09948e-15)
(-0.187293 -2.15044 -9.57648e-15)
(-0.145666 -2.17972 -9.49528e-15)
(-0.111278 -2.21011 -9.79664e-15)
(-0.084224 -2.24136 -8.07368e-15)
(-0.0643095 -2.27374 -7.7832e-15)
(-0.0518076 -2.30601 -8.11489e-15)
(-0.0466501 -2.33848 -8.66786e-15)
(-0.0489046 -2.37108 -8.38658e-15)
(-0.0585839 -2.40338 -8.76128e-15)
(-0.0756451 -2.43514 -8.33953e-15)
(-0.100034 -2.46614 -8.53191e-15)
(-0.131688 -2.49615 -8.58728e-15)
(-0.170529 -2.52495 -8.97692e-15)
(-0.216461 -2.5523 -9.20976e-15)
(-0.269365 -2.57799 -8.53567e-15)
(-0.329098 -2.60176 -7.44737e-15)
(-0.395483 -2.62342 -8.07048e-15)
(-0.468317 -2.64272 -8.84548e-15)
(-0.547354 -2.65947 -6.45617e-15)
(-0.63231 -2.67344 -7.28947e-15)
(-0.722856 -2.68446 -5.65591e-15)
(-0.818614 -2.69234 -7.65831e-15)
(-0.919155 -2.69693 -8.18746e-15)
(-1.02399 -2.69811 -9.17699e-15)
(-1.13258 -2.69577 -7.03633e-15)
(-1.24432 -2.68986 -6.91945e-15)
(-1.35856 -2.68035 -6.80555e-15)
(-1.47456 -2.66729 -9.14609e-15)
(-1.59157 -2.65075 -9.71809e-15)
(-1.70878 -2.63088 -8.13641e-15)
(-1.82534 -2.60788 -8.45263e-15)
(-1.94037 -2.58201 -6.71683e-15)
(-2.05301 -2.5536 -8.24146e-15)
(-2.16239 -2.52304 -6.83433e-15)
(-2.26767 -2.49078 -5.84691e-15)
(-2.36806 -2.45729 -6.31303e-15)
(-2.46283 -2.42311 -7.88268e-15)
(-2.55135 -2.38879 -8.50059e-15)
(-2.6331 -2.35489 -9.47189e-15)
(-2.70768 -2.32196 -8.97287e-15)
(-2.77483 -2.29052 -6.64601e-15)
(-2.83444 -2.26103 -6.69092e-15)
(-2.88656 -2.2339 -6.68405e-15)
(-2.93139 -2.20944 -7.26318e-15)
(-2.96926 -2.18791 -7.99872e-15)
(-3.00061 -2.1695 -7.75395e-15)
(-3.02599 -2.15432 -7.52268e-15)
(-3.04604 -2.14239 -6.97443e-15)
(-3.06148 -2.13363 -7.5207e-15)
(-3.07309 -2.12784 -6.27945e-15)
(-3.08162 -2.12482 -6.62351e-15)
(-3.08781 -2.12433 -8.39311e-15)
(-3.09241 -2.12604 -5.94916e-15)
(-3.09613 -2.1296 -6.66837e-15)
(-3.09965 -2.13465 -7.97541e-15)
(-3.10355 -2.14083 -6.92473e-15)
(-3.10833 -2.14782 -7.13188e-15)
(-3.11441 -2.15529 -6.51551e-15)
(-3.12213 -2.16295 -6.42316e-15)
(-3.13175 -2.17053 -5.67266e-15)
(-3.14347 -2.17779 -5.92699e-15)
(-3.15742 -2.18454 -5.90511e-15)
(-3.17366 -2.1906 -5.06315e-15)
(-3.1922 -2.19584 -7.85839e-15)
(-3.213 -2.20018 -7.99081e-15)
(-3.236 -2.20353 -6.36045e-15)
(-3.26108 -2.20587 -6.99529e-15)
(-3.28812 -2.20717 -6.87385e-15)
(-3.31698 -2.20746 -6.51355e-15)
(-3.34749 -2.20675 -6.21992e-15)
(-3.37949 -2.20509 -6.00424e-15)
(-3.41282 -2.20255 -6.96076e-15)
(-3.4473 -2.19919 -6.89687e-15)
(-3.48279 -2.19509 -6.08291e-15)
(-3.51913 -2.19032 -7.60655e-15)
(-3.55618 -2.18497 -7.45946e-15)
(-3.59383 -2.17913 -8.22473e-15)
(-3.63196 -2.17285 -7.24647e-15)
(-3.67048 -2.16623 -7.83542e-15)
(-3.70932 -2.15931 -7.74146e-15)
(-3.7484 -2.15216 -7.12056e-15)
(-3.7877 -2.14483 -7.64836e-15)
(-3.82717 -2.13735 -6.03171e-15)
(-3.8668 -2.12976 -5.37914e-15)
(-3.90658 -2.12208 -6.52764e-15)
(-3.94651 -2.11432 -6.98816e-15)
(-3.98661 -2.10649 -6.01898e-15)
(-4.02689 -2.09859 -6.53198e-15)
(-4.06738 -2.09062 -4.86723e-15)
(-4.10811 -2.08257 -6.19427e-15)
(-4.1491 -2.07442 -4.20202e-15)
(-4.19038 -2.06617 -5.11039e-15)
(-4.23199 -2.05779 -5.11147e-15)
(-4.27396 -2.04925 -5.61702e-15)
(-4.31632 -2.04056 -5.09424e-15)
(-4.35897 -2.03179 -5.59832e-15)
(-4.40212 -2.02288 -4.75929e-15)
(-4.44574 -2.01371 -3.64897e-15)
(-4.48981 -2.0043 -3.76026e-15)
(-4.53438 -1.99469 -3.62024e-15)
(-4.57947 -1.98486 -5.68456e-15)
(-4.62508 -1.97479 -3.22499e-15)
(-4.67125 -1.96449 -6.87399e-15)
(-4.71798 -1.95393 -6.27412e-15)
(-4.7653 -1.9431 -6.10207e-15)
(-4.81323 -1.93201 -6.51761e-15)
(-4.86179 -1.92065 -5.16676e-15)
(-4.91099 -1.909 -5.88978e-15)
(-4.96085 -1.89706 -4.92278e-15)
(-5.0114 -1.88482 -7.09072e-15)
(-5.06265 -1.87227 -3.39147e-15)
(-5.11464 -1.8594 -6.5645e-15)
(-5.16739 -1.8462 -3.93118e-15)
(-5.22092 -1.83265 -7.58111e-15)
(-5.27527 -1.81875 -7.04525e-15)
(-5.33047 -1.80448 -4.90254e-15)
(-5.38655 -1.78981 -3.32835e-15)
(-5.44354 -1.77474 -5.61394e-15)
(-5.50148 -1.75923 -5.21821e-15)
(-5.56041 -1.74328 -5.32491e-15)
(-5.62037 -1.72686 -6.48688e-15)
(-5.68141 -1.70994 -6.42477e-15)
(-5.74358 -1.6925 -6.92934e-15)
(-5.80692 -1.67449 -4.25173e-15)
(-5.8715 -1.65588 -2.89552e-15)
(-5.93738 -1.63663 -6.05004e-15)
(-6.00462 -1.61668 -6.55533e-15)
(-6.0733 -1.59598 -6.28754e-15)
(-6.1435 -1.57446 -4.48075e-15)
(-6.21531 -1.55206 -4.33895e-15)
(-6.28883 -1.52867 -4.2872e-15)
(-6.36416 -1.50421 -4.81154e-15)
(-6.44142 -1.47855 -7.19027e-15)
(-6.52073 -1.45156 -6.01454e-15)
(-6.60226 -1.42309 -5.19683e-15)
(-6.68614 -1.39296 -3.86115e-15)
(-6.77256 -1.36095 -2.86713e-15)
(-6.86173 -1.32682 -4.47286e-15)
(-6.95386 -1.29029 -2.76917e-15)
(-7.0492 -1.251 -1.69055e-16)
(-7.14804 -1.20857 3.03072e-15)
(-7.2507 -1.16252 9.42711e-15)
(-7.35754 -1.11231 2.35472e-14)
(-7.46898 -1.05727 5.12105e-14)
(-7.58549 -0.996633 9.86488e-14)
(-7.70761 -0.929486 1.8003e-13)
(-7.83597 -0.85474 3.10433e-13)
(-7.97127 -0.771107 5.17861e-13)
(-8.11434 -0.677054 8.25608e-13)
(-8.26613 -0.570765 1.21588e-12)
(-8.42773 -0.450084 1.57599e-12)
(-8.60039 -0.312457 1.53398e-12)
(-8.78556 -0.15486 9.26506e-14)
(-8.98491 0.0262791 -4.86494e-12)
(-9.20035 0.235174 -1.71108e-11)
(-9.43406 0.476773 -4.1855e-11)
(-9.68853 0.756868 -8.37389e-11)
(-9.96657 1.08219 -1.42718e-10)
(-10.2713 1.46051 -2.10029e-10)
(-10.6063 1.90075 -2.68561e-10)
(-10.9753 2.41301 -2.99936e-10)
(-11.3825 3.00859 -2.94335e-10)
(-11.8322 3.69995 -2.55524e-10)
(-12.3288 4.50056 -1.97613e-10)
(-12.8763 5.42449 -1.36977e-10)
)
;
    }
    inlet
    {
        type            calculated;
        value           uniform (0 0 0);
    }
    rWedge
    {
        type            wedge;
    }
    lWedge
    {
        type            wedge;
    }
    outlet
    {
        type            calculated;
        value           nonuniform 0();
    }
    procBoundary1to0
    {
        type            processor;
        value           uniform (0 0 0);
    }
    procBoundary1to2
    {
        type            processor;
        value           uniform (0 0 0);
    }
}


// ************************************************************************* //
