/*--------------------------------*- C++ -*----------------------------------*\
| =========                 |                                                 |
| \\      /  F ield         | OpenFOAM: The Open Source CFD Toolbox           |
|  \\    /   O peration     | Version:  v1706                                 |
|   \\  /    A nd           | Web:      www.OpenFOAM.com                      |
|    \\/     M anipulation  |                                                 |
\*---------------------------------------------------------------------------*/
FoamFile
{
    version     2.0;
    format      ascii;
    class       volVectorField;
    location    "1.8e-05";
    object      wallShearStress;
}
// * * * * * * * * * * * * * * * * * * * * * * * * * * * * * * * * * * * * * //

dimensions      [1 -1 -2 0 0 0 0];


internalField   uniform (0 0 0);

boundaryField
{
    cone
    {
        type            calculated;
        value           nonuniform List<vector> 
119
(
(-4.66514 -0.162503 -8.02725e-11)
(-4.60845 -0.245848 -9.19192e-11)
(-4.56031 -0.33151 -9.80455e-11)
(-4.51949 -0.419978 -9.80296e-11)
(-4.48499 -0.511611 -9.24271e-11)
(-4.4561 -0.606558 -8.26111e-11)
(-4.43243 -0.704515 -7.03635e-11)
(-4.41387 -0.804929 -5.73665e-11)
(-4.40053 -0.907011 -4.49484e-11)
(-4.39273 -1.00975 -3.39536e-11)
(-4.39094 -1.11195 -2.47832e-11)
(-4.39576 -1.21224 -1.75026e-11)
(-4.40783 -1.30914 -1.19501e-11)
(-4.4279 -1.40102 -7.87092e-12)
(-4.4567 -1.48618 -4.9692e-12)
(-4.4949 -1.56279 -2.97333e-12)
(-4.54306 -1.6289 -1.62735e-12)
(-4.60162 -1.68249 -7.67452e-13)
(-4.6711 -1.7213 -2.34955e-13)
(-4.75191 -1.7424 7.14538e-14)
(-4.8441 -1.74237 2.35795e-13)
(-4.94553 -1.71951 3.1601e-13)
(-5.05353 -1.67419 3.32612e-13)
(-5.16807 -1.60362 3.30722e-13)
(-5.28715 -1.50443 3.02311e-13)
(-5.40853 -1.37762 2.62263e-13)
(-5.52669 -1.2203 2.22164e-13)
(-5.63355 -1.04529 1.8181e-13)
(-5.7003 -0.855572 1.5196e-13)
(-5.7659 -0.660397 1.29433e-13)
(-5.78647 -0.463687 1.06003e-13)
(-5.75717 -0.287032 8.35319e-14)
(-5.67046 -0.147402 8.10979e-14)
(-5.51865 -0.0623945 6.27643e-14)
(-5.29742 -0.0482692 6.08467e-14)
(-5.00687 -0.117551 5.37598e-14)
(-4.65182 -0.277413 5.24986e-14)
(-4.24148 -0.528974 4.14854e-14)
(-3.78653 -0.870956 3.92424e-14)
(-3.315 -1.28629 3.59331e-14)
(-2.82349 -1.75356 2.30794e-14)
(-2.34237 -2.26924 2.56763e-14)
(-1.88376 -2.80897 1.88606e-14)
(-1.45956 -3.35502 9.4595e-15)
(-1.07966 -3.89364 9.36122e-15)
(-0.751044 -4.41375 -7.57724e-16)
(-0.478577 -4.9068 6.15619e-15)
(-0.264853 -5.36622 1.71865e-14)
(-0.11259 -5.78649 3.13466e-15)
(-0.023037 -6.16411 3.95971e-15)
(0.00277356 -6.49522 1.60398e-15)
(-0.0362654 -6.7762 -3.69782e-15)
(-0.141061 -7.00324 -3.99941e-15)
(-0.312421 -7.17215 -2.99532e-15)
(-0.551105 -7.27866 -1.57545e-14)
(-0.85791 -7.31855 -6.02624e-15)
(-1.23353 -7.28803 -2.98479e-15)
(-1.67824 -7.18386 -1.25568e-14)
(-2.1914 -7.00377 -1.68407e-14)
(-2.77176 -6.74756 -1.39203e-14)
(-3.41421 -6.41543 -1.10621e-14)
(-4.1084 -6.00984 -1.00222e-14)
(-4.84326 -5.54045 -9.0245e-15)
(-5.61228 -5.02184 -1.13969e-14)
(-6.41219 -4.46212 -9.61666e-15)
(-7.22285 -3.85781 -1.4296e-14)
(-7.98918 -3.24113 -1.14021e-14)
(-8.6639 -2.6612 -1.62957e-14)
(-9.21662 -2.13507 -1.54436e-14)
(-9.71076 -1.67917 -1.49346e-14)
(-10.1112 -1.25755 -1.24048e-14)
(-10.3459 -0.900735 -1.31556e-14)
(-10.4267 -0.617476 -1.54848e-14)
(-10.3371 -0.419365 -9.44933e-15)
(-10.0631 -0.327345 -1.17768e-14)
(-9.60267 -0.363735 -6.338e-15)
(-8.96586 -0.547979 -5.9034e-15)
(-8.17778 -0.891249 -1.01781e-14)
(-7.28015 -1.38577 -3.84582e-15)
(-6.32713 -2.0026 -1.41203e-14)
(-5.373 -2.70107 -5.38032e-15)
(-4.45805 -3.44526 -5.60436e-15)
(-3.63431 -4.20603 -9.22279e-15)
(-2.89726 -4.92391 -8.80157e-15)
(-2.26614 -5.59667 -7.84481e-15)
(-1.74807 -6.22577 1.21723e-15)
(-1.32588 -6.80505 -2.6595e-15)
(-0.990752 -7.33928 -1.35478e-14)
(-0.733054 -7.8326 -1.01156e-14)
(-0.544796 -8.28643 -9.94255e-15)
(-0.417764 -8.70177 -8.3932e-15)
(-0.343552 -9.07878 -8.56278e-15)
(-0.314384 -9.4177 -1.65791e-14)
(-0.323205 -9.71972 -7.82551e-15)
(-0.364728 -9.9873 -8.10806e-15)
(-0.436346 -10.2241 -1.36493e-14)
(-0.53813 -10.4342 -2.58281e-14)
(-0.67168 -10.6208 -3.5505e-15)
(-0.837807 -10.7842 -8.70784e-15)
(-1.03483 -10.9217 2.58296e-15)
(-1.25878 -11.0286 1.12284e-15)
(-1.50625 -11.1016 -1.07766e-14)
(-1.77831 -11.1407 -7.95207e-15)
(-2.08309 -11.1503 -1.85526e-15)
(-2.43448 -11.1361 -2.41112e-14)
(-2.8464 -11.1012 -1.3477e-14)
(-3.32625 -11.0431 -2.37264e-14)
(-3.87178 -10.954 -2.21928e-14)
(-4.47212 -10.8235 -1.92212e-14)
(-5.11154 -10.6421 -1.63652e-14)
(-5.77499 -10.4054 -1.40278e-14)
(-6.44758 -10.1117 -2.21252e-14)
(-7.11644 -9.76207 -4.35398e-15)
(-7.75643 -9.35243 -1.928e-14)
(-8.35285 -8.9016 -2.77687e-15)
(-8.97082 -8.43859 -1.62484e-14)
(-9.648 -7.93447 -1.56374e-14)
(-9.9513 -7.36736 -8.87719e-15)
(-10.1878 -6.97402 -1.36663e-14)
)
;
    }
    inlet
    {
        type            calculated;
        value           uniform (0 0 0);
    }
    rWedge
    {
        type            wedge;
    }
    lWedge
    {
        type            wedge;
    }
    outlet
    {
        type            calculated;
        value           uniform (0 0 0);
    }
    procBoundary0to1
    {
        type            processor;
        value           uniform (0 0 0);
    }
    procBoundary0to2
    {
        type            processor;
        value           uniform (0 0 0);
    }
}


// ************************************************************************* //
