/*--------------------------------*- C++ -*----------------------------------*\
| =========                 |                                                 |
| \\      /  F ield         | OpenFOAM: The Open Source CFD Toolbox           |
|  \\    /   O peration     | Version:  v1706                                 |
|   \\  /    A nd           | Web:      www.OpenFOAM.com                      |
|    \\/     M anipulation  |                                                 |
\*---------------------------------------------------------------------------*/
FoamFile
{
    version     2.0;
    format      ascii;
    class       volVectorField;
    location    "1.9e-05";
    object      wallShearStress;
}
// * * * * * * * * * * * * * * * * * * * * * * * * * * * * * * * * * * * * * //

dimensions      [1 -1 -2 0 0 0 0];


internalField   uniform (0 0 0);

boundaryField
{
    cone
    {
        type            calculated;
        value           nonuniform List<vector> 
153
(
(-11.0946 -9.4674 -1.21005e-14)
(-11.0165 -9.33566 -1.10211e-14)
(-10.9315 -9.20413 -1.13389e-14)
(-10.8395 -9.07305 -1.19983e-14)
(-10.7404 -8.94275 -1.11337e-14)
(-10.6341 -8.8135 -1.05495e-14)
(-10.5208 -8.68565 -1.18492e-14)
(-10.4003 -8.55951 -1.07206e-14)
(-10.2729 -8.43542 -1.04513e-14)
(-10.1385 -8.31372 -1.07042e-14)
(-9.9974 -8.19477 -1.11144e-14)
(-9.84971 -8.0789 -1.09898e-14)
(-9.69569 -7.96646 -1.17956e-14)
(-9.53561 -7.85778 -1.10048e-14)
(-9.36986 -7.75313 -1.02831e-14)
(-9.19891 -7.65275 -1.01181e-14)
(-9.02228 -7.55834 -1.06427e-14)
(-8.83509 -7.47124 -9.18893e-15)
(-8.6512 -7.38339 -9.63934e-15)
(-8.46481 -7.30331 -9.75523e-15)
(-8.27566 -7.22986 -9.33393e-15)
(-8.08469 -7.16263 -9.33458e-15)
(-7.89269 -7.10147 -8.42539e-15)
(-7.70053 -7.04624 -8.26728e-15)
(-7.50891 -6.99718 -8.67464e-15)
(-7.31884 -6.95392 -8.31583e-15)
(-7.13124 -6.91635 -9.64291e-15)
(-6.94714 -6.8842 -9.81081e-15)
(-6.76769 -6.85716 -8.95099e-15)
(-6.59385 -6.83456 -9.12982e-15)
(-6.42719 -6.81509 -1.01714e-14)
(-6.27008 -6.80436 -9.20564e-15)
(-6.11366 -6.79406 -9.77295e-15)
(-5.96674 -6.78506 -8.61147e-15)
(-5.83321 -6.77955 -8.85917e-15)
(-5.71175 -6.7741 -9.17024e-15)
(-5.60119 -6.76948 -9.04859e-15)
(-5.50266 -6.76492 -9.52848e-15)
(-5.41636 -6.75945 -9.60525e-15)
(-5.34425 -6.75183 -9.17436e-15)
(-5.28657 -6.74147 -8.98272e-15)
(-5.24363 -6.72753 -9.71986e-15)
(-5.21587 -6.70902 -8.61697e-15)
(-5.2037 -6.68464 -8.82264e-15)
(-5.20496 -6.65538 -9.16026e-15)
(-5.21786 -6.62136 -9.04624e-15)
(-5.2408 -6.58226 -9.24544e-15)
(-5.27195 -6.54249 -8.70092e-15)
(-5.33192 -6.46738 -8.93809e-15)
(-5.42703 -6.37536 -8.5086e-15)
(-5.54838 -6.30345 -9.81127e-15)
(-5.70061 -6.23262 -9.98051e-15)
(-5.88086 -6.15578 -9.61508e-15)
(-6.08489 -6.07003 -9.36398e-15)
(-6.30888 -5.97334 -9.2642e-15)
(-6.5487 -5.86444 -9.22367e-15)
(-6.80008 -5.74234 -9.80538e-15)
(-7.05896 -5.60663 -9.62745e-15)
(-7.31958 -5.45855 -9.36539e-15)
(-7.57597 -5.28999 -1.00671e-14)
(-7.83024 -5.11101 -9.10296e-15)
(-8.07747 -4.92603 -9.03174e-15)
(-8.30024 -4.72586 -9.57374e-15)
(-8.49989 -4.51592 -9.47559e-15)
(-8.67242 -4.29994 -9.75074e-15)
(-8.81341 -4.07806 -8.85922e-15)
(-8.91881 -3.85283 -8.33915e-15)
(-8.98771 -3.63188 -8.10395e-15)
(-9.01345 -3.41314 -9.04714e-15)
(-8.9951 -3.19957 -9.11249e-15)
(-8.93153 -2.99363 -7.83328e-15)
(-8.82254 -2.80325 -7.80558e-15)
(-8.66895 -2.63298 -7.4624e-15)
(-8.47095 -2.48164 -7.20986e-15)
(-8.23273 -2.34505 -7.74567e-15)
(-7.96029 -2.2223 -7.75717e-15)
(-7.65377 -2.12152 -7.4961e-15)
(-7.31783 -2.04214 -7.22243e-15)
(-6.957 -1.98362 -7.76405e-15)
(-6.5759 -1.94539 -7.99811e-15)
(-6.17908 -1.92666 -7.36322e-15)
(-5.77105 -1.92638 -7.20862e-15)
(-5.3561 -1.94328 -6.74325e-15)
(-4.93827 -1.97594 -6.56825e-15)
(-4.52128 -2.02283 -7.31901e-15)
(-4.10852 -2.08232 -6.87497e-15)
(-3.70298 -2.15279 -6.65325e-15)
(-3.30726 -2.23263 -7.00415e-15)
(-2.92359 -2.32027 -7.14197e-15)
(-2.55383 -2.41422 -6.67761e-15)
(-2.19949 -2.51304 -6.75898e-15)
(-1.8618 -2.61552 -5.88458e-15)
(-1.54133 -2.72068 -5.48184e-15)
(-1.23894 -2.82597 -6.17809e-15)
(-0.958504 -2.93856 -5.83122e-15)
(-0.688803 -3.04512 -6.16849e-15)
(-0.439129 -3.14866 -6.79648e-15)
(-0.212052 -3.25382 -6.07766e-15)
(-0.00350706 -3.35758 -5.72246e-15)
(0.186817 -3.45892 -4.66697e-15)
(0.358874 -3.55784 -5.86311e-15)
(0.51266 -3.65391 -4.83893e-15)
(0.647978 -3.74831 -5.58848e-15)
(0.765881 -3.83949 -6.2792e-15)
(0.866708 -3.9278 -5.21364e-15)
(0.949359 -4.01339 -6.31408e-15)
(1.01441 -4.09637 -6.79116e-15)
(1.0627 -4.17778 -7.12516e-15)
(1.09388 -4.25541 -6.09545e-15)
(1.10808 -4.33024 -6.50623e-15)
(1.10525 -4.40259 -6.28385e-15)
(1.08509 -4.47108 -7.5704e-15)
(1.04736 -4.53279 -5.48876e-15)
(0.992214 -4.58975 -6.02988e-15)
(0.919294 -4.64272 -6.67918e-15)
(0.828567 -4.69171 -6.92207e-15)
(0.720008 -4.73652 -7.69633e-15)
(0.593622 -4.77698 -7.73099e-15)
(0.44945 -4.81301 -7.29063e-15)
(0.28756 -4.84455 -7.84354e-15)
(0.107999 -4.87163 -8.12982e-15)
(-0.0893752 -4.89433 -7.54735e-15)
(-0.306384 -4.9112 -9.07392e-15)
(-0.542132 -4.92101 -9.79392e-15)
(-0.794995 -4.92583 -8.80571e-15)
(-1.0656 -4.92548 -8.43784e-15)
(-1.3548 -4.91994 -9.51234e-15)
(-1.6637 -4.91095 -8.47991e-15)
(-1.98464 -4.90185 -8.78151e-15)
(-2.32072 -4.88248 -9.17015e-15)
(-2.67141 -4.85178 -9.08548e-15)
(-3.03386 -4.81028 -8.87146e-15)
(-3.40528 -4.75564 -7.61694e-15)
(-3.7795 -4.68893 -8.34217e-15)
(-4.15046 -4.60944 -7.79882e-15)
(-4.50848 -4.51677 -6.93375e-15)
(-4.84742 -4.40623 -8.52826e-15)
(-5.15246 -4.278 -7.79664e-15)
(-5.43906 -4.15833 -8.48317e-15)
(-5.66002 -4.0224 -9.74534e-15)
(-5.81734 -3.87998 -1.08111e-14)
(-5.91556 -3.73027 -1.03052e-14)
(-5.9478 -3.58853 -8.97596e-15)
(-5.91449 -3.44881 -8.15067e-15)
(-5.81439 -3.319 -8.73709e-15)
(-5.65051 -3.20038 -1.00353e-14)
(-5.43551 -3.09302 -8.96826e-15)
(-5.18277 -2.99658 -8.35606e-15)
(-4.9051 -2.9099 -9.22557e-15)
(-4.61399 -2.83142 -9.7056e-15)
(-4.31913 -2.75949 -8.86862e-15)
(-4.02805 -2.69265 -8.95698e-15)
(-3.74611 -2.62973 -7.18051e-15)
)
;
    }
    inlet
    {
        type            calculated;
        value           uniform (0 0 0);
    }
    rWedge
    {
        type            wedge;
    }
    lWedge
    {
        type            wedge;
    }
    outlet
    {
        type            calculated;
        value           nonuniform 0();
    }
    procBoundary2to0
    {
        type            processor;
        value           uniform (0 0 0);
    }
    procBoundary2to1
    {
        type            processor;
        value           uniform (0 0 0);
    }
    procBoundary2to3
    {
        type            processor;
        value           uniform (0 0 0);
    }
}


// ************************************************************************* //
