/*--------------------------------*- C++ -*----------------------------------*\
| =========                 |                                                 |
| \\      /  F ield         | OpenFOAM: The Open Source CFD Toolbox           |
|  \\    /   O peration     | Version:  v1706                                 |
|   \\  /    A nd           | Web:      www.OpenFOAM.com                      |
|    \\/     M anipulation  |                                                 |
\*---------------------------------------------------------------------------*/
FoamFile
{
    version     2.0;
    format      ascii;
    class       volVectorField;
    location    "3.8e-05";
    object      wallShearStress;
}
// * * * * * * * * * * * * * * * * * * * * * * * * * * * * * * * * * * * * * //

dimensions      [1 -1 -2 0 0 0 0];


internalField   uniform (0 0 0);

boundaryField
{
    cone
    {
        type            calculated;
        value           nonuniform List<vector> 
181
(
(-25.4234 -12.5613 -2.02116e-15)
(-25.1349 -12.4225 -1.39147e-15)
(-24.8491 -12.2848 -4.46084e-16)
(-24.566 -12.1483 -2.01712e-15)
(-24.2855 -12.0127 -1.54781e-15)
(-24.0077 -11.8783 -1.87268e-15)
(-23.7327 -11.7449 -2.39374e-15)
(-23.4604 -11.6127 -3.26039e-15)
(-23.1909 -11.4816 -2.9378e-15)
(-22.9242 -11.3517 -1.64175e-15)
(-22.6605 -11.2229 -2.60773e-15)
(-22.3997 -11.0954 -2.53104e-15)
(-22.1418 -10.9692 -3.52608e-15)
(-21.8869 -10.8441 -2.74371e-15)
(-21.6351 -10.7204 -2.30861e-15)
(-21.3862 -10.5979 -1.81432e-15)
(-21.1404 -10.4768 -2.70753e-15)
(-20.8977 -10.3569 -2.48177e-15)
(-20.6581 -10.2384 -2.94932e-15)
(-20.4216 -10.1212 4.07053e-16)
(-20.1882 -10.0054 9.10965e-16)
(-19.9579 -9.8909 3.9539e-16)
(-19.7307 -9.77778 -6.52169e-16)
(-19.5066 -9.66604 -2.21856e-16)
(-19.2857 -9.55568 -8.98236e-16)
(-19.0679 -9.4467 -1.02768e-16)
(-18.8532 -9.33912 -8.37184e-16)
(-18.6417 -9.23294 -1.07611e-15)
(-18.4332 -9.12817 -2.08698e-15)
(-18.2278 -9.0248 -2.75659e-15)
(-18.0255 -8.92285 -1.69859e-15)
(-17.8263 -8.82232 2.3632e-16)
(-17.6301 -8.72322 -1.01371e-15)
(-17.4369 -8.62554 -2.5094e-15)
(-17.2468 -8.52928 1.49533e-15)
(-17.0597 -8.43445 4.72935e-16)
(-16.8755 -8.34104 2.81045e-15)
(-16.6944 -8.24905 -2.28969e-16)
(-16.5162 -8.15847 -1.19799e-15)
(-16.3409 -8.06929 -2.87325e-15)
(-16.1686 -7.98152 1.74768e-16)
(-15.9992 -7.89513 5.8023e-16)
(-15.8326 -7.81013 1.06131e-15)
(-15.6689 -7.72649 -2.56171e-15)
(-15.508 -7.64422 -3.73967e-15)
(-15.3499 -7.56328 -1.48555e-15)
(-15.1946 -7.48369 -1.93407e-15)
(-15.042 -7.40541 9.00282e-16)
(-14.8921 -7.32843 -1.74968e-15)
(-14.7449 -7.25275 2.69488e-16)
(-14.6003 -7.17835 1.6969e-15)
(-14.4583 -7.10521 1.42103e-15)
(-14.3189 -7.03333 -1.10102e-15)
(-14.1821 -6.96269 -2.11881e-15)
(-14.0477 -6.89327 -3.76762e-15)
(-13.9158 -6.82507 -3.64485e-15)
(-13.7864 -6.75808 -2.68248e-16)
(-13.6593 -6.69228 -2.63722e-16)
(-13.5346 -6.62766 -2.13507e-16)
(-13.4122 -6.56422 -1.21757e-15)
(-13.2921 -6.50195 -2.22275e-15)
(-13.1742 -6.44082 -2.12926e-15)
(-13.0586 -6.38084 -2.09607e-15)
(-12.9451 -6.32199 -1.53741e-15)
(-12.8338 -6.26425 -2.76281e-15)
(-12.7247 -6.20761 -9.2936e-16)
(-12.6176 -6.15207 -1.69375e-15)
(-12.5125 -6.0976 -4.56446e-15)
(-12.4094 -6.04421 -6.9729e-16)
(-12.3083 -5.99189 -1.81989e-15)
(-12.209 -5.94066 -4.27814e-15)
(-12.1115 -5.89055 -3.02574e-15)
(-12.0157 -5.84158 -3.49555e-15)
(-11.9216 -5.79382 -2.62079e-15)
(-11.8293 -5.74731 -2.58242e-15)
(-11.7388 -5.70212 -1.44402e-15)
(-11.6501 -5.65831 -1.87142e-15)
(-11.5636 -5.61589 -1.46776e-15)
(-11.4794 -5.57488 9.99352e-17)
(-11.3981 -5.53518 -4.63211e-15)
(-11.32 -5.49664 -5.29963e-15)
(-11.2456 -5.45901 -2.91901e-15)
(-11.1754 -5.42192 -4.19753e-15)
(-11.1097 -5.38489 -4.33723e-15)
(-11.0487 -5.34737 -3.87437e-15)
(-10.9923 -5.30869 -3.2288e-15)
(-10.94 -5.26823 -2.49891e-15)
(-10.8911 -5.22535 -4.04829e-15)
(-10.844 -5.17959 -4.21634e-15)
(-10.7971 -5.13066 -2.94393e-15)
(-10.7481 -5.07846 -5.33512e-15)
(-10.6948 -5.02298 -5.14261e-15)
(-10.6351 -4.96372 -6.71727e-15)
(-10.5621 -4.90508 -5.52265e-15)
(-10.4763 -4.84885 -6.63825e-15)
(-10.3776 -4.79209 -6.68471e-15)
(-10.2616 -4.73992 -5.86943e-15)
(-10.1276 -4.695 -6.95599e-15)
(-9.97535 -4.66113 -4.69574e-15)
(-9.80752 -4.64188 -3.90292e-15)
(-9.62605 -4.63825 -5.81338e-15)
(-9.43691 -4.65264 -6.56162e-15)
(-9.25394 -4.68519 -5.35442e-15)
(-9.08663 -4.72991 -6.29882e-15)
(-8.93739 -4.78868 -3.75033e-15)
(-8.80834 -4.86489 -5.77855e-15)
(-8.70949 -4.95736 -2.42119e-15)
(-8.65001 -5.06481 -3.7079e-15)
(-8.64528 -5.17411 -3.6195e-15)
(-8.7075 -5.28393 -4.37377e-15)
(-8.84305 -5.38387 -3.38174e-15)
(-9.05521 -5.46524 -4.11382e-15)
(-9.34403 -5.51902 -2.67994e-15)
(-9.70495 -5.53625 -6.68028e-16)
(-10.1274 -5.50908 -7.25697e-16)
(-10.5964 -5.43036 -3.07193e-16)
(-11.0971 -5.29195 -3.6618e-15)
(-11.581 -5.06639 5.87141e-16)
(-12.076 -4.7904 -5.48414e-15)
(-12.5015 -4.44302 -4.6517e-15)
(-12.8136 -4.01793 -4.63578e-15)
(-12.9974 -3.5459 -5.64392e-15)
(-13.023 -3.04435 -3.68989e-15)
(-12.859 -2.53169 -5.10936e-15)
(-12.4984 -2.04076 -3.7349e-15)
(-11.9449 -1.60278 -7.37334e-15)
(-11.2141 -1.24661 -1.82502e-15)
(-10.3334 -0.995799 -6.42512e-15)
(-9.34008 -0.864837 -2.76315e-15)
(-8.27798 -0.856908 -7.88593e-15)
(-7.19249 -0.964265 -7.20055e-15)
(-6.12491 -1.17132 -4.21354e-15)
(-5.10971 -1.46096 -2.13437e-15)
(-4.15991 -1.83157 -5.28628e-15)
(-3.33569 -2.26646 -4.81227e-15)
(-2.5536 -2.70454 -4.85419e-15)
(-1.92438 -3.19317 -6.6506e-15)
(-1.42341 -3.70326 -6.88641e-15)
(-1.05106 -4.22705 -7.77675e-15)
(-0.810039 -4.75439 -3.91709e-15)
(-0.72091 -5.27237 -1.7992e-15)
(-0.789864 -5.78267 -6.71114e-15)
(-1.02674 -6.27 -8.35415e-15)
(-1.43896 -6.72353 -8.52642e-15)
(-2.03073 -7.13187 -5.85976e-15)
(-2.80165 -7.48267 -5.37804e-15)
(-3.74473 -7.7631 -5.14348e-15)
(-4.84435 -7.96055 -6.22172e-15)
(-6.07467 -8.06384 -1.13607e-14)
(-7.39891 -8.06474 -9.22427e-15)
(-8.77011 -7.96011 -8.00767e-15)
(-10.1339 -7.75416 -5.69025e-15)
(-11.4369 -7.45677 -3.83355e-15)
(-12.6419 -7.07166 -8.05636e-15)
(-13.6775 -6.57648 -6.49906e-15)
(-14.5943 -6.05014 -5.40279e-15)
(-15.3262 -5.47052 -7.1964e-15)
(-15.8565 -4.81173 -1.00578e-14)
(-16.2243 -4.09095 -1.0692e-14)
(-16.4227 -3.32372 -8.81099e-15)
(-16.4492 -2.50376 -8.25801e-15)
(-16.3045 -1.65218 -6.28218e-15)
(-15.9867 -0.790513 -9.54637e-15)
(-15.4995 0.0525123 -1.04434e-14)
(-14.8501 0.844386 -2.86172e-15)
(-14.0524 1.55266 -2.65673e-15)
(-13.1267 2.14837 -1.29217e-14)
(-12.0992 2.60973 -1.75178e-14)
(-10.9999 2.92456 -3.34545e-14)
(-9.86062 3.09129 -5.45842e-14)
(-8.71209 3.11819 -9.39564e-14)
(-7.58223 3.02136 -1.65085e-13)
(-6.49451 2.82194 -2.79661e-13)
(-5.4672 2.54327 -4.52504e-13)
(-4.51323 2.20844 -7.04893e-13)
(-3.64043 1.83823 -1.06293e-12)
(-2.85196 1.44971 -1.55241e-12)
(-2.14652 1.05514 -2.18772e-12)
(-1.52063 0.661752 -2.97378e-12)
(-0.968959 0.264799 -3.92276e-12)
(-0.496087 -0.116865 -5.0087e-12)
)
;
    }
    inlet
    {
        type            calculated;
        value           uniform (0 0 0);
    }
    rWedge
    {
        type            wedge;
    }
    lWedge
    {
        type            wedge;
    }
    outlet
    {
        type            calculated;
        value           nonuniform 0();
    }
    procBoundary1to0
    {
        type            processor;
        value           uniform (0 0 0);
    }
    procBoundary1to2
    {
        type            processor;
        value           uniform (0 0 0);
    }
}


// ************************************************************************* //
