/*--------------------------------*- C++ -*----------------------------------*\
| =========                 |                                                 |
| \\      /  F ield         | OpenFOAM: The Open Source CFD Toolbox           |
|  \\    /   O peration     | Version:  v1706                                 |
|   \\  /    A nd           | Web:      www.OpenFOAM.com                      |
|    \\/     M anipulation  |                                                 |
\*---------------------------------------------------------------------------*/
FoamFile
{
    version     2.0;
    format      ascii;
    class       volVectorField;
    location    "3.5e-05";
    object      wallShearStress;
}
// * * * * * * * * * * * * * * * * * * * * * * * * * * * * * * * * * * * * * //

dimensions      [1 -1 -2 0 0 0 0];


internalField   uniform (0 0 0);

boundaryField
{
    cone
    {
        type            calculated;
        value           nonuniform List<vector> 
147
(
(-0.522211 -0.533075 -6.94118e-14)
(-0.533164 -0.842064 -1.67425e-13)
(-0.544579 -1.17019 -3.29032e-13)
(-0.561382 -1.4967 -4.38377e-13)
(-0.58173 -1.82598 -5.41592e-13)
(-0.605842 -2.15546 -6.2169e-13)
(-0.633663 -2.48518 -7.09504e-13)
(-0.66516 -2.81472 -7.96046e-13)
(-0.70056 -3.1441 -8.78674e-13)
(-0.739135 -3.47526 -9.282e-13)
(-0.780285 -3.8078 -1.00163e-12)
(-0.825961 -4.13894 -1.06168e-12)
(-0.876244 -4.46773 -1.10622e-12)
(-0.930631 -4.7945 -1.13251e-12)
(-0.98883 -5.11963 -1.16845e-12)
(-1.05076 -5.44328 -1.19316e-12)
(-1.11641 -5.76549 -1.21472e-12)
(-1.18576 -6.08621 -1.23382e-12)
(-1.25879 -6.4054 -1.2478e-12)
(-1.33548 -6.72297 -1.26327e-12)
(-1.41579 -7.03888 -1.26794e-12)
(-1.4997 -7.35303 -1.26546e-12)
(-1.58718 -7.66538 -1.25777e-12)
(-1.67818 -7.97583 -1.25516e-12)
(-1.77269 -8.28432 -1.24238e-12)
(-1.87066 -8.59076 -1.23017e-12)
(-1.97206 -8.89509 -1.21323e-12)
(-2.07685 -9.19723 -1.20518e-12)
(-2.185 -9.49711 -1.18491e-12)
(-2.29645 -9.79464 -1.16398e-12)
(-2.41117 -10.0898 -1.14532e-12)
(-2.52912 -10.3824 -1.12316e-12)
(-2.65025 -10.6725 -1.09822e-12)
(-2.77452 -10.9599 -1.07621e-12)
(-2.90188 -11.2446 -1.05213e-12)
(-3.03227 -11.5266 -1.0325e-12)
(-3.16566 -11.8057 -1.00861e-12)
(-3.30199 -12.0819 -9.8127e-13)
(-3.44121 -12.3552 -9.54981e-13)
(-3.58327 -12.6254 -9.26879e-13)
(-3.72811 -12.8925 -9.0386e-13)
(-3.87567 -13.1564 -8.88898e-13)
(-4.02591 -13.4171 -8.66627e-13)
(-4.17876 -13.6745 -8.36838e-13)
(-4.33417 -13.9286 -8.13011e-13)
(-4.49208 -14.1792 -7.91593e-13)
(-4.65242 -14.4264 -7.72116e-13)
(-4.81514 -14.6701 -7.49048e-13)
(-4.98018 -14.9102 -7.26046e-13)
(-5.14747 -15.1466 -7.00546e-13)
(-5.31695 -15.3794 -6.82974e-13)
(-5.48856 -15.6085 -6.62842e-13)
(-5.66223 -15.8338 -6.44861e-13)
(-5.8379 -16.0553 -6.24225e-13)
(-6.01551 -16.2729 -6.0671e-13)
(-6.19498 -16.4866 -5.89137e-13)
(-6.37625 -16.6963 -5.72619e-13)
(-6.55925 -16.902 -5.52709e-13)
(-6.74392 -17.1037 -5.3862e-13)
(-6.93019 -17.3014 -5.19961e-13)
(-7.11798 -17.4949 -5.05003e-13)
(-7.30723 -17.6842 -4.93347e-13)
(-7.49786 -17.8694 -4.82493e-13)
(-7.68982 -18.0504 -4.69583e-13)
(-7.88302 -18.2271 -4.53348e-13)
(-8.07739 -18.3995 -4.38714e-13)
(-8.27286 -18.5676 -4.26121e-13)
(-8.46937 -18.7314 -4.10926e-13)
(-8.66684 -18.8909 -4.00213e-13)
(-8.86518 -19.0459 -3.86018e-13)
(-9.06434 -19.1965 -3.81432e-13)
(-9.26423 -19.3427 -3.71949e-13)
(-9.46479 -19.4844 -3.63009e-13)
(-9.66594 -19.6217 -3.46084e-13)
(-9.8676 -19.7544 -3.38162e-13)
(-10.0697 -19.8827 -3.25742e-13)
(-10.2722 -20.0064 -3.15639e-13)
(-10.4749 -20.1256 -3.05736e-13)
(-10.6779 -20.2403 -2.98327e-13)
(-10.881 -20.3504 -2.8821e-13)
(-11.0842 -20.4559 -2.81032e-13)
(-11.2874 -20.5569 -2.74428e-13)
(-11.4905 -20.6533 -2.6608e-13)
(-11.6934 -20.7451 -2.6035e-13)
(-11.8961 -20.8323 -2.50163e-13)
(-12.0985 -20.915 -2.44628e-13)
(-12.3005 -20.993 -2.37336e-13)
(-12.502 -21.0665 -2.33011e-13)
(-12.703 -21.1354 -2.26403e-13)
(-12.9034 -21.1997 -2.21688e-13)
(-13.1031 -21.2595 -2.14984e-13)
(-13.3021 -21.3147 -2.09105e-13)
(-13.5002 -21.3654 -2.01894e-13)
(-13.6975 -21.4115 -1.94985e-13)
(-13.8937 -21.4531 -1.89459e-13)
(-14.089 -21.4902 -1.8626e-13)
(-14.283 -21.5228 -1.81005e-13)
(-14.4759 -21.551 -1.7795e-13)
(-14.6676 -21.5746 -1.72739e-13)
(-14.8579 -21.5938 -1.6756e-13)
(-15.0468 -21.6086 -1.63752e-13)
(-15.2341 -21.619 -1.58507e-13)
(-15.42 -21.625 -1.5678e-13)
(-15.6042 -21.6266 -1.50181e-13)
(-15.7868 -21.6239 -1.45913e-13)
(-15.9675 -21.6168 -1.44417e-13)
(-16.1465 -21.6055 -1.41074e-13)
(-16.3235 -21.5899 -1.36138e-13)
(-16.4985 -21.57 -1.35671e-13)
(-16.6715 -21.546 -1.3159e-13)
(-16.8424 -21.5177 -1.26976e-13)
(-17.0111 -21.4853 -1.24152e-13)
(-17.1776 -21.4488 -1.23018e-13)
(-17.3417 -21.4081 -1.18687e-13)
(-17.5034 -21.3634 -1.16297e-13)
(-17.6627 -21.3147 -1.12098e-13)
(-17.8194 -21.262 -1.09944e-13)
(-17.9736 -21.2053 -1.04636e-13)
(-18.1251 -21.1446 -1.00705e-13)
(-18.2738 -21.0801 -9.96033e-14)
(-18.4197 -21.0118 -9.70545e-14)
(-18.5628 -20.9396 -9.4866e-14)
(-18.7029 -20.8636 -9.34755e-14)
(-18.84 -20.7839 -9.04278e-14)
(-18.974 -20.7005 -8.66449e-14)
(-19.1049 -20.6134 -8.5694e-14)
(-19.2325 -20.5227 -8.27057e-14)
(-19.3569 -20.4284 -7.97096e-14)
(-19.4779 -20.3306 -7.73405e-14)
(-19.5954 -20.2292 -7.47256e-14)
(-19.7094 -20.1244 -7.34013e-14)
(-19.8198 -20.0162 -7.07099e-14)
(-19.9266 -19.9046 -6.91261e-14)
(-20.0296 -19.7897 -6.61596e-14)
(-20.1288 -19.6715 -6.44172e-14)
(-20.2241 -19.55 -6.23904e-14)
(-20.3155 -19.4253 -6.16399e-14)
(-20.4028 -19.2974 -6.00312e-14)
(-20.486 -19.1664 -5.82722e-14)
(-20.565 -19.0324 -5.74041e-14)
(-20.6398 -18.8953 -5.64837e-14)
(-20.7101 -18.7554 -5.52038e-14)
(-20.7758 -18.6126 -5.3854e-14)
(-20.8367 -18.4668 -5.2547e-14)
(-20.8927 -18.3181 -5.0377e-14)
(-20.9441 -18.1663 -4.94542e-14)
(-0.556638 -0.235924 -1.49412e-14)
)
;
    }
    inlet
    {
        type            calculated;
        value           uniform (0 0 0);
    }
    rWedge
    {
        type            wedge;
    }
    lWedge
    {
        type            wedge;
    }
    outlet
    {
        type            calculated;
        value           nonuniform 0();
    }
    procBoundary3to2
    {
        type            processor;
        value           uniform (0 0 0);
    }
}


// ************************************************************************* //
