/*--------------------------------*- C++ -*----------------------------------*\
| =========                 |                                                 |
| \\      /  F ield         | OpenFOAM: The Open Source CFD Toolbox           |
|  \\    /   O peration     | Version:  v1706                                 |
|   \\  /    A nd           | Web:      www.OpenFOAM.com                      |
|    \\/     M anipulation  |                                                 |
\*---------------------------------------------------------------------------*/
FoamFile
{
    version     2.0;
    format      ascii;
    class       volVectorField;
    location    "3.6e-05";
    object      wallShearStress;
}
// * * * * * * * * * * * * * * * * * * * * * * * * * * * * * * * * * * * * * //

dimensions      [1 -1 -2 0 0 0 0];


internalField   uniform (0 0 0);

boundaryField
{
    cone
    {
        type            calculated;
        value           nonuniform List<vector> 
119
(
(-0.0775243 -4.11734 -1.14691e-11)
(-0.406281 -4.13721 -1.39694e-11)
(-0.740412 -4.14287 -1.64832e-11)
(-1.07486 -4.13657 -1.88345e-11)
(-1.40526 -4.12035 -2.08335e-11)
(-1.72805 -4.09589 -2.22941e-11)
(-2.04053 -4.06442 -2.30943e-11)
(-2.34084 -4.02667 -2.31624e-11)
(-2.62786 -3.98289 -2.25101e-11)
(-2.90112 -3.93281 -2.12141e-11)
(-3.16064 -3.87571 -1.94066e-11)
(-3.40675 -3.81053 -1.72531e-11)
(-3.63985 -3.73602 -1.49165e-11)
(-3.86026 -3.65092 -1.25556e-11)
(-4.06802 -3.55415 -1.02918e-11)
(-4.26291 -3.44498 -8.2171e-12)
(-4.44449 -3.32298 -6.37072e-12)
(-4.61245 -3.18759 -4.79553e-12)
(-4.76796 -3.03629 -3.48432e-12)
(-4.90224 -2.86817 -2.42111e-12)
(-5.02777 -2.69505 -1.58936e-12)
(-5.13226 -2.50834 -9.39422e-13)
(-5.21666 -2.31071 -4.56664e-13)
(-5.28204 -2.1057 -9.51632e-14)
(-5.32742 -1.89497 1.56049e-13)
(-5.35235 -1.68089 3.23797e-13)
(-5.35672 -1.4658 4.31799e-13)
(-5.34108 -1.25238 4.94746e-13)
(-5.3056 -1.04278 5.30105e-13)
(-5.25133 -0.839478 5.45798e-13)
(-5.17928 -0.644791 5.4366e-13)
(-5.09062 -0.460881 5.30764e-13)
(-4.98661 -0.28983 5.23417e-13)
(-4.8686 -0.133589 5.02326e-13)
(-4.73792 0.00601887 4.88924e-13)
(-4.59598 0.127372 4.71747e-13)
(-4.44427 0.229128 4.57968e-13)
(-4.28439 0.310342 4.38433e-13)
(-4.11816 0.370596 4.24158e-13)
(-3.94754 0.410046 4.09111e-13)
(-3.77468 0.429485 3.89716e-13)
(-3.60181 0.430255 3.79236e-13)
(-3.43114 0.414147 3.64164e-13)
(-3.26479 0.383249 3.47675e-13)
(-3.10464 0.339777 3.35267e-13)
(-2.9523 0.28602 3.17983e-13)
(-2.80912 0.22423 3.10038e-13)
(-2.67624 0.156623 3.02183e-13)
(-2.55477 0.085466 2.8128e-13)
(-2.44572 0.0131593 2.67436e-13)
(-2.34987 -0.0577706 2.52012e-13)
(-2.26785 -0.124733 2.35799e-13)
(-2.20016 -0.185126 2.21711e-13)
(-2.14703 -0.23639 2.07925e-13)
(-2.10836 -0.276084 1.88866e-13)
(-2.08363 -0.301983 1.80271e-13)
(-2.07185 -0.312042 1.67483e-13)
(-2.07132 -0.305321 1.49694e-13)
(-2.07952 -0.281541 1.35445e-13)
(-2.09432 -0.239744 1.24445e-13)
(-2.11283 -0.18008 1.13808e-13)
(-2.13162 -0.103482 1.0392e-13)
(-2.14689 -0.0116448 9.34323e-14)
(-2.1546 0.0929365 8.2257e-14)
(-2.15061 0.20695 7.33368e-14)
(-2.13084 0.3263 6.26962e-14)
(-2.09158 0.446197 5.63673e-14)
(-2.02969 0.561352 4.77173e-14)
(-1.94288 0.666257 4.13371e-14)
(-1.82996 0.755528 3.57214e-14)
(-1.69111 0.824321 3.15177e-14)
(-1.52798 0.868714 2.65286e-14)
(-1.34366 0.886066 2.18875e-14)
(-1.14259 0.875244 2.10429e-14)
(-0.930211 0.836783 1.68596e-14)
(-0.712389 0.772522 1.59795e-14)
(-0.494036 0.684151 1.35252e-14)
(-0.288435 0.573506 9.98398e-15)
(-0.0893235 0.455584 1.04051e-14)
(0.0909957 0.329607 5.2446e-15)
(0.244531 0.198729 7.75142e-15)
(0.371713 0.0708991 6.15861e-15)
(0.469902 -0.051109 3.26195e-15)
(0.536993 -0.165772 3.11593e-15)
(0.571052 -0.267917 2.83747e-15)
(0.570347 -0.355927 5.56666e-15)
(0.533097 -0.426767 3.00129e-15)
(0.459288 -0.476501 -1.78258e-15)
(0.35058 -0.502645 -2.50369e-16)
(0.210538 -0.503493 -4.8586e-16)
(0.0442512 -0.477691 -8.56632e-16)
(-0.141426 -0.425117 -1.43056e-15)
(-0.337385 -0.349085 -4.48552e-15)
(-0.532621 -0.256506 -1.91078e-15)
(-0.715707 -0.156409 -2.32456e-15)
(-0.87691 -0.0564538 -4.19124e-15)
(-1.00848 0.0335057 -8.11686e-15)
(-1.1034 0.101353 -3.9709e-17)
(-1.15502 0.136357 -1.39224e-15)
(-1.16621 0.131067 3.73422e-15)
(-1.14394 0.0882062 2.55633e-15)
(-1.09197 0.00278524 -1.9777e-15)
(-1.02138 -0.123439 -2.40361e-16)
(-0.94555 -0.285725 1.16882e-15)
(-0.878816 -0.475258 -7.29031e-15)
(-0.833215 -0.684235 -3.75511e-15)
(-0.818105 -0.903826 -6.34394e-15)
(-0.839977 -1.12496 -5.89863e-15)
(-0.898995 -1.33745 -5.53325e-15)
(-0.995785 -1.53166 -3.66835e-15)
(-1.12538 -1.69751 -2.95879e-15)
(-1.28096 -1.82613 -4.93367e-15)
(-1.45479 -1.91193 7.08878e-16)
(-1.64266 -1.95493 -4.21825e-15)
(-1.84433 -1.96632 2.10859e-16)
(-2.07373 -1.96159 -4.03223e-15)
(-2.32393 -1.93231 -4.29301e-15)
(-2.51705 -1.85591 -1.35886e-15)
(-2.68535 -1.823 -3.5999e-15)
)
;
    }
    inlet
    {
        type            calculated;
        value           uniform (0 0 0);
    }
    rWedge
    {
        type            wedge;
    }
    lWedge
    {
        type            wedge;
    }
    outlet
    {
        type            calculated;
        value           uniform (0 0 0);
    }
    procBoundary0to1
    {
        type            processor;
        value           uniform (0 0 0);
    }
    procBoundary0to2
    {
        type            processor;
        value           uniform (0 0 0);
    }
}


// ************************************************************************* //
